測站編號,時間,陣風_風速,風速,風向,氣壓,氣溫,海面溫度,示性波高,平均週期,波向,波浪尖峰週期,流速,分層流速{深度:流速},流向,分層流向{深度:流向},流速(節),潮高
StationID,time,Wind_Gust_Speed,Wind_Speed,Wind_Direction,Air_Pressure,Air_Temperature,Sea_Temperature,Wave_Height_Significant,Wave_Mean_Period,Wave_Main_Direction,Wave_Peak_Period,Current_Speed,Current_Speed_Layer,Current_Direction,Current_Direction_Layer,Current_Speed_knot,Tide_Height
,UTC+8,m/s,m/s,degree,hPa,C,C,m,sec,degree,sec,m/s,m/s,degree,degree,knot,m
Vector_CWB_FB_46714D,"2011-01-01 00:00:00",5.1,2.5,41,1015.8,18.5,24.2,1.02,5,202,8.7,,,,,,
Vector_CWB_FB_46714D,"2011-01-01 01:00:00",5.3,4,52,1014.4,18.1,23.9,0.91,4.7,281,6.1,,,,,,
Vector_CWB_FB_46714D,"2011-01-01 02:00:00",5.6,4.3,36,1015,18,24.1,0.94,4.9,168,8.7,,,,,,
Vector_CWB_FB_46714D,"2011-01-01 03:00:00",3.3,2.4,346,1014.1,17,23.9,1.02,4.8,168,10.4,,,,,,
Vector_CWB_FB_46714D,"2011-01-01 04:00:00",4.9,3.3,337,1014,16.3,23.9,1.06,4.8,180,8,,,,,,
Vector_CWB_FB_46714D,"2011-01-01 05:00:00",5,3.2,333,1016,16.5,24.2,0.99,4.8,168,8,,,,,,
Vector_CWB_FB_46714D,"2011-01-01 06:00:00",3.9,2.8,329,1015.2,15.8,24.1,0.86,4.8,146,8.7,,,,,,
Vector_CWB_FB_46714D,"2011-01-01 07:00:00",3,2.1,335,1016.5,16.1,24.2,0.78,4.9,168,9.5,,,,,,
Vector_CWB_FB_46714D,"2011-01-01 08:00:00",3.5,1.9,328,1017.3,16.2,24.3,0.74,5,157,8,,,,,,
Vector_CWB_FB_46714D,"2011-01-01 09:00:00",2.8,1.8,331,1018.2,16.5,24.2,0.76,4.9,112,4.3,,,,,,
Vector_CWB_FB_46714D,"2011-01-01 10:00:00",2.8,1.3,316,1017.7,16.8,24.1,0.84,5.2,168,8.7,,,,,,
Vector_CWB_FB_46714D,"2011-01-01 11:00:00",,,,1017.9,18,24.3,0.86,5.5,180,9.5,,,,,,
Vector_CWB_FB_46714D,"2011-01-01 12:00:00",3.3,1.7,275,1016.5,17.7,24.1,0.71,5.2,202,10.4,,,,,,
Vector_CWB_FB_46714D,"2011-01-01 13:00:00",4,2.3,272,1016,18.1,24.3,0.73,4.9,191,8.7,,,,,,
Vector_CWB_FB_46714D,"2011-01-01 14:00:00",5.1,3,290,1014.3,18,24.1,0.77,4.7,247,5.2,,,,,,
Vector_CWB_FB_46714D,"2011-01-01 15:00:00",4.6,2.5,289,1014.9,18.4,24.2,0.81,4.7,202,8.7,,,,,,
Vector_CWB_FB_46714D,"2011-01-01 16:00:00",4,2.2,261,1014.1,18.3,24.1,0.77,4.7,258,6.1,,,,,,
Vector_CWB_FB_46714D,"2011-01-01 17:00:00",3.5,1.7,236,1014,18.2,24.1,0.83,4.6,281,4.5,,,,,,
Vector_CWB_FB_46714D,"2011-01-01 18:00:00",4.5,1.3,134,1014.6,18.4,24.1,0.84,4.2,135,4,,,,,,
Vector_CWB_FB_46714D,"2011-01-01 19:00:00",6.4,4.4,120,1016.9,19.1,24.5,0.81,4,292,6.9,,,,,,
Vector_CWB_FB_46714D,"2011-01-01 20:00:00",7,5.6,91,1015.6,18.6,24.3,0.82,4.3,303,8.7,,,,,,
Vector_CWB_FB_46714D,"2011-01-01 21:00:00",6.4,4.4,98,1015.7,18.4,24.2,0.8,4.3,180,4.5,,,,,,
Vector_CWB_FB_46714D,"2011-01-01 22:00:00",6.2,4.2,114,1016.1,18.5,24.2,0.81,4.6,168,5.2,,,,,,
Vector_CWB_FB_46714D,"2011-01-01 23:00:00",4.3,2.6,99,1016.2,18.2,24.2,0.89,4.5,146,4.9,,,,,,
Vector_CWB_FB_46714D,"2011-01-02 00:00:00",6,3.9,68,1016.7,18.3,24.2,0.84,4.8,303,4.9,,,,,,
Vector_CWB_FB_46714D,"2011-01-02 01:00:00",4.3,2.7,9,1018.4,17.8,24.5,0.91,5.1,281,7.4,,,,,,
Vector_CWB_FB_46714D,"2011-01-02 02:00:00",4.4,3.1,359,1018.2,17.2,24.5,0.84,4.8,123,4.3,,,,,,
Vector_CWB_FB_46714D,"2011-01-02 03:00:00",4.1,2.9,352,1017.8,17.4,24.5,1.03,5.2,270,6.5,,,,,,
Vector_CWB_FB_46714D,"2011-01-02 04:00:00",3.8,2.9,6,1017.7,17.4,24.4,0.95,5.3,292,6.9,,,,,,
Vector_CWB_FB_46714D,"2011-01-02 05:00:00",4.6,3.4,351,1016.5,16.8,24.1,0.83,4.6,191,9.5,,,,,,
Vector_CWB_FB_46714D,"2011-01-02 06:00:00",4.5,3.1,16,1016.8,16.9,24.1,0.83,4.7,281,5.4,,,,,,
Vector_CWB_FB_46714D,"2011-01-02 07:00:00",4.7,3,15,1018.8,17.2,24.3,0.75,4.7,157,7.4,,,,,,
Vector_CWB_FB_46714D,"2011-01-02 08:00:00",3.2,2.2,1,1019.3,17.7,24.3,0.66,4.7,168,8,,,,,,
Vector_CWB_FB_46714D,"2011-01-02 09:00:00",4.5,3.1,336,1019.8,17.8,24.3,0.57,5.2,157,8.7,,,,,,
Vector_CWB_FB_46714D,"2011-01-02 10:00:00",4.1,2.7,342,1020,17.9,24.4,0.51,5,168,10.4,,,,,,
Vector_CWB_FB_46714D,"2011-01-02 11:00:00",3.7,2.3,337,1019.5,18.3,24.3,0.57,5.2,157,8,,,,,,
Vector_CWB_FB_46714D,"2011-01-02 12:00:00",3.4,2.1,318,1018.3,18.3,24.3,0.72,5.2,247,6.1,,,,,,
Vector_CWB_FB_46714D,"2011-01-02 13:00:00",3.8,2,288,1018.2,18.8,24.4,0.69,5,247,6.9,,,,,,
Vector_CWB_FB_46714D,"2011-01-02 14:00:00",3,1.8,277,1017.6,19.3,24.4,0.58,5,247,6.1,,,,,,
Vector_CWB_FB_46714D,"2011-01-02 15:00:00",3.2,1.8,305,1016.9,19.3,24.3,0.61,4.9,236,4.5,,,,,,
Vector_CWB_FB_46714D,"2011-01-02 16:00:00",3.3,2,311,1017,19.4,24.3,0.68,5.1,247,7.4,,,,,,
Vector_CWB_FB_46714D,"2011-01-02 17:00:00",3.1,1.6,276,1017.4,19.2,24.3,0.73,5.2,270,5.8,,,,,,
Vector_CWB_FB_46714D,"2011-01-02 18:00:00",2.6,1.3,290,1017.8,19.3,24.4,0.77,5,292,6.5,,,,,,
Vector_CWB_FB_46714D,"2011-01-02 19:00:00",2.5,1.3,313,1018.2,19.3,24.3,0.83,5.2,180,9.5,,,,,,
Vector_CWB_FB_46714D,"2011-01-02 20:00:00",3,1.6,333,1017,18.9,24.1,0.68,4.8,303,8,,,,,,
Vector_CWB_FB_46714D,"2011-01-02 21:00:00",1.8,1.1,349,1017.1,18.8,24.1,0.67,4.7,236,7.4,,,,,,
Vector_CWB_FB_46714D,"2011-01-02 22:00:00",5.1,3.1,355,1018.4,18.9,24.3,0.65,4.8,112,6.1,,,,,,
Vector_CWB_FB_46714D,"2011-01-02 23:00:00",3.2,2.2,24,1018.6,18.5,24.4,0.63,5,270,6.5,,,,,,
Vector_CWB_FB_46714D,"2011-01-03 00:00:00",2.7,1.9,2,1018.3,18.9,24.4,0.65,5.1,258,5.8,,,,,,
Vector_CWB_FB_46714D,"2011-01-03 01:00:00",2.8,1.8,33,1017.7,18.8,24.3,0.69,5.4,258,6.9,,,,,,
Vector_CWB_FB_46714D,"2011-01-03 02:00:00",3.9,2.9,19,1017,18.6,24.3,0.6,5.5,225,7.4,,,,,,
Vector_CWB_FB_46714D,"2011-01-03 03:00:00",2.4,1.7,25,1016.6,18.1,24.3,0.7,5.4,180,8.7,,,,,,
Vector_CWB_FB_46714D,"2011-01-03 04:00:00",2.3,1.6,11,1016.7,18.6,24.3,0.64,5.2,168,9.5,,,,,,
Vector_CWB_FB_46714D,"2011-01-03 05:00:00",2.9,2.1,25,1016.7,18.4,24.3,0.8,5.5,146,9.5,,,,,,
Vector_CWB_FB_46714D,"2011-01-03 06:00:00",4,3,11,1016.9,17.9,24.3,0.64,5.1,157,9.5,,,,,,
Vector_CWB_FB_46714D,"2011-01-03 07:00:00",3.3,2.6,14,1017.7,18,24.3,0.68,5.3,146,9.5,,,,,,
Vector_CWB_FB_46714D,"2011-01-03 08:00:00",4.3,3.2,22,1018.3,18.4,24.3,0.59,5.1,146,8,,,,,,
Vector_CWB_FB_46714D,"2011-01-03 09:00:00",4.7,3.2,20,1018.9,18.8,24.4,0.53,5.2,157,7.4,,,,,,
Vector_CWB_FB_46714D,"2011-01-03 10:00:00",6.5,4.6,343,1019.1,19.3,24.4,0.58,5.9,146,8.7,,,,,,
Vector_CWB_FB_46714D,"2011-01-03 11:00:00",5.2,3.3,348,1018.8,20,24.4,0.46,5.5,157,9.5,,,,,,
Vector_CWB_FB_46714D,"2011-01-03 12:00:00",4.7,2.1,345,1017.5,20.6,24.3,0.4,5.1,157,8.7,,,,,,
Vector_CWB_FB_46714D,"2011-01-03 13:00:00",5.3,3.5,301,1016.4,20.8,24.4,0.61,5.2,213,9.5,,,,,,
Vector_CWB_FB_46714D,"2011-01-03 14:00:00",7.9,4.5,301,1015.9,20.6,24.4,0.49,5.1,213,7.4,,,,,,
Vector_CWB_FB_46714D,"2011-01-03 15:00:00",8.4,6,340,1015.7,20,24.3,0.59,5.4,191,8,,,,,,
Vector_CWB_FB_46714D,"2011-01-03 16:00:00",5,3.9,342,1015.4,20.4,24.3,0.51,5.3,258,6.1,,,,,,
Vector_CWB_FB_46714D,"2011-01-03 17:00:00",4.8,3.3,339,1016,19.9,24.3,0.56,5.1,202,8,,,,,,
Vector_CWB_FB_46714D,"2011-01-03 18:00:00",4.7,3.2,335,1016.4,19.8,24.2,0.7,5.1,213,8,,,,,,
Vector_CWB_FB_46714D,"2011-01-03 19:00:00",5.4,3.8,337,1017,19.8,24.2,0.78,5.1,225,8,,,,,,
Vector_CWB_FB_46714D,"2011-01-03 20:00:00",5.3,3,355,1017,19.9,24.2,0.81,5.2,202,8,,,,,,
Vector_CWB_FB_46714D,"2011-01-03 21:00:00",7.6,5.2,350,1017.6,18.5,24.1,0.78,4.9,180,7.4,,,,,,
Vector_CWB_FB_46714D,"2011-01-03 22:00:00",7.9,5.9,353,1018,17.4,24.2,0.7,4.7,236,6.9,,,,,,
Vector_CWB_FB_46714D,"2011-01-03 23:00:00",6.2,4.1,359,1018.1,17.2,24.3,0.64,5,157,8.7,,,,,,
Vector_CWB_FB_46714D,"2011-01-04 00:00:00",8.6,6.7,341,1017.7,17.3,24.3,0.54,5,258,6.1,,,,,,
Vector_CWB_FB_46714D,"2011-01-04 01:00:00",8.8,7,357,1017.7,16.9,24.3,0.74,5.3,258,6.5,,,,,,
Vector_CWB_FB_46714D,"2011-01-04 02:00:00",9.2,7.3,10,1017.4,16.5,24.2,0.79,4.9,270,6.9,,,,,,
Vector_CWB_FB_46714D,"2011-01-04 03:00:00",4.5,3,21,1017.7,16,24.2,0.74,4.8,270,6.1,,,,,,
Vector_CWB_FB_46714D,"2011-01-04 04:00:00",4.5,3.2,4,1017.4,16.8,24.2,0.64,5.1,258,6.1,,,,,,
Vector_CWB_FB_46714D,"2011-01-04 05:00:00",6.9,5,343,1017.6,17.2,24.1,0.6,4.9,236,6.1,,,,,,
Vector_CWB_FB_46714D,"2011-01-04 06:00:00",7.2,5,350,1017.8,16.8,24.2,0.63,4.7,258,8.7,,,,,,
Vector_CWB_FB_46714D,"2011-01-04 07:00:00",7.4,5.4,355,1018,16.6,24.1,0.59,4.6,168,8.7,,,,,,
Vector_CWB_FB_46714D,"2011-01-04 08:00:00",5.5,4.3,5,1019.1,17.1,24.2,0.6,4.6,123,7.4,,,,,,
Vector_CWB_FB_46714D,"2011-01-04 09:00:00",6,4.4,25,1019.2,17.1,24.1,0.53,4.9,258,7.4,,,,,,
Vector_CWB_FB_46714D,"2011-01-04 10:00:00",5.3,3.5,341,1019.6,17.3,24.1,0.43,5.4,191,7.4,,,,,,
Vector_CWB_FB_46714D,"2011-01-04 11:00:00",5.5,3.7,347,1019.2,18.4,24,0.32,5.4,180,8,,,,,,
Vector_CWB_FB_46714D,"2011-01-04 12:00:00",6.8,5.1,323,1016.2,18.5,23.7,0.56,4.8,213,7.4,,,,,,
Vector_CWB_FB_46714D,"2011-01-04 13:00:00",6.3,4.5,325,1015.7,19.4,23.9,0.6,5.1,236,9.5,,,,,,
Vector_CWB_FB_46714D,"2011-01-04 14:00:00",7.3,5.1,327,1014.9,19.6,23.9,0.59,4.8,247,6.9,,,,,,
Vector_CWB_FB_46714D,"2011-01-04 15:00:00",7.1,5.2,326,1016.1,20.1,24.1,0.51,4.9,247,6.5,,,,,,
Vector_CWB_FB_46714D,"2011-01-04 16:00:00",6.2,4.9,338,1016,20.2,24.1,0.47,5,247,8,,,,,,
Vector_CWB_FB_46714D,"2011-01-04 17:00:00",3.2,2,336,1016.3,20.4,23.9,0.47,5,213,8,,,,,,
Vector_CWB_FB_46714D,"2011-01-04 18:00:00",,,,1015,20,23.7,0.64,4.9,258,6.9,,,,,,
Vector_CWB_FB_46714D,"2011-01-04 19:00:00",4.8,3.7,344,1016.8,20.2,24.1,0.94,5.3,270,6.5,,,,,,
Vector_CWB_FB_46714D,"2011-01-04 20:00:00",6.5,4.9,334,1017,20,24,0.75,4.7,270,5.2,,,,,,
Vector_CWB_FB_46714D,"2011-01-04 21:00:00",5.9,4.5,335,1017.3,19.2,24.1,0.7,4.7,281,6.5,,,,,,
Vector_CWB_FB_46714D,"2011-01-04 22:00:00",6,4.3,343,1017.2,18.9,24,0.64,4.6,292,6.5,,,,,,
Vector_CWB_FB_46714D,"2011-01-04 23:00:00",4.4,3.1,339,1017.4,18.9,24.2,0.57,5,112,7.4,,,,,,
Vector_CWB_FB_46714D,"2011-01-05 00:00:00",5.5,4.1,341,1017.4,18.4,24.3,0.53,5.2,135,8,,,,,,
Vector_CWB_FB_46714D,"2011-01-05 01:00:00",5.2,3.3,4,1017.7,18.4,24.3,0.47,5.2,191,6.9,,,,,,
Vector_CWB_FB_46714D,"2011-01-05 02:00:00",4.1,2.4,351,1017.2,18,24.2,0.45,5.3,146,8,,,,,,
Vector_CWB_FB_46714D,"2011-01-05 03:00:00",5.5,3.8,348,1016.7,17.7,24.2,0.49,5.1,135,7.4,,,,,,
Vector_CWB_FB_46714D,"2011-01-05 04:00:00",5.7,4.6,354,1016.6,17.3,24.1,0.6,5.1,157,5.8,,,,,,
Vector_CWB_FB_46714D,"2011-01-05 05:00:00",5.4,4.4,355,1016.9,17.2,24.1,0.66,5.3,191,7.4,,,,,,
Vector_CWB_FB_46714D,"2011-01-05 06:00:00",5.1,3.9,19,1017.1,17.5,24,0.58,5.2,270,6.9,,,,,,
Vector_CWB_FB_46714D,"2011-01-05 07:00:00",3.8,2.8,6,1017.5,17.4,24,0.57,5.3,157,8,,,,,,
Vector_CWB_FB_46714D,"2011-01-05 08:00:00",3.6,2.6,16,1017.9,18.3,24,0.62,5.1,157,6.9,,,,,,
Vector_CWB_FB_46714D,"2011-01-05 09:00:00",,,,1018.6,18.6,24,0.58,4.8,180,7.4,,,,,,
Vector_CWB_FB_46714D,"2011-01-05 10:00:00",4,2.7,350,1018.7,18.5,24.1,0.55,4.9,146,6.9,,,,,,
Vector_CWB_FB_46714D,"2011-01-05 11:00:00",7.1,4.9,339,1017.9,19.1,24.2,0.46,4.9,123,6.9,,,,,,
Vector_CWB_FB_46714D,"2011-01-05 12:00:00",4.8,3,356,1017,19.4,24.2,0.46,5.5,213,7.4,,,,,,
Vector_CWB_FB_46714D,"2011-01-05 13:00:00",4.7,3,345,1015.8,20.1,24.1,0.47,5.7,213,6.9,,,,,,
Vector_CWB_FB_46714D,"2011-01-05 14:00:00",5.3,3.8,334,1015,20.5,24.1,0.65,5.3,225,6.9,,,,,,
Vector_CWB_FB_46714D,"2011-01-05 15:00:00",4.9,3.3,336,1014.6,21.1,24.1,0.73,5.5,247,6.9,,,,,,
Vector_CWB_FB_46714D,"2011-01-05 16:00:00",3.7,2.7,341,1014.3,21.2,24,0.76,5.7,281,6.5,,,,,,
Vector_CWB_FB_46714D,"2011-01-05 17:00:00",3.1,2.1,324,1014.7,21.4,24,0.51,5.3,247,5.8,,,,,,
Vector_CWB_FB_46714D,"2011-01-05 18:00:00",2,1.3,345,1014.9,21.5,24.1,0.75,5.4,270,6.9,,,,,,
Vector_CWB_FB_46714D,"2011-01-05 19:00:00",2.3,1.6,347,1015.3,21.7,24.1,1.12,5.8,281,6.5,,,,,,
Vector_CWB_FB_46714D,"2011-01-05 20:00:00",2.8,1.8,358,1015.8,21.9,24.1,0.82,5.4,292,6.9,,,,,,
Vector_CWB_FB_46714D,"2011-01-05 21:00:00",4.9,3.8,356,1016.2,21.7,24,0.73,5.1,270,6.9,,,,,,
Vector_CWB_FB_46714D,"2011-01-05 22:00:00",3.8,3.1,355,1016.2,21.4,24.1,0.78,4.9,292,6.5,,,,,,
Vector_CWB_FB_46714D,"2011-01-05 23:00:00",3.7,2.9,358,1016.2,21,24.2,0.74,5,315,8.7,,,,,,
Vector_CWB_FB_46714D,"2011-01-06 00:00:00",4.2,3.2,10,1016,20.9,24.1,0.77,5.6,168,9.5,,,,,,
Vector_CWB_FB_46714D,"2011-01-06 01:00:00",3.5,2.3,31,1016.4,20.6,24,0.8,6.2,146,9.5,,,,,,
Vector_CWB_FB_46714D,"2011-01-06 02:00:00",4.9,3.6,34,1016.1,19.8,24,0.77,6.4,146,8.7,,,,,,
Vector_CWB_FB_46714D,"2011-01-06 03:00:00",3.3,2.2,353,1016,20.1,24,0.76,6.1,135,9.5,,,,,,
Vector_CWB_FB_46714D,"2011-01-06 04:00:00",5.4,4.3,351,1015.6,19.3,24,0.77,6.2,135,9.5,,,,,,
Vector_CWB_FB_46714D,"2011-01-06 05:00:00",4.3,3.1,353,1016,19.1,23.9,0.75,5.6,180,8,,,,,,
Vector_CWB_FB_46714D,"2011-01-06 06:00:00",6.6,5.5,360,1016.3,19.1,23.9,0.86,5.6,180,8,,,,,,
Vector_CWB_FB_46714D,"2011-01-06 07:00:00",6,4.8,1,1016.6,18.7,23.9,0.91,5.8,180,9.5,,,,,,
Vector_CWB_FB_46714D,"2011-01-06 08:00:00",6.3,4.3,2,1017.7,19.1,23.8,0.83,5.3,180,8.7,,,,,,
Vector_CWB_FB_46714D,"2011-01-06 09:00:00",8.3,6.7,23,1017,19.7,23.7,0.87,5.6,157,8,,,,,,
Vector_CWB_FB_46714D,"2011-01-06 10:00:00",4.8,3,5,1017.9,19.5,23.7,0.81,5.7,180,7.4,,,,,,
Vector_CWB_FB_46714D,"2011-01-06 11:00:00",5.1,3.9,319,1017.2,19.4,23.8,0.72,5.6,146,9.5,,,,,,
Vector_CWB_FB_46714D,"2011-01-06 12:00:00",4.3,3,346,1017,19.9,24,0.76,6.8,146,8.7,,,,,,
Vector_CWB_FB_46714D,"2011-01-06 13:00:00",7.5,5.5,328,1015.3,19.3,23.7,0.78,6.7,135,8.7,,,,,,
Vector_CWB_FB_46714D,"2011-01-06 14:00:00",4.8,3.2,346,1015.2,19.9,23.7,0.95,5.9,157,9.5,,,,,,
Vector_CWB_FB_46714D,"2011-01-06 15:00:00",5.2,3.8,345,1014.9,20.1,23.6,1.23,6.4,180,9.5,,,,,,
Vector_CWB_FB_46714D,"2011-01-06 16:00:00",4.6,3.2,340,1015.1,20.2,23.7,1.13,6.3,202,8.7,,,,,,
Vector_CWB_FB_46714D,"2011-01-06 17:00:00",5.1,3.4,343,1015.3,19.7,23.6,0.86,6,247,7.4,,,,,,
Vector_CWB_FB_46714D,"2011-01-06 18:00:00",4.1,2.8,345,1015.6,19.6,23.6,0.92,6,213,9.5,,,,,,
Vector_CWB_FB_46714D,"2011-01-06 19:00:00",4.6,3,346,1015.8,19.4,23.7,0.97,5.8,213,9.5,,,,,,
Vector_CWB_FB_46714D,"2011-01-06 20:00:00",6.3,4.5,335,1017.4,18.9,23.8,1.11,5.6,258,7.4,,,,,,
Vector_CWB_FB_46714D,"2011-01-06 21:00:00",6.4,4.9,334,1018,18.1,23.8,1.03,5.2,281,6.9,,,,,,
Vector_CWB_FB_46714D,"2011-01-06 22:00:00",7.4,6,330,1018,17.4,23.8,1.11,4.8,258,9.5,,,,,,
Vector_CWB_FB_46714D,"2011-01-06 23:00:00",7.9,5.4,338,1018.5,16.7,24.1,0.93,4.7,101,8,,,,,,
Vector_CWB_FB_46714D,"2011-01-07 00:00:00",7.3,5.3,344,1018.8,16.2,24.2,0.81,5.1,146,9.5,,,,,,
Vector_CWB_FB_46714D,"2011-01-07 01:00:00",4.7,3.5,358,1018.9,16,24.3,0.83,5.6,180,8.7,,,,,,
Vector_CWB_FB_46714D,"2011-01-07 02:00:00",5.9,4.1,360,1018.5,16,24.4,0.75,5.8,146,9.5,,,,,,
Vector_CWB_FB_46714D,"2011-01-07 03:00:00",4.6,3.2,357,1018.7,15.6,24.3,0.56,5.2,157,11.6,,,,,,
Vector_CWB_FB_46714D,"2011-01-07 04:00:00",4.8,3,358,1018.7,15.3,24.2,0.73,5.4,135,9.5,,,,,,
Vector_CWB_FB_46714D,"2011-01-07 05:00:00",4.1,2.8,350,1018.9,15,24.2,0.83,5.3,146,9.5,,,,,,
Vector_CWB_FB_46714D,"2011-01-07 06:00:00",3.4,2.2,345,1019.4,15.1,24,0.78,5.4,247,10.4,,,,,,
Vector_CWB_FB_46714D,"2011-01-07 07:00:00",2.2,1.2,344,1019.9,15.3,24,0.85,5.1,270,5.8,,,,,,
Vector_CWB_FB_46714D,"2011-01-07 08:00:00",2.4,1.5,345,1020.5,15.7,24,0.91,5,157,8,,,,,,
Vector_CWB_FB_46714D,"2011-01-07 09:00:00",3.2,1.1,305,1021.1,16,23.9,0.91,5.1,292,7.4,,,,,,
Vector_CWB_FB_46714D,"2011-01-07 10:00:00",3,1.9,317,1021.2,16.2,24,0.91,4.9,270,6.9,,,,,,
Vector_CWB_FB_46714D,"2011-01-07 11:00:00",4.6,2.7,324,1021,16,24.4,0.87,5.3,281,6.1,,,,,,
Vector_CWB_FB_46714D,"2011-01-07 12:00:00",3,1.6,318,1020.2,16.3,24.4,0.76,5.5,258,9.5,,,,,,
Vector_CWB_FB_46714D,"2011-01-07 13:00:00",2.1,1.2,300,1019.1,17,24.4,0.63,4.8,270,7.4,,,,,,
Vector_CWB_FB_46714D,"2011-01-07 14:00:00",2.6,1.6,15,1018.3,17.1,24.3,0.62,5.2,135,7.4,,,,,,
Vector_CWB_FB_46714D,"2011-01-07 15:00:00",4.7,3,335,1018.1,17.2,24.3,0.6,5.8,168,9.5,,,,,,
Vector_CWB_FB_46714D,"2011-01-07 16:00:00",4.3,3,344,1018,17.4,24.2,0.77,5.8,236,7.4,,,,,,
Vector_CWB_FB_46714D,"2011-01-07 17:00:00",4.4,2.8,339,1018.3,17.3,24.1,0.85,5.5,270,8.7,,,,,,
Vector_CWB_FB_46714D,"2011-01-07 18:00:00",2.7,1.8,8,1018.6,17.2,24,0.82,5.5,270,8,,,,,,
Vector_CWB_FB_46714D,"2011-01-07 19:00:00",3.3,2,29,1018.9,17.1,24,0.9,5.8,258,6.5,,,,,,
Vector_CWB_FB_46714D,"2011-01-07 20:00:00",2.8,1.8,25,1018.4,15.6,24,0.97,6.1,270,7.4,,,,,,
Vector_CWB_FB_46714D,"2011-01-07 21:00:00",3.7,2.5,8,1019.2,16.1,24.2,0.91,5.6,258,6.1,,,,,,
Vector_CWB_FB_46714D,"2011-01-07 22:00:00",2.2,1.3,35,1019,16.3,24.2,0.87,5.7,258,6.5,,,,,,
Vector_CWB_FB_46714D,"2011-01-07 23:00:00",3.7,2.6,342,1018.7,17,24.1,1.07,5.9,270,8,,,,,,
Vector_CWB_FB_46714D,"2011-01-08 00:00:00",4.4,3.2,336,1018.6,17.2,24,0.99,5.6,258,8.7,,,,,,
Vector_CWB_FB_46714D,"2011-01-08 01:00:00",5.6,4.1,9,1018.2,17,24,0.75,5.6,236,8,,,,,,
Vector_CWB_FB_46714D,"2011-01-08 02:00:00",5.8,4.2,6,1017.5,16.7,24.3,0.83,6.1,292,8.7,,,,,,
Vector_CWB_FB_46714D,"2011-01-08 03:00:00",5,3,12,1017.2,16.5,24.3,0.65,6,270,8,,,,,,
Vector_CWB_FB_46714D,"2011-01-08 04:00:00",4.5,3.5,5,1016.9,16.7,24.3,0.57,5.7,236,8,,,,,,
Vector_CWB_FB_46714D,"2011-01-08 05:00:00",5,3.6,355,1017.3,16.8,24.2,0.6,5.9,157,10.4,,,,,,
Vector_CWB_FB_46714D,"2011-01-08 06:00:00",4.4,3.1,33,1017.2,16.9,24.2,0.74,6.2,270,6.9,,,,,,
Vector_CWB_FB_46714D,"2011-01-08 07:00:00",3.3,2.3,11,1018.1,16.7,24.2,0.82,5.8,258,8,,,,,,
Vector_CWB_FB_46714D,"2011-01-08 08:00:00",3.3,2,3,1018.7,17.3,24.2,0.9,5.6,281,6.5,,,,,,
Vector_CWB_FB_46714D,"2011-01-08 09:00:00",4.7,3.4,330,1019.4,17.9,24.3,0.85,5.4,281,6.9,,,,,,
Vector_CWB_FB_46714D,"2011-01-08 10:00:00",3.1,1.9,21,1019.1,18.4,24.3,0.88,5.4,303,8.7,,,,,,
Vector_CWB_FB_46714D,"2011-01-08 11:00:00",3.8,2,321,1018.1,18.6,24.2,0.98,5.2,303,6.5,,,,,,
Vector_CWB_FB_46714D,"2011-01-08 12:00:00",6,3.7,345,1016.1,18.6,24.1,0.81,5.2,270,8.7,,,,,,
Vector_CWB_FB_46714D,"2011-01-08 13:00:00",5.2,3.4,348,1015.5,19.4,24.2,0.75,5.3,270,7.4,,,,,,
Vector_CWB_FB_46714D,"2011-01-08 14:00:00",6.8,5.2,317,1014.4,19.9,24.2,0.76,5.5,270,7.4,,,,,,
Vector_CWB_FB_46714D,"2011-01-08 15:00:00",7,5.4,327,1014.2,19.8,24.1,0.73,5.7,247,7.4,,,,,,
Vector_CWB_FB_46714D,"2011-01-08 16:00:00",7.7,5.9,327,1015,20.3,24.3,0.69,5.4,270,6.9,,,,,,
Vector_CWB_FB_46714D,"2011-01-08 17:00:00",6.9,5.3,334,1015.6,20.7,24.3,0.72,5.4,270,6.5,,,,,,
Vector_CWB_FB_46714D,"2011-01-08 18:00:00",6,4.6,343,1015.8,20.8,24.3,0.72,5.5,281,8.7,,,,,,
Vector_CWB_FB_46714D,"2011-01-08 19:00:00",5.2,3.6,344,1015.9,20.6,24.3,0.69,5.5,213,8.7,,,,,,
Vector_CWB_FB_46714D,"2011-01-08 20:00:00",4.6,3.5,357,1016.3,20.4,24.2,0.68,5.7,247,8,,,,,,
Vector_CWB_FB_46714D,"2011-01-08 21:00:00",3.7,2.7,352,1016.3,20.1,24.3,0.73,5.5,258,6.9,,,,,,
Vector_CWB_FB_46714D,"2011-01-08 22:00:00",6.3,4.9,358,1016.3,19.6,24.3,0.75,5.5,247,8,,,,,,
Vector_CWB_FB_46714D,"2011-01-08 23:00:00",4.4,3.2,5,1016.1,19.5,24.4,0.76,5.5,270,6.5,,,,,,
Vector_CWB_FB_46714D,"2011-01-09 00:00:00",4.1,2.8,13,1016,19.1,24.4,0.88,5.5,270,6.5,,,,,,
Vector_CWB_FB_46714D,"2011-01-09 01:00:00",5.9,4.6,1,1015.8,19.2,24.3,0.78,5.4,202,10.4,,,,,,
Vector_CWB_FB_46714D,"2011-01-09 02:00:00",4.3,3.4,14,1015.3,19.5,24.3,0.77,5.5,157,9.5,,,,,,
Vector_CWB_FB_46714D,"2011-01-09 03:00:00",8.4,5.4,350,1015,18.8,24.3,0.75,5.7,236,7.4,,,,,,
Vector_CWB_FB_46714D,"2011-01-09 04:00:00",7.8,5.8,356,1014.9,19.1,24.3,0.91,6.2,168,10.4,,,,,,
Vector_CWB_FB_46714D,"2011-01-09 05:00:00",4.3,2.8,25,1015.4,18.9,24.3,0.84,6.1,258,6.9,,,,,,
Vector_CWB_FB_46714D,"2011-01-09 06:00:00",3.6,2.5,33,1015.5,18.7,24.3,0.78,5.9,270,6.9,,,,,,
Vector_CWB_FB_46714D,"2011-01-09 07:00:00",4.2,2.4,360,1015.9,18.8,24.3,0.79,6,146,8.7,,,,,,
Vector_CWB_FB_46714D,"2011-01-09 08:00:00",4.1,3.2,353,1016.4,19.2,24.3,0.86,6.1,258,8,,,,,,
Vector_CWB_FB_46714D,"2011-01-09 09:00:00",5.1,3.7,329,1017,19.7,24.3,0.97,5.9,270,6.9,,,,,,
Vector_CWB_FB_46714D,"2011-01-09 10:00:00",5.4,3.7,337,1016.7,20,24.2,0.9,5.5,180,10.4,,,,,,
Vector_CWB_FB_46714D,"2011-01-09 11:00:00",4.9,3.7,339,1016.1,20.1,24.2,1.05,5.4,281,7.4,,,,,,
Vector_CWB_FB_46714D,"2011-01-09 12:00:00",6.8,4.8,332,1014,20.5,24.1,1.15,5.7,270,7.4,,,,,,
Vector_CWB_FB_46714D,"2011-01-09 13:00:00",5.9,4.1,336,1013.4,20.8,23.9,0.98,5.6,146,8.7,,,,,,
Vector_CWB_FB_46714D,"2011-01-09 14:00:00",5.1,3.3,325,1013,21,23.9,0.89,5.8,157,10.4,,,,,,
Vector_CWB_FB_46714D,"2011-01-09 15:00:00",5.2,3.9,324,1013,21.1,23.8,0.79,5.4,281,6.9,,,,,,
Vector_CWB_FB_46714D,"2011-01-09 16:00:00",4.2,3,327,1013.4,21.3,23.9,0.84,5.9,157,10.4,,,,,,
Vector_CWB_FB_46714D,"2011-01-09 17:00:00",,,,1013.8,21.4,23.9,0.66,5.4,146,10.4,,,,,,
Vector_CWB_FB_46714D,"2011-01-09 18:00:00",4.4,3,293,1014.9,21.8,24.1,0.91,6,180,10.4,,,,,,
Vector_CWB_FB_46714D,"2011-01-09 19:00:00",4.8,3.7,333,1015.6,21.1,24,0.83,5.3,213,9.5,,,,,,
Vector_CWB_FB_46714D,"2011-01-09 20:00:00",4.7,3.5,323,1016,20.7,24.1,1.02,5.1,236,8,,,,,,
Vector_CWB_FB_46714D,"2011-01-09 21:00:00",4.1,3.2,310,1016.1,20.4,24,0.91,5,270,9.5,,,,,,
Vector_CWB_FB_46714D,"2011-01-09 22:00:00",3.5,2.6,318,1015.8,20.3,24.2,0.93,5.1,281,6.1,,,,,,
Vector_CWB_FB_46714D,"2011-01-09 23:00:00",6,4.9,321,1016.1,19.3,24.2,0.96,4.9,270,5.8,,,,,,
Vector_CWB_FB_46714D,"2011-01-10 00:00:00",7.4,5.4,328,1015.7,18.7,24.3,1.05,5.4,292,5.8,,,,,,
Vector_CWB_FB_46714D,"2011-01-10 01:00:00",5.6,3.9,347,1015.8,18.6,24.3,1.18,5.5,270,10.4,,,,,,
Vector_CWB_FB_46714D,"2011-01-10 02:00:00",3,1.7,350,1015.5,18.6,24.3,1.06,5.6,258,9.5,,,,,,
Vector_CWB_FB_46714D,"2011-01-10 03:00:00",4.7,2.3,324,1015.3,18.1,24.2,1.02,5.5,180,10.4,,,,,,
Vector_CWB_FB_46714D,"2011-01-10 04:00:00",5,3.3,339,1015.4,17.4,24.2,1.04,5.9,168,10.4,,,,,,
Vector_CWB_FB_46714D,"2011-01-10 05:00:00",5.4,4,357,1015.5,17.6,24.1,0.94,5.9,135,10.4,,,,,,
Vector_CWB_FB_46714D,"2011-01-10 06:00:00",3.5,2.5,355,1015.9,17.2,24.2,0.87,5.5,270,10.4,,,,,,
Vector_CWB_FB_46714D,"2011-01-10 07:00:00",4.3,3.2,331,1016.7,17.1,24.2,0.93,5.7,270,8.7,,,,,,
Vector_CWB_FB_46714D,"2011-01-10 08:00:00",5.3,3.8,342,1017.2,16.7,24.2,0.87,5.3,247,8,,,,,,
Vector_CWB_FB_46714D,"2011-01-10 09:00:00",,,,1018,17.3,24.2,0.97,5.4,292,5.8,,,,,,
Vector_CWB_FB_46714D,"2011-01-10 10:00:00",5.1,3.4,312,1017.5,18,24.2,0.87,5.2,281,10.4,,,,,,
Vector_CWB_FB_46714D,"2011-01-10 11:00:00",5.5,4.1,319,1016.2,17.8,24.1,0.99,5.2,90,13.1,,,,,,
Vector_CWB_FB_46714D,"2011-01-10 12:00:00",4.4,3,297,1014.2,17.6,24,1.08,5,292,6.9,,,,,,
Vector_CWB_FB_46714D,"2011-01-10 13:00:00",4.3,2.8,297,1013.4,17.9,24,0.98,5.5,213,11.6,,,,,,
Vector_CWB_FB_46714D,"2011-01-10 14:00:00",4.5,3.1,290,1012.1,18.5,23.8,0.82,5.4,135,6.9,,,,,,
Vector_CWB_FB_46714D,"2011-01-10 15:00:00",4.5,3.2,265,1012.2,18.7,23.9,0.75,5.1,258,6.9,,,,,,
Vector_CWB_FB_46714D,"2011-01-10 16:00:00",5.5,3.7,289,1012,18.6,23.8,0.73,5.3,315,6.5,,,,,,
Vector_CWB_FB_46714D,"2011-01-10 17:00:00",4.3,3.1,313,1012.3,19,23.7,0.69,5,258,8,,,,,,
Vector_CWB_FB_46714D,"2011-01-10 18:00:00",3.3,2.2,324,1014.9,19.6,24,0.75,5.1,258,6.1,,,,,,
Vector_CWB_FB_46714D,"2011-01-10 19:00:00",2.6,1.7,325,1014.9,19.7,24,0.82,5.4,270,9.5,,,,,,
Vector_CWB_FB_46714D,"2011-01-10 20:00:00",3.9,2.5,291,1015.2,19.7,24,0.79,5.1,236,8.7,,,,,,
Vector_CWB_FB_46714D,"2011-01-10 21:00:00",4.3,3.1,288,1015.4,19.6,24,0.67,4.8,270,5.4,,,,,,
Vector_CWB_FB_46714D,"2011-01-10 22:00:00",6.2,4.4,334,1015.3,19.1,24,0.81,4.9,270,6.1,,,,,,
Vector_CWB_FB_46714D,"2011-01-10 23:00:00",5.7,3.9,337,1015.2,18.8,24,0.84,5.1,281,6.1,,,,,,
Vector_CWB_FB_46714D,"2011-01-11 00:00:00",5.5,4,338,1015,18.5,24,0.87,5.4,202,10.4,,,,,,
Vector_CWB_FB_46714D,"2011-01-11 01:00:00",6.7,4.4,339,1014.6,18.3,23.8,0.81,5.1,270,6.9,,,,,,
Vector_CWB_FB_46714D,"2011-01-11 02:00:00",3.8,2.9,2,1013.9,18.2,23.9,0.71,5.1,270,7.4,,,,,,
Vector_CWB_FB_46714D,"2011-01-11 03:00:00",3.7,2.8,11,1013.3,18.4,23.8,0.86,5.2,270,7.4,,,,,,
Vector_CWB_FB_46714D,"2011-01-11 04:00:00",3.6,2.4,32,1013.2,18.4,23.9,0.66,5.2,270,7.4,,,,,,
Vector_CWB_FB_46714D,"2011-01-11 05:00:00",2.7,1.7,12,1013.1,18.3,23.8,0.67,5.4,258,7.4,,,,,,
Vector_CWB_FB_46714D,"2011-01-11 06:00:00",2.9,1.8,10,1013.4,18,23.9,0.72,5.5,270,6.9,,,,,,
Vector_CWB_FB_46714D,"2011-01-11 07:00:00",3.3,2.3,17,1013.5,18.1,23.8,0.76,5.8,213,8.7,,,,,,
Vector_CWB_FB_46714D,"2011-01-11 08:00:00",2.2,1.3,10,1014.2,18.3,23.9,0.72,5.3,213,8.7,,,,,,
Vector_CWB_FB_46714D,"2011-01-11 09:00:00",,,,1014.6,18.6,23.8,0.86,5.7,270,8.7,,,,,,
Vector_CWB_FB_46714D,"2011-01-11 10:00:00",3.9,2.7,338,1014.1,18.8,23.8,0.81,5.2,225,9.5,,,,,,
Vector_CWB_FB_46714D,"2011-01-11 11:00:00",6.1,4.6,335,1013.1,17.8,23.7,0.77,5,247,6.9,,,,,,
Vector_CWB_FB_46714D,"2011-01-11 12:00:00",5.6,3.7,356,1013,17.9,23.7,0.84,5.2,247,5.8,,,,,,
Vector_CWB_FB_46714D,"2011-01-11 13:00:00",7.2,5,339,1012.5,17.1,23.7,0.87,5.4,146,10.4,,,,,,
Vector_CWB_FB_46714D,"2011-01-11 14:00:00",9.5,7.2,344,1011.8,16,23.8,0.94,5.6,168,9.5,,,,,,
Vector_CWB_FB_46714D,"2011-01-11 15:00:00",8.4,6,356,1011.3,16.4,23.8,0.87,5.6,168,10.4,,,,,,
Vector_CWB_FB_46714D,"2011-01-11 16:00:00",8.2,5.7,353,1012,15.9,23.8,0.79,5.6,191,9.5,,,,,,
Vector_CWB_FB_46714D,"2011-01-11 17:00:00",7.8,5.7,3,1012.6,16.2,23.8,0.71,5.3,168,9.5,,,,,,
Vector_CWB_FB_46714D,"2011-01-11 18:00:00",5.6,4.4,5,1013.1,15.4,23.8,0.62,5.3,258,6.5,,,,,,
Vector_CWB_FB_46714D,"2011-01-11 19:00:00",7.5,5.6,335,1013.9,15.6,23.8,0.62,5.4,258,6.9,,,,,,
Vector_CWB_FB_46714D,"2011-01-11 20:00:00",7.3,5.6,3,1014.5,14.9,23.7,0.6,5.6,225,8.7,,,,,,
Vector_CWB_FB_46714D,"2011-01-11 21:00:00",5.5,4.5,11,1014.9,14.5,23.8,0.73,5.8,213,9.5,,,,,,
Vector_CWB_FB_46714D,"2011-01-11 22:00:00",4.4,3,12,1014.7,14.7,23.8,0.74,5.6,247,10.4,,,,,,
Vector_CWB_FB_46714D,"2011-01-11 23:00:00",3.2,2,2,1014.8,15.2,23.7,0.85,5.8,202,9.5,,,,,,
Vector_CWB_FB_46714D,"2011-01-12 00:00:00",6,4.1,338,1014.4,15.5,23.7,0.79,5.5,247,10.4,,,,,,
Vector_CWB_FB_46714D,"2011-01-12 01:00:00",7.1,5.3,360,1014,14.9,23.6,0.86,5.2,225,8,,,,,,
Vector_CWB_FB_46714D,"2011-01-12 02:00:00",8.2,6.6,7,1013.6,14.6,23.6,0.89,5.9,180,9.5,,,,,,
Vector_CWB_FB_46714D,"2011-01-12 03:00:00",8.8,6.3,351,1013.8,13.8,23.6,0.86,5.7,168,9.5,,,,,,
Vector_CWB_FB_46714D,"2011-01-12 04:00:00",7.3,4.9,359,1013.9,13.6,23.6,0.85,5.8,225,8.7,,,,,,
Vector_CWB_FB_46714D,"2011-01-12 05:00:00",6.3,4.4,10,1014.3,13.4,23.5,0.82,6,225,8.7,,,,,,
Vector_CWB_FB_46714D,"2011-01-12 06:00:00",5.1,3.9,14,1014.7,13.6,23.6,0.75,5.9,213,10.4,,,,,,
Vector_CWB_FB_46714D,"2011-01-12 07:00:00",3,1.8,335,1015.6,13.6,23.5,0.75,6,213,10.4,,,,,,
Vector_CWB_FB_46714D,"2011-01-12 08:00:00",2.8,1.5,357,1016.3,13.9,23.5,0.79,6.1,180,9.5,,,,,,
Vector_CWB_FB_46714D,"2011-01-12 09:00:00",3.8,2.4,356,1016.7,14.8,23.5,0.82,5.9,180,10.4,,,,,,
Vector_CWB_FB_46714D,"2011-01-12 10:00:00",3.5,2.3,36,1016.1,14.8,23.4,0.74,5.4,168,10.4,,,,,,
Vector_CWB_FB_46714D,"2011-01-12 11:00:00",3.6,2.4,322,1015.9,15.1,23.5,0.75,5,168,9.5,,,,,,
Vector_CWB_FB_46714D,"2011-01-12 12:00:00",3.8,2.9,311,1014.8,15.3,23.4,0.91,5.4,157,10.4,,,,,,
Vector_CWB_FB_46714D,"2011-01-12 13:00:00",3.2,1.9,358,1014.1,15.8,23.4,0.87,5.1,202,9.5,,,,,,
Vector_CWB_FB_46714D,"2011-01-12 14:00:00",3.2,2,353,1013.5,16.1,23.2,0.86,5,270,11.6,,,,,,
Vector_CWB_FB_46714D,"2011-01-12 15:00:00",4,2.8,349,1013.2,16.4,23,0.8,5,236,9.5,,,,,,
Vector_CWB_FB_46714D,"2011-01-12 16:00:00",2.4,1.6,334,1013.7,16.2,23.1,0.81,5,258,6.5,,,,,,
Vector_CWB_FB_46714D,"2011-01-12 17:00:00",3.8,2.8,340,1014.2,16.2,23.1,0.68,4.9,168,9.5,,,,,,
Vector_CWB_FB_46714D,"2011-01-12 18:00:00",2.7,1.9,13,1014.6,15.9,23.2,0.69,5.1,168,11.6,,,,,,
Vector_CWB_FB_46714D,"2011-01-12 19:00:00",3.2,2.4,336,1015,16.2,23.3,0.76,5.3,270,6.9,,,,,,
Vector_CWB_FB_46714D,"2011-01-12 20:00:00",2.3,1.3,351,1015.2,16.4,23.3,0.75,4.9,180,9.5,,,,,,
Vector_CWB_FB_46714D,"2011-01-12 21:00:00",2.7,1.5,340,1015.4,16.8,23.2,0.74,4.9,180,10.4,,,,,,
Vector_CWB_FB_46714D,"2011-01-12 22:00:00",5.5,3.7,300,1015.9,17.3,23.1,0.81,4.7,236,4.1,,,,,,
Vector_CWB_FB_46714D,"2011-01-12 23:00:00",5.6,4.1,328,1015.7,17.1,23,0.88,4.9,236,7.4,,,,,,
Vector_CWB_FB_46714D,"2011-01-13 00:00:00",5.4,3.8,342,1015.5,16.4,22.8,0.86,5,225,10.4,,,,,,
Vector_CWB_FB_46714D,"2011-01-13 01:00:00",4,2.8,348,1015.3,16.2,22.8,0.9,5.1,146,10.4,,,,,,
Vector_CWB_FB_46714D,"2011-01-13 02:00:00",3.9,2.8,1,1015.1,16.2,22.8,0.82,4.8,270,6.5,,,,,,
Vector_CWB_FB_46714D,"2011-01-13 03:00:00",2.8,2.1,16,1014.7,16.7,22.8,0.77,5,225,10.4,,,,,,
Vector_CWB_FB_46714D,"2011-01-13 04:00:00",4.9,3.5,356,1015.2,17,22.8,0.84,5.3,157,9.5,,,,,,
Vector_CWB_FB_46714D,"2011-01-13 05:00:00",5.1,3.4,20,1015.3,16.7,22.8,0.66,5.1,281,5.4,,,,,,
Vector_CWB_FB_46714D,"2011-01-13 06:00:00",3.5,2.5,4,1015.9,17,22.8,0.72,5.6,281,6.5,,,,,,
Vector_CWB_FB_46714D,"2011-01-13 07:00:00",4.2,3,333,1016.4,17,22.8,0.69,5.6,247,8,,,,,,
Vector_CWB_FB_46714D,"2011-01-13 08:00:00",3.3,2.3,344,1017.1,16.8,22.8,0.83,5.6,236,8.7,,,,,,
Vector_CWB_FB_46714D,"2011-01-13 09:00:00",2.6,1.8,21,1017.4,17.3,22.8,0.81,5.4,191,10.4,,,,,,
Vector_CWB_FB_46714D,"2011-01-13 10:00:00",3.5,2.1,321,1017.5,18.1,22.8,0.81,5.3,157,6.1,,,,,,
Vector_CWB_FB_46714D,"2011-01-13 11:00:00",,,,1016.6,18.7,22.8,0.83,5.3,270,8,,,,,,
Vector_CWB_FB_46714D,"2011-01-13 12:00:00",4.3,3,317,1015.2,18.7,22.8,0.89,5.2,213,10.4,,,,,,
Vector_CWB_FB_46714D,"2011-01-13 13:00:00",5.1,3.5,304,1014.3,19.4,22.9,0.86,5.3,168,7.4,,,,,,
Vector_CWB_FB_46714D,"2011-01-13 14:00:00",6.1,4.6,317,1013.4,18.8,22.8,0.85,5.3,213,7.4,,,,,,
Vector_CWB_FB_46714D,"2011-01-13 15:00:00",6.3,4.5,323,1012.1,18.7,22.7,0.89,5.3,168,10.4,,,,,,
Vector_CWB_FB_46714D,"2011-01-13 16:00:00",5.5,4.3,325,1013.7,19.3,22.9,0.85,5.6,157,11.6,,,,,,
Vector_CWB_FB_46714D,"2011-01-13 17:00:00",3.7,2.5,320,1014.2,19.6,23,0.76,5.4,180,10.4,,,,,,
Vector_CWB_FB_46714D,"2011-01-13 18:00:00",4.2,3,330,1014.8,20,22.9,0.81,5.5,180,10.4,,,,,,
Vector_CWB_FB_46714D,"2011-01-13 19:00:00",3.9,2.8,337,1015.3,19.9,22.9,0.91,5.6,180,10.4,,,,,,
Vector_CWB_FB_46714D,"2011-01-13 20:00:00",3.4,2.1,14,1015.9,20.2,23,0.86,5.6,157,10.4,,,,,,
Vector_CWB_FB_46714D,"2011-01-13 21:00:00",4.3,3.2,3,1015.9,19.6,22.9,1.15,6.3,168,11.6,,,,,,
Vector_CWB_FB_46714D,"2011-01-13 22:00:00",4.2,3.2,354,1015.8,19.6,23,1.26,6.6,146,10.4,,,,,,
Vector_CWB_FB_46714D,"2011-01-13 23:00:00",4.3,3.4,1,1015.7,19.4,23,1.06,5.8,157,9.5,,,,,,
Vector_CWB_FB_46714D,"2011-01-14 00:00:00",4.3,2.5,358,1015.5,19.3,23,1.02,5.5,270,7.4,,,,,,
Vector_CWB_FB_46714D,"2011-01-14 01:00:00",4.3,3.4,360,1015,18.8,23.1,1.11,6,270,7.4,,,,,,
Vector_CWB_FB_46714D,"2011-01-14 02:00:00",3.2,2.3,357,1014.3,18.6,23.1,1.14,5.8,135,9.5,,,,,,
Vector_CWB_FB_46714D,"2011-01-14 03:00:00",4.7,3.7,2,1013.9,18.4,23.2,1.03,5.5,270,10.4,,,,,,
Vector_CWB_FB_46714D,"2011-01-14 04:00:00",5.1,3.6,351,1014,18,23.1,0.95,5.8,168,7.4,,,,,,
Vector_CWB_FB_46714D,"2011-01-14 05:00:00",6.4,4.3,3,1014.1,17.8,23.1,0.96,5.8,247,6.9,,,,,,
Vector_CWB_FB_46714D,"2011-01-14 06:00:00",4.4,3.2,7,1014.6,17.8,23.1,0.96,6,180,8,,,,,,
Vector_CWB_FB_46714D,"2011-01-14 07:00:00",3.6,2.6,12,1014.9,17.4,23,0.84,6.3,180,9.5,,,,,,
Vector_CWB_FB_46714D,"2011-01-14 08:00:00",4.5,3,337,1015.7,18,23,0.93,6.1,236,6.9,,,,,,
Vector_CWB_FB_46714D,"2011-01-14 09:00:00",6.8,5.3,345,1016,17.7,23,1.03,6.2,225,8,,,,,,
Vector_CWB_FB_46714D,"2011-01-14 10:00:00",5.7,3.7,5,1015.9,18.9,23.1,1.01,6.1,191,10.4,,,,,,
Vector_CWB_FB_46714D,"2011-01-14 11:00:00",4.7,3.6,36,1015.1,18.8,23.1,1.21,6.2,213,8.7,,,,,,
Vector_CWB_FB_46714D,"2011-01-14 12:00:00",3.1,2,39,1013.4,19.5,23.1,1.16,5.9,180,9.5,,,,,,
Vector_CWB_FB_46714D,"2011-01-14 13:00:00",5.6,4.1,314,1012.1,21,23.3,1.06,5.6,247,6.1,,,,,,
Vector_CWB_FB_46714D,"2011-01-14 14:00:00",6.3,4.7,325,1011.5,20.7,23.2,1.22,5.8,157,9.5,,,,,,
Vector_CWB_FB_46714D,"2011-01-14 15:00:00",9.2,6.3,334,1011.1,20.6,23.2,1.35,5.9,258,6.5,,,,,,
Vector_CWB_FB_46714D,"2011-01-14 16:00:00",8.2,6.1,334,1011.1,20.9,23.3,1.15,5.7,202,8.7,,,,,,
Vector_CWB_FB_46714D,"2011-01-14 17:00:00",6.2,4.5,338,1011.3,21.3,23.6,1.17,5.8,180,8.7,,,,,,
Vector_CWB_FB_46714D,"2011-01-14 18:00:00",4.9,3.7,339,1012,21.8,23.7,1.32,6,247,6.9,,,,,,
Vector_CWB_FB_46714D,"2011-01-14 19:00:00",7.6,5.7,338,1012.7,21,23.8,1.22,5.8,225,7.4,,,,,,
Vector_CWB_FB_46714D,"2011-01-14 20:00:00",6.2,4.7,342,1013.2,21,23.9,1.11,6,191,7.4,,,,,,
Vector_CWB_FB_46714D,"2011-01-14 21:00:00",6.6,4.6,337,1013,20.3,23.8,1.41,6.7,180,8.7,,,,,,
Vector_CWB_FB_46714D,"2011-01-14 22:00:00",6.7,4.9,345,1013.2,19.8,23.5,1.1,6.1,180,9.5,,,,,,
Vector_CWB_FB_46714D,"2011-01-14 23:00:00",8.6,6.3,342,1013.2,19.6,23.3,1.48,7.2,168,10.4,,,,,,
Vector_CWB_FB_46714D,"2011-01-15 00:00:00",8.5,6.3,340,1012.9,19.6,23.3,1.45,6.8,168,10.4,,,,,,
Vector_CWB_FB_46714D,"2011-01-15 01:00:00",8.9,6.5,344,1012.6,19.5,23.7,1.31,6.4,168,10.4,,,,,,
Vector_CWB_FB_46714D,"2011-01-15 02:00:00",8.5,6.1,336,1011.9,19.1,23.6,1.25,6,135,10.4,,,,,,
Vector_CWB_FB_46714D,"2011-01-15 03:00:00",10.5,7.1,338,1010.9,18.3,23.4,1.38,6.1,168,9.5,,,,,,
Vector_CWB_FB_46714D,"2011-01-15 04:00:00",9.7,7.6,339,1011.2,18.6,23.5,1.34,6.3,146,10.4,,,,,,
Vector_CWB_FB_46714D,"2011-01-15 05:00:00",10,7.8,337,1012,18.3,23.6,1.12,5.8,135,10.4,,,,,,
Vector_CWB_FB_46714D,"2011-01-15 06:00:00",10.8,7.5,344,1012.4,18.3,23.6,1.35,6.5,146,10.4,,,,,,
Vector_CWB_FB_46714D,"2011-01-15 07:00:00",8.6,5.7,350,1011.3,16.7,23.3,1.14,5.9,213,8,,,,,,
Vector_CWB_FB_46714D,"2011-01-15 08:00:00",7.2,4.6,345,1012.9,16.6,23.3,1.12,6.2,168,10.4,,,,,,
Vector_CWB_FB_46714D,"2011-01-15 09:00:00",7.9,5.4,345,1014.3,16.9,23.4,1.1,6.2,236,8.7,,,,,,
Vector_CWB_FB_46714D,"2011-01-15 10:00:00",10.9,8,347,1014,16.6,23.3,1.21,6.7,213,9.5,,,,,,
Vector_CWB_FB_46714D,"2011-01-15 11:00:00",10.6,7.6,349,1015.1,17.1,23.5,0.99,6,247,9.5,,,,,,
Vector_CWB_FB_46714D,"2011-01-15 12:00:00",10.1,7.1,345,1014.8,17.9,23.5,1.04,6.2,213,8.7,,,,,,
Vector_CWB_FB_46714D,"2011-01-15 13:00:00",9.2,5.8,341,1014.4,18.5,23.5,1.06,6.5,180,10.4,,,,,,
Vector_CWB_FB_46714D,"2011-01-15 14:00:00",10.3,7,343,1013.6,18.4,23.4,1.11,6.4,191,10.4,,,,,,
Vector_CWB_FB_46714D,"2011-01-15 15:00:00",9.5,6.9,343,1013.8,18.2,23.5,1.11,6.3,236,9.5,,,,,,
Vector_CWB_FB_46714D,"2011-01-15 16:00:00",9.3,6.2,337,1013.3,17.7,23.3,1.04,6.1,236,10.4,,,,,,
Vector_CWB_FB_46714D,"2011-01-15 17:00:00",8.8,6.6,334,1014.7,17.3,23.4,0.96,5.7,258,7.4,,,,,,
Vector_CWB_FB_46714D,"2011-01-15 18:00:00",8.9,6.1,340,1015.5,16.7,23.2,1,6.1,213,10.4,,,,,,
Vector_CWB_FB_46714D,"2011-01-15 19:00:00",9,6.8,343,1016.5,15.8,23.2,1,5.7,236,10.4,,,,,,
Vector_CWB_FB_46714D,"2011-01-15 20:00:00",5.8,3.8,344,1017.7,15.5,23.3,1.14,5.9,236,9.5,,,,,,
Vector_CWB_FB_46714D,"2011-01-15 21:00:00",6.6,4.3,338,1017.6,14.8,23.1,1.08,5.4,258,6.1,,,,,,
Vector_CWB_FB_46714D,"2011-01-15 22:00:00",6.4,4.8,344,1018.6,14.8,23.3,1.14,5.5,247,8,,,,,,
Vector_CWB_FB_46714D,"2011-01-15 23:00:00",7.2,5.7,333,1018.6,14.6,23.2,1.1,5.4,281,6.5,,,,,,
Vector_CWB_FB_46714D,"2011-01-16 00:00:00",5.4,3.6,345,1018,13.7,23.2,1.25,5.9,281,9.5,,,,,,
Vector_CWB_FB_46714D,"2011-01-16 01:00:00",5.1,3.3,343,1017.8,14,23.1,1.56,6.3,281,9.5,,,,,,
Vector_CWB_FB_46714D,"2011-01-16 02:00:00",3.4,2.4,341,1016.1,13.8,22.9,1.48,6.4,292,8.7,,,,,,
Vector_CWB_FB_46714D,"2011-01-16 03:00:00",4.7,3.4,327,1016.9,14.5,23.1,1.48,6.2,292,6.9,,,,,,
Vector_CWB_FB_46714D,"2011-01-16 04:00:00",7.3,5.9,329,1016.1,14,22.8,1.28,6.2,270,8,,,,,,
Vector_CWB_FB_46714D,"2011-01-16 05:00:00",6.9,4.9,338,1016.3,13.2,22.6,1.19,5.6,258,6.9,,,,,,
Vector_CWB_FB_46714D,"2011-01-16 06:00:00",5.4,3.7,340,1016.6,13.1,22.4,1.08,5.3,202,8.7,,,,,,
Vector_CWB_FB_46714D,"2011-01-16 07:00:00",3.9,2.1,4,1017.1,12.9,,0.93,5.2,146,9.5,,,,,,
Vector_CWB_FB_46714D,"2011-01-16 08:00:00",3.6,2.4,1,1018.6,13.2,,0.94,5.6,180,8,,,,,,
Vector_CWB_FB_46714D,"2011-01-16 09:00:00",4.8,2.5,347,1019.8,13.8,,0.96,6.6,180,8,,,,,,
Vector_CWB_FB_46714D,"2011-01-16 10:00:00",4.3,2.7,325,1020.5,14.2,22.7,0.8,6.3,135,9.5,,,,,,
Vector_CWB_FB_46714D,"2011-01-16 11:00:00",6,3.7,324,1019.2,14,22.6,0.95,5.9,180,10.4,,,,,,
Vector_CWB_FB_46714D,"2011-01-16 12:00:00",6.7,4,305,1018.1,14.2,22.8,1.15,5.6,247,7.4,,,,,,
Vector_CWB_FB_46714D,"2011-01-16 13:00:00",5.2,3.5,311,1017.2,14.4,22.6,1.31,5.8,191,9.5,,,,,,
Vector_CWB_FB_46714D,"2011-01-16 14:00:00",6.6,4.9,303,1016.7,14.4,22.7,1.34,5.7,236,9.5,,,,,,
Vector_CWB_FB_46714D,"2011-01-16 15:00:00",5.7,3.8,320,1016.5,14.8,23.9,1.03,5.2,315,5.2,,,,,,
Vector_CWB_FB_46714D,"2011-01-16 16:00:00",5.3,3.8,325,1016.6,15.3,23.6,1.11,5.5,11,10.4,,,,,,
Vector_CWB_FB_46714D,"2011-01-16 17:00:00",5.2,3.3,335,1017.1,15.6,24,1.09,5.4,281,6.9,,,,,,
Vector_CWB_FB_46714D,"2011-01-16 18:00:00",3.8,2.3,337,1017.9,15.7,24.1,0.98,5.3,303,6.9,,,,,,
Vector_CWB_FB_46714D,"2011-01-16 19:00:00",4.4,3.1,339,1017.8,15.5,24.1,1.14,5.6,337,8,,,,,,
Vector_CWB_FB_46714D,"2011-01-16 20:00:00",5,3.6,330,1018.6,15.5,24.2,0.92,5.5,258,8,,,,,,
Vector_CWB_FB_46714D,"2011-01-16 21:00:00",4.9,3.3,340,1019.1,15.2,24.2,0.95,6,191,9.5,,,,,,
Vector_CWB_FB_46714D,"2011-01-16 22:00:00",4.2,2.2,338,1021,15.3,24.4,1.04,5.9,225,8,,,,,,
Vector_CWB_FB_46714D,"2011-01-16 23:00:00",4.2,2.5,329,1020.8,15.1,24.4,1,6,112,9.5,,,,,,
Vector_CWB_FB_46714D,"2011-01-17 00:00:00",3.5,2.2,320,1020.7,15.2,24.4,1.15,6.4,281,8.7,,,,,,
Vector_CWB_FB_46714D,"2011-01-17 01:00:00",3.4,2.2,327,1020.6,15.3,24.3,1.03,6.2,146,10.4,,,,,,
Vector_CWB_FB_46714D,"2011-01-17 02:00:00",4.4,3,345,1019.6,14.8,24.1,0.96,5.9,146,11.6,,,,,,
Vector_CWB_FB_46714D,"2011-01-17 03:00:00",5,3.7,6,1018.9,14.7,24.1,1.01,5.9,247,11.6,,,,,,
Vector_CWB_FB_46714D,"2011-01-17 04:00:00",4.2,2.6,3,1018.7,14.2,24,0.98,5.3,180,10.4,,,,,,
Vector_CWB_FB_46714D,"2011-01-17 05:00:00",3.5,2.5,9,1019.5,14.8,24,0.89,4.9,247,7.4,,,,,,
Vector_CWB_FB_46714D,"2011-01-17 06:00:00",3.8,2.3,14,1018.8,15,24,0.91,5.5,258,6.9,,,,,,
Vector_CWB_FB_46714D,"2011-01-17 07:00:00",3.4,2.1,6,1021.2,15.6,24.3,0.81,5.4,281,9.5,,,,,,
Vector_CWB_FB_46714D,"2011-01-17 08:00:00",3.4,2.3,28,1021.9,15.6,24.2,0.83,5.8,202,7.4,,,,,,
Vector_CWB_FB_46714D,"2011-01-17 09:00:00",2.8,1.2,26,1020.9,15.4,23.9,0.78,5.6,146,9.5,,,,,,
Vector_CWB_FB_46714D,"2011-01-17 10:00:00",4.7,3,321,1022.4,16.3,24.2,0.71,5.5,135,6.1,,,,,,
Vector_CWB_FB_46714D,"2011-01-17 11:00:00",3.9,2.6,287,1022,16.9,24.2,0.65,5.6,157,8.7,,,,,,
Vector_CWB_FB_46714D,"2011-01-17 12:00:00",4.6,2.8,291,1020.7,17.2,24.1,0.71,5.6,146,9.5,,,,,,
Vector_CWB_FB_46714D,"2011-01-17 13:00:00",4.5,3.1,295,1019.9,17.1,24,0.97,5.5,236,6.9,,,,,,
Vector_CWB_FB_46714D,"2011-01-17 14:00:00",4.6,2.8,303,1018.8,17.4,24,0.92,5.3,281,7.4,,,,,,
Vector_CWB_FB_46714D,"2011-01-17 15:00:00",5.8,3.7,313,1017.8,17.7,23.9,1.04,5.3,225,8.7,,,,,,
Vector_CWB_FB_46714D,"2011-01-17 16:00:00",4.1,2.8,294,1017.4,17.7,23.8,0.9,4.9,270,8,,,,,,
Vector_CWB_FB_46714D,"2011-01-17 17:00:00",3.4,1.9,294,1017.8,17.6,23.5,1.06,5.2,281,6.5,,,,,,
Vector_CWB_FB_46714D,"2011-01-17 18:00:00",3.5,1.1,323,1018.9,18,23.9,0.94,5.3,281,7.4,,,,,,
Vector_CWB_FB_46714D,"2011-01-17 19:00:00",2.5,1.1,323,1018.8,17.9,24.1,0.86,5,292,6.9,,,,,,
Vector_CWB_FB_46714D,"2011-01-17 20:00:00",4.6,2.8,301,1019.4,18.2,24.3,0.88,5.3,146,8,,,,,,
Vector_CWB_FB_46714D,"2011-01-17 21:00:00",5.5,4,312,1018.9,17.5,24.2,0.93,5.3,135,8.7,,,,,,
Vector_CWB_FB_46714D,"2011-01-17 22:00:00",4.6,3.1,332,1018.6,16.7,24.1,0.83,5.2,135,9.5,,,,,,
Vector_CWB_FB_46714D,"2011-01-17 23:00:00",5.1,3.3,335,1018.7,16.3,24.2,0.91,5.8,135,10.4,,,,,,
Vector_CWB_FB_46714D,"2011-01-18 00:00:00",4,2.3,341,1018.4,15.9,24.2,0.83,5.6,157,10.4,,,,,,
Vector_CWB_FB_46714D,"2011-01-18 01:00:00",4.5,3.1,344,1017.3,15.9,24.1,0.86,5.8,135,8,,,,,,
Vector_CWB_FB_46714D,"2011-01-18 02:00:00",5.7,3.8,350,1016.6,15.9,24,0.81,5.2,135,9.5,,,,,,
Vector_CWB_FB_46714D,"2011-01-18 03:00:00",3.9,2.7,9,1016.7,15.9,24,0.98,5.7,168,8.7,,,,,,
Vector_CWB_FB_46714D,"2011-01-18 04:00:00",3.1,2.1,22,1016.9,15.1,24,0.97,5.5,112,9.5,,,,,,
Vector_CWB_FB_46714D,"2011-01-18 05:00:00",3.5,2.1,24,1018.6,15.7,24.3,1.01,5.6,157,9.5,,,,,,
Vector_CWB_FB_46714D,"2011-01-18 06:00:00",4.1,2.7,1,1017.7,15.8,24.2,0.94,5.6,157,9.5,,,,,,
Vector_CWB_FB_46714D,"2011-01-18 07:00:00",5.5,4.4,11,1018.9,16.5,24.3,0.86,5.4,135,9.5,,,,,,
Vector_CWB_FB_46714D,"2011-01-18 08:00:00",6,4.7,12,1019.3,16.4,24.4,0.81,5.5,168,6.9,,,,,,
Vector_CWB_FB_46714D,"2011-01-18 09:00:00",5.1,3.8,13,1020,16.8,24.4,0.72,6.1,168,7.4,,,,,,
Vector_CWB_FB_46714D,"2011-01-18 10:00:00",6.9,5.5,14,1019.4,17.7,24.4,0.69,6.2,191,8,,,,,,
Vector_CWB_FB_46714D,"2011-01-18 11:00:00",7.6,5.7,20,1018.5,18.4,24.2,0.95,5.9,247,6.9,,,,,,
Vector_CWB_FB_46714D,"2011-01-18 12:00:00",6.6,4.8,13,1017.5,19.3,24.1,0.92,5.7,191,8.7,,,,,,
Vector_CWB_FB_46714D,"2011-01-18 13:00:00",3.8,1.9,16,1016.4,19.9,24.2,0.68,5.6,213,6.5,,,,,,
Vector_CWB_FB_46714D,"2011-01-18 14:00:00",6.6,4.7,337,1016.1,20,24.2,0.8,5.8,191,8.7,,,,,,
Vector_CWB_FB_46714D,"2011-01-18 15:00:00",5.8,4,337,1015.8,19.6,24.1,0.75,5.7,191,8,,,,,,
Vector_CWB_FB_46714D,"2011-01-18 16:00:00",4.9,3.4,342,1016.3,19.7,24.2,0.74,5.7,191,8.7,,,,,,
Vector_CWB_FB_46714D,"2011-01-18 17:00:00",2.8,1.3,21,1016.2,20,24.1,0.82,5.5,225,7.4,,,,,,
Vector_CWB_FB_46714D,"2011-01-18 18:00:00",3.2,2.2,187,1016.1,20.3,24.1,0.84,5.6,202,9.5,,,,,,
Vector_CWB_FB_46714D,"2011-01-18 19:00:00",4.5,3,235,1016.1,20.7,24.1,0.93,5.3,236,8,,,,,,
Vector_CWB_FB_46714D,"2011-01-18 20:00:00",6.1,4.6,302,1015.9,20.7,24.1,0.87,5.3,157,9.5,,,,,,
Vector_CWB_FB_46714D,"2011-01-18 21:00:00",6.5,4.6,333,1015.6,19.6,24.2,0.86,5.1,168,7.4,,,,,,
Vector_CWB_FB_46714D,"2011-01-18 22:00:00",4.2,2.7,346,1015.6,19,24.2,0.8,5.4,135,8.7,,,,,,
Vector_CWB_FB_46714D,"2011-01-18 23:00:00",3.1,2.1,10,1017.4,19,24.3,0.74,5.6,146,8.7,,,,,,
Vector_CWB_FB_46714D,"2011-01-19 00:00:00",3.6,2.5,1,1017,18.9,24.2,0.92,6,146,9.5,,,,,,
Vector_CWB_FB_46714D,"2011-01-19 01:00:00",3.2,2.1,25,1016.6,18.9,24.1,0.99,5.8,180,9.5,,,,,,
Vector_CWB_FB_46714D,"2011-01-19 02:00:00",2.7,1.8,349,1016.5,18.7,24.1,0.96,5.6,180,8.7,,,,,,
Vector_CWB_FB_46714D,"2011-01-19 03:00:00",3.7,2.8,357,1016,19.2,24.1,0.84,5.3,225,6.1,,,,,,
Vector_CWB_FB_46714D,"2011-01-19 04:00:00",4.3,2.8,3,1016,19.5,24.2,0.92,5.3,247,6.9,,,,,,
Vector_CWB_FB_46714D,"2011-01-19 05:00:00",4.1,3.2,31,1015.9,18.8,24.2,0.95,5.1,180,8,,,,,,
Vector_CWB_FB_46714D,"2011-01-19 06:00:00",2.9,2,20,1016.1,18.8,24.2,0.85,5,191,7.4,,,,,,
Vector_CWB_FB_46714D,"2011-01-19 07:00:00",2.9,2.1,12,1016.3,18.9,24.3,0.85,4.8,281,6.9,,,,,,
Vector_CWB_FB_46714D,"2011-01-19 08:00:00",3.2,2.4,22,1016.4,19,24.2,0.92,5.7,157,8.7,,,,,,
Vector_CWB_FB_46714D,"2011-01-19 09:00:00",2.9,1.7,50,1017,19.4,24.4,0.87,6.2,157,7.4,,,,,,
Vector_CWB_FB_46714D,"2011-01-19 10:00:00",2.7,1.9,293,1017.2,20.4,24.3,0.84,6.5,157,8,,,,,,
Vector_CWB_FB_46714D,"2011-01-19 11:00:00",4.8,3.3,309,1016.8,20.7,24.2,1.19,6.7,180,9.5,,,,,,
Vector_CWB_FB_46714D,"2011-01-19 12:00:00",4.9,3.5,310,1016.1,20.5,24.4,1.1,6.4,236,8.7,,,,,,
Vector_CWB_FB_46714D,"2011-01-19 13:00:00",5.6,4.2,297,1015.2,20.6,24.3,0.89,5.8,236,7.4,,,,,,
Vector_CWB_FB_46714D,"2011-01-19 14:00:00",5.8,4.3,302,1014.2,20.8,24.4,1.03,6,168,10.4,,,,,,
Vector_CWB_FB_46714D,"2011-01-19 15:00:00",3.5,2.3,292,1014.1,21.3,24.4,0.98,6,168,8.7,,,,,,
Vector_CWB_FB_46714D,"2011-01-19 16:00:00",4.3,3.1,286,1014.2,21.6,24.3,0.86,5.4,180,9.5,,,,,,
Vector_CWB_FB_46714D,"2011-01-19 17:00:00",3.9,2.9,289,1014.5,21.6,24.2,0.95,5.3,191,8.7,,,,,,
Vector_CWB_FB_46714D,"2011-01-19 18:00:00",3.9,2.6,293,1014.6,21.4,24.2,1.12,5.5,236,6.9,,,,,,
Vector_CWB_FB_46714D,"2011-01-19 19:00:00",3.4,2.4,285,1014.7,21.6,24.6,0.99,5.5,168,9.5,,,,,,
Vector_CWB_FB_46714D,"2011-01-19 20:00:00",2.7,1.6,288,1013.4,21.2,24.5,0.88,5.2,168,9.5,,,,,,
Vector_CWB_FB_46714D,"2011-01-19 21:00:00",3.7,2.8,317,1013.9,21.5,24.5,0.94,5.5,146,8,,,,,,
Vector_CWB_FB_46714D,"2011-01-19 22:00:00",3.7,2.5,330,1014,21.1,24.6,0.8,5.3,123,9.5,,,,,,
Vector_CWB_FB_46714D,"2011-01-19 23:00:00",5.4,3.3,327,1015.1,21.5,24.8,0.84,5.6,157,6.9,,,,,,
Vector_CWB_FB_46714D,"2011-01-20 00:00:00",6.5,4.8,332,1015,20.4,24.7,0.99,6.3,157,9.5,,,,,,
Vector_CWB_FB_46714D,"2011-01-20 01:00:00",4.9,3.5,331,1014.5,20.3,24.7,0.98,6.4,157,9.5,,,,,,
Vector_CWB_FB_46714D,"2011-01-20 02:00:00",5.1,3.1,342,1014,20.2,24.6,1.16,6.3,168,9.5,,,,,,
Vector_CWB_FB_46714D,"2011-01-20 03:00:00",3.3,2.1,353,1013.7,20.1,24.5,1.2,6.1,180,10.4,,,,,,
Vector_CWB_FB_46714D,"2011-01-20 04:00:00",2.4,1.6,34,1013.3,19.9,24.4,1.16,6.1,168,9.5,,,,,,
Vector_CWB_FB_46714D,"2011-01-20 05:00:00",,,,1013.7,20.1,24.3,0.97,5.5,315,9.5,,,,,,
Vector_CWB_FB_46714D,"2011-01-20 06:00:00",3.5,2.4,325,1013.5,20.5,24.5,1.13,5.5,168,10.4,,,,,,
Vector_CWB_FB_46714D,"2011-01-20 07:00:00",3.4,2,346,1011.4,19.3,24.3,1.18,5.9,180,9.5,,,,,,
Vector_CWB_FB_46714D,"2011-01-20 08:00:00",3.1,1.8,333,1014,20.1,24.9,1.07,6.2,123,9.5,,,,,,
Vector_CWB_FB_46714D,"2011-01-20 09:00:00",3.2,1.8,348,1014.7,20.3,24.8,0.95,5.8,146,8,,,,,,
Vector_CWB_FB_46714D,"2011-01-20 10:00:00",4.5,3.2,335,1014.7,20.4,24.7,1.19,6.3,146,8,,,,,,
Vector_CWB_FB_46714D,"2011-01-20 11:00:00",4.9,3.4,343,1014.5,20.5,24.7,0.9,6.3,157,10.4,,,,,,
Vector_CWB_FB_46714D,"2011-01-20 12:00:00",5,3.2,349,1013.8,20.8,24.4,1.03,6.6,168,11.6,,,,,,
Vector_CWB_FB_46714D,"2011-01-20 13:00:00",5.1,3.5,334,1013.1,21.2,24.7,1.1,6.1,213,6.5,,,,,,
Vector_CWB_FB_46714D,"2011-01-20 14:00:00",4.7,3,331,1012.4,21.1,24.6,1.33,6.5,236,7.4,,,,,,
Vector_CWB_FB_46714D,"2011-01-20 15:00:00",4.3,3,319,1011.4,20.9,24.4,1.03,6.1,191,9.5,,,,,,
Vector_CWB_FB_46714D,"2011-01-20 16:00:00",7.3,5.3,338,1012.2,20.3,24.5,1.16,6.1,247,7.4,,,,,,
Vector_CWB_FB_46714D,"2011-01-20 17:00:00",3.3,2,3,1012.7,20.4,24.4,1.61,6.4,258,8,,,,,,
Vector_CWB_FB_46714D,"2011-01-20 18:00:00",4.8,3.5,13,1012.9,20.3,24.4,1.61,6.4,191,8.7,,,,,,
Vector_CWB_FB_46714D,"2011-01-20 19:00:00",4.7,3.5,357,1012.7,20.3,24.4,1.65,6.5,258,8.7,,,,,,
Vector_CWB_FB_46714D,"2011-01-20 20:00:00",8.9,5.8,348,1013.3,19.2,24.5,1.53,6.3,292,6.9,,,,,,
Vector_CWB_FB_46714D,"2011-01-20 21:00:00",6.6,4.2,355,1014,19.1,24.5,1.44,6.4,258,10.4,,,,,,
Vector_CWB_FB_46714D,"2011-01-20 22:00:00",4.8,3.6,25,1013.7,19.3,24.4,1.04,5.8,168,9.5,,,,,,
Vector_CWB_FB_46714D,"2011-01-20 23:00:00",2.5,1.6,16,1013.5,19.5,24.5,1.24,6.5,258,7.4,,,,,,
Vector_CWB_FB_46714D,"2011-01-21 00:00:00",2.6,1.6,352,1013.3,19.7,24.5,1.07,6.6,180,10.4,,,,,,
Vector_CWB_FB_46714D,"2011-01-21 01:00:00",6.8,4.1,350,1013,19,24.5,1.08,6.9,191,10.4,,,,,,
Vector_CWB_FB_46714D,"2011-01-21 02:00:00",6.5,4.5,353,1012.4,18.6,24.5,1.17,6.9,213,7.4,,,,,,
Vector_CWB_FB_46714D,"2011-01-21 03:00:00",6.6,5.1,6,1011.8,18.6,24.4,1.03,6.5,191,10.4,,,,,,
Vector_CWB_FB_46714D,"2011-01-21 04:00:00",7.4,5.3,359,1011.9,18.4,24.4,0.9,6.3,191,11.6,,,,,,
Vector_CWB_FB_46714D,"2011-01-21 05:00:00",6.2,4.6,358,1012.3,18.6,24.4,0.98,5.9,258,8,,,,,,
Vector_CWB_FB_46714D,"2011-01-21 06:00:00",7.1,4.9,356,1013,18.3,24.4,1.16,6.4,191,11.6,,,,,,
Vector_CWB_FB_46714D,"2011-01-21 07:00:00",6.5,4.6,360,1013.4,18.5,24.5,1.39,6.5,258,7.4,,,,,,
Vector_CWB_FB_46714D,"2011-01-21 08:00:00",6.2,4.5,336,1014.1,19,24.4,1.63,6.4,247,8,,,,,,
Vector_CWB_FB_46714D,"2011-01-21 09:00:00",9.5,6.5,338,1015.4,18.9,24.5,1.69,6.5,281,8,,,,,,
Vector_CWB_FB_46714D,"2011-01-21 10:00:00",8.3,6,342,1016.2,18.3,24.6,1.18,5.8,270,6.9,,,,,,
Vector_CWB_FB_46714D,"2011-01-21 11:00:00",8.3,6,351,1015.2,18.3,24.5,1.3,6.3,247,9.5,,,,,,
Vector_CWB_FB_46714D,"2011-01-21 12:00:00",7.1,4.8,359,1013.8,19.1,24.6,1.19,6.4,258,8,,,,,,
Vector_CWB_FB_46714D,"2011-01-21 13:00:00",5.4,3.6,315,1013.1,19.2,24.6,1.09,6.4,270,8,,,,,,
Vector_CWB_FB_46714D,"2011-01-21 14:00:00",6.2,4,335,1012.6,19.3,24.6,1.07,6.2,258,8.7,,,,,,
Vector_CWB_FB_46714D,"2011-01-21 15:00:00",5.4,4,321,1012.2,19.7,24.6,1.13,6.8,270,8.7,,,,,,
Vector_CWB_FB_46714D,"2011-01-21 16:00:00",5.5,4.3,329,1012.7,20,24.6,1.2,6.9,270,8.7,,,,,,
Vector_CWB_FB_46714D,"2011-01-21 17:00:00",6,4.5,331,1013.5,20.4,24.7,1.06,6.2,270,8.7,,,,,,
Vector_CWB_FB_46714D,"2011-01-21 18:00:00",5.8,3.9,342,1014.4,20.5,24.7,1.08,6.2,270,9.5,,,,,,
Vector_CWB_FB_46714D,"2011-01-21 19:00:00",6.3,4.4,334,1014.9,19.9,24.7,1.33,6.2,270,8,,,,,,
Vector_CWB_FB_46714D,"2011-01-21 20:00:00",4.1,2.7,342,1015.3,19.5,24.7,1.49,6.6,270,8.7,,,,,,
Vector_CWB_FB_46714D,"2011-01-21 21:00:00",4,2.8,316,1015.5,19.3,24.7,1.37,6.7,281,9.5,,,,,,
Vector_CWB_FB_46714D,"2011-01-21 22:00:00",7.1,5.6,319,1016,18.3,24.7,1.54,6.6,270,8,,,,,,
Vector_CWB_FB_46714D,"2011-01-21 23:00:00",8.1,6.6,330,1016,18.2,24.7,1.6,6.5,270,8.7,,,,,,
Vector_CWB_FB_46714D,"2011-01-22 00:00:00",6.3,4.4,339,1016.5,17.6,24.6,1.38,6.4,258,8.7,,,,,,
Vector_CWB_FB_46714D,"2011-01-22 01:00:00",7.2,5.4,336,1016.4,17.3,24.6,1.5,6.2,258,7.4,,,,,,
Vector_CWB_FB_46714D,"2011-01-22 02:00:00",2.7,1.4,352,1016.4,17.1,24.5,1.17,6.1,258,9.5,,,,,,
Vector_CWB_FB_46714D,"2011-01-22 03:00:00",6.4,4.9,317,1016.1,17.4,24.5,1.1,5.9,258,7.4,,,,,,
Vector_CWB_FB_46714D,"2011-01-22 04:00:00",6.4,5,328,1015.9,17.1,24.5,1.12,6.1,270,7.4,,,,,,
Vector_CWB_FB_46714D,"2011-01-22 05:00:00",6.5,4.9,330,1016.2,17.4,24.5,1.28,6.1,270,7.4,,,,,,
Vector_CWB_FB_46714D,"2011-01-22 06:00:00",6.3,5.1,320,1017,17.5,24.5,1.28,6.2,281,8,,,,,,
Vector_CWB_FB_46714D,"2011-01-22 07:00:00",6.7,5.4,330,1017.4,17.7,24.7,1.24,5.8,281,6.9,,,,,,
Vector_CWB_FB_46714D,"2011-01-22 08:00:00",6.6,5.1,327,1018.2,17.7,24.7,1.04,5.4,281,8,,,,,,
Vector_CWB_FB_46714D,"2011-01-22 09:00:00",6.6,4.9,329,1018.9,18.1,24.8,1.05,5.5,270,8.7,,,,,,
Vector_CWB_FB_46714D,"2011-01-22 10:00:00",6.7,5,332,1018.9,18.1,24.7,1,5.6,258,8,,,,,,
Vector_CWB_FB_46714D,"2011-01-22 11:00:00",6.3,4.8,333,1018.1,18,24.6,0.84,5.5,157,9.5,,,,,,
Vector_CWB_FB_46714D,"2011-01-22 12:00:00",7.2,4.9,326,1017.1,18.3,24.6,0.87,5.4,157,8.7,,,,,,
Vector_CWB_FB_46714D,"2011-01-22 13:00:00",6.4,4.8,334,1016.2,18.3,24.6,0.85,5.5,225,8,,,,,,
Vector_CWB_FB_46714D,"2011-01-22 14:00:00",6.6,4.9,331,1015.5,18.4,24.5,0.85,5.2,225,8.7,,,,,,
Vector_CWB_FB_46714D,"2011-01-22 15:00:00",6.6,4.8,330,1014.7,18.4,24.4,1.01,5.4,247,7.4,,,,,,
Vector_CWB_FB_46714D,"2011-01-22 16:00:00",5.4,3.9,336,1014.6,18.4,24.3,1.11,5.9,270,8.7,,,,,,
Vector_CWB_FB_46714D,"2011-01-22 17:00:00",4.5,3.1,332,1014.6,18.7,24.2,0.97,5.7,258,6.1,,,,,,
Vector_CWB_FB_46714D,"2011-01-22 18:00:00",3.2,2.3,342,1014.9,18.7,24.2,1.04,5.6,270,7.4,,,,,,
Vector_CWB_FB_46714D,"2011-01-22 19:00:00",3.3,2.5,1,1015.6,18.9,24.2,1.08,5.5,225,9.5,,,,,,
Vector_CWB_FB_46714D,"2011-01-22 20:00:00",5,3.8,7,1016,18.7,24.3,1.3,5.6,258,6.9,,,,,,
Vector_CWB_FB_46714D,"2011-01-22 21:00:00",5.1,4,15,1016,18.7,24.2,1.19,5.4,270,6.9,,,,,,
Vector_CWB_FB_46714D,"2011-01-22 22:00:00",4.1,3,13,1016.7,18.5,24.4,1.03,5.3,270,8.7,,,,,,
Vector_CWB_FB_46714D,"2011-01-22 23:00:00",4.3,3,11,1017.1,19,24.4,0.98,5.8,213,9.5,,,,,,
Vector_CWB_FB_46714D,"2011-01-23 00:00:00",3.8,2.7,16,1016.5,19,24.3,0.91,5.9,281,8,,,,,,
Vector_CWB_FB_46714D,"2011-01-23 01:00:00",4,3.2,360,1016.6,18.4,24.2,0.92,5.9,213,6.9,,,,,,
Vector_CWB_FB_46714D,"2011-01-23 02:00:00",3.9,3,332,1016.5,18.7,24.3,0.86,5.9,191,9.5,,,,,,
Vector_CWB_FB_46714D,"2011-01-23 03:00:00",7.4,4.8,341,1017.1,18.6,24.4,0.75,5.8,213,6.1,,,,,,
Vector_CWB_FB_46714D,"2011-01-23 04:00:00",6.6,5,356,1017.3,18,24.3,0.85,5.6,236,6.5,,,,,,
Vector_CWB_FB_46714D,"2011-01-23 05:00:00",6.4,4.9,38,1017.4,17.6,24.3,0.86,6.1,213,8,,,,,,
Vector_CWB_FB_46714D,"2011-01-23 06:00:00",4.8,3.8,15,1017.6,17.7,24.2,0.78,5.7,247,6.1,,,,,,
Vector_CWB_FB_46714D,"2011-01-23 07:00:00",4.4,3.3,334,1017,18.1,23.9,0.91,5.5,270,8,,,,,,
Vector_CWB_FB_46714D,"2011-01-23 08:00:00",4.9,3.6,339,1017.1,19.1,23.8,1.04,5.4,258,5.8,,,,,,
Vector_CWB_FB_46714D,"2011-01-23 09:00:00",4.1,2.6,19,1017.6,18.9,23.8,1.04,5.6,258,6.5,,,,,,
Vector_CWB_FB_46714D,"2011-01-23 10:00:00",3.6,2,21,1017.8,18.4,24,1.05,5.6,281,6.9,,,,,,
Vector_CWB_FB_46714D,"2011-01-23 11:00:00",4.5,2.8,309,1018,19.1,24,1.02,5.3,270,8.7,,,,,,
Vector_CWB_FB_46714D,"2011-01-23 12:00:00",5.3,2.9,304,1016.7,19.4,23.9,0.91,5.2,270,5.4,,,,,,
Vector_CWB_FB_46714D,"2011-01-23 13:00:00",3.7,2.6,296,1016,19.3,24.2,0.79,5.2,303,8,,,,,,
Vector_CWB_FB_46714D,"2011-01-23 14:00:00",6.2,4.5,320,1015.4,20.1,24.3,0.82,5.4,281,6.9,,,,,,
Vector_CWB_FB_46714D,"2011-01-23 15:00:00",8.4,6.6,327,1014.4,20.4,24.2,0.73,5,146,6.1,,,,,,
Vector_CWB_FB_46714D,"2011-01-23 16:00:00",8.8,6.6,332,1015.7,21.3,24.4,0.8,4.9,258,6.1,,,,,,
Vector_CWB_FB_46714D,"2011-01-23 17:00:00",8.3,6.4,330,1014.5,19.9,24,0.85,5.2,270,6.9,,,,,,
Vector_CWB_FB_46714D,"2011-01-23 18:00:00",7.5,5.4,338,1014.9,19.8,23.9,1.13,5.4,270,6.5,,,,,,
Vector_CWB_FB_46714D,"2011-01-23 19:00:00",7.4,5.9,332,1015.9,19.6,23.8,1.04,5.4,270,6.1,,,,,,
Vector_CWB_FB_46714D,"2011-01-23 20:00:00",9,6.3,330,1016,18.5,23.7,1.32,5.6,270,6.9,,,,,,
Vector_CWB_FB_46714D,"2011-01-23 21:00:00",8.1,5.9,337,1017.3,18.1,23.8,1.16,5.5,258,8,,,,,,
Vector_CWB_FB_46714D,"2011-01-23 22:00:00",8.2,5.4,335,1016.9,17.5,23.5,1.13,5.4,270,6.9,,,,,,
Vector_CWB_FB_46714D,"2011-01-23 23:00:00",6.6,4.4,335,1016.2,17,23.5,1.19,5.6,281,8,,,,,,
Vector_CWB_FB_46714D,"2011-01-24 00:00:00",4.9,3.3,352,1016.8,17.2,23.7,0.83,5,270,6.5,,,,,,
Vector_CWB_FB_46714D,"2011-01-24 01:00:00",3.8,2.1,344,1016.8,16.8,23.7,0.77,4.9,270,7.4,,,,,,
Vector_CWB_FB_46714D,"2011-01-24 02:00:00",4.7,2.6,355,1016.9,16.6,23.6,0.68,5.1,281,6.1,,,,,,
Vector_CWB_FB_46714D,"2011-01-24 03:00:00",5,3.2,360,1017.7,16.5,23.7,0.65,5.4,247,6.1,,,,,,
Vector_CWB_FB_46714D,"2011-01-24 04:00:00",6.1,3.5,356,1016.8,16.3,23.7,0.9,4.9,258,6.1,,,,,,
Vector_CWB_FB_46714D,"2011-01-24 05:00:00",6.9,4,356,1017.5,16.3,23.7,0.83,5.1,225,8,,,,,,
Vector_CWB_FB_46714D,"2011-01-24 06:00:00",5.3,3.2,357,1018.1,16.4,23.8,0.72,5.1,191,8.7,,,,,,
Vector_CWB_FB_46714D,"2011-01-24 07:00:00",3.3,2,19,1018.9,16.3,23.8,0.73,5.2,247,7.4,,,,,,
Vector_CWB_FB_46714D,"2011-01-24 08:00:00",3.9,1.9,9,1019.5,16.6,23.6,0.93,5.4,258,8.7,,,,,,
Vector_CWB_FB_46714D,"2011-01-24 09:00:00",5.5,4,344,1019.5,16.5,23.6,0.83,4.9,292,6.1,,,,,,
Vector_CWB_FB_46714D,"2011-01-24 10:00:00",4.8,3.3,327,1020.1,16.4,23.8,0.75,4.8,281,7.4,,,,,,
Vector_CWB_FB_46714D,"2011-01-24 11:00:00",7,5.5,324,1019.8,17,23.9,0.71,4.5,281,5.2,,,,,,
Vector_CWB_FB_46714D,"2011-01-24 12:00:00",9.5,7.2,334,1019.2,17.1,24.3,0.55,4.9,168,9.5,,,,,,
Vector_CWB_FB_46714D,"2011-01-24 13:00:00",7.9,6.1,334,1018.5,17.8,24.2,0.54,5.9,135,8.7,,,,,,
Vector_CWB_FB_46714D,"2011-01-24 14:00:00",5.3,3.4,319,1017.9,18.6,24.2,0.6,5.5,146,8.7,,,,,,
Vector_CWB_FB_46714D,"2011-01-24 15:00:00",5.3,3.7,316,1017.7,19,24,0.68,5.6,258,8.7,,,,,,
Vector_CWB_FB_46714D,"2011-01-24 16:00:00",4.9,3.8,316,1018,19.3,23.9,0.87,5.6,281,8,,,,,,
Vector_CWB_FB_46714D,"2011-01-24 17:00:00",5.8,3.9,321,1018.7,19.4,23.2,0.76,5.2,258,9.5,,,,,,
Vector_CWB_FB_46714D,"2011-01-24 18:00:00",6,4.5,321,1019.2,19.4,23,0.68,5,258,9.5,,,,,,
Vector_CWB_FB_46714D,"2011-01-24 19:00:00",5.5,4.1,334,1020,19.3,23,0.72,5.1,258,6.5,,,,,,
Vector_CWB_FB_46714D,"2011-01-24 20:00:00",7.1,5.4,334,1020.4,18.8,23,0.67,4.8,270,8,,,,,,
Vector_CWB_FB_46714D,"2011-01-24 21:00:00",7.2,5.5,336,1020.9,18.4,23,0.69,4.6,213,8.7,,,,,,
Vector_CWB_FB_46714D,"2011-01-24 22:00:00",6,4.3,333,1020.8,18.1,23.1,0.99,5.3,270,6.9,,,,,,
Vector_CWB_FB_46714D,"2011-01-24 23:00:00",5.6,4.4,336,1021,18.2,24.4,0.77,5,258,5.8,,,,,,
Vector_CWB_FB_46714D,"2011-01-25 00:00:00",5.9,4.3,335,1020.5,17.8,24.5,0.71,5.2,123,8,,,,,,
Vector_CWB_FB_46714D,"2011-01-25 01:00:00",5.8,4.7,329,1020.6,17.6,24.5,0.69,5.6,146,9.5,,,,,,
Vector_CWB_FB_46714D,"2011-01-25 02:00:00",7.3,4.9,335,1020.8,17.4,24.4,0.75,5.6,135,8,,,,,,
Vector_CWB_FB_46714D,"2011-01-25 03:00:00",7.1,4.7,342,1021.1,17,24.3,0.75,5.5,135,8,,,,,,
Vector_CWB_FB_46714D,"2011-01-25 04:00:00",6.1,3.7,343,1021.4,16.5,24.2,0.8,4.9,202,6.5,,,,,,
Vector_CWB_FB_46714D,"2011-01-25 05:00:00",9.4,6.5,339,1021.7,16.3,23.5,1.08,5.3,236,8,,,,,,
Vector_CWB_FB_46714D,"2011-01-25 06:00:00",5.8,4.4,355,1020.1,15.4,22.7,1.05,5.4,258,6.1,,,,,,
Vector_CWB_FB_46714D,"2011-01-25 07:00:00",3.2,2.2,16,1022.8,15.9,23,1.11,5.5,281,6.5,,,,,,
Vector_CWB_FB_46714D,"2011-01-25 08:00:00",4,2.5,7,1023,16.2,23.2,1.12,5.3,258,7.4,,,,,,
Vector_CWB_FB_46714D,"2011-01-25 09:00:00",4.2,1.9,353,1023.2,17.1,24.3,0.92,5.3,146,7.4,,,,,,
Vector_CWB_FB_46714D,"2011-01-25 10:00:00",4.5,3.5,42,1022.8,17.3,24.3,0.92,5.4,258,7.4,,,,,,
Vector_CWB_FB_46714D,"2011-01-25 11:00:00",4.4,3.3,48,1022,18.4,24.5,0.87,5.2,281,8,,,,,,
Vector_CWB_FB_46714D,"2011-01-25 12:00:00",4.9,2.8,320,1020.1,19,24.3,0.77,5.3,270,6.5,,,,,,
Vector_CWB_FB_46714D,"2011-01-25 13:00:00",4.5,3.2,294,1020.3,19.4,24.6,0.73,5.9,270,8,,,,,,
Vector_CWB_FB_46714D,"2011-01-25 14:00:00",5.5,4.1,302,1019.6,19.9,24.5,0.8,6.2,157,8.7,,,,,,
Vector_CWB_FB_46714D,"2011-01-25 15:00:00",6.3,4.4,322,1019,20.5,24.2,0.76,6.3,168,7.4,,,,,,
Vector_CWB_FB_46714D,"2011-01-25 16:00:00",7.1,5.4,324,1018.9,20.3,23.7,0.77,6.2,157,7.4,,,,,,
Vector_CWB_FB_46714D,"2011-01-25 17:00:00",5.7,3.7,332,1019.2,20.3,23.8,0.83,5.7,191,7.4,,,,,,
Vector_CWB_FB_46714D,"2011-01-25 18:00:00",6.2,4.7,344,1019.4,20.3,23.4,1.11,5.7,258,8,,,,,,
Vector_CWB_FB_46714D,"2011-01-25 19:00:00",5.2,3.4,348,1020.1,20.3,23.6,1.19,5.7,258,6.5,,,,,,
Vector_CWB_FB_46714D,"2011-01-25 20:00:00",5.2,3.8,347,1020.5,20,23.7,1.19,5.5,270,7.4,,,,,,
Vector_CWB_FB_46714D,"2011-01-25 21:00:00",5.5,4,347,1020.8,19.5,23.6,1.33,5.9,270,7.4,,,,,,
Vector_CWB_FB_46714D,"2011-01-25 22:00:00",6.2,4.4,342,1021.1,19.3,23.7,1.14,5.6,270,6.5,,,,,,
Vector_CWB_FB_46714D,"2011-01-25 23:00:00",3.9,2.9,19,1020.9,19,23.5,1.22,5.4,258,7.4,,,,,,
Vector_CWB_FB_46714D,"2011-01-26 00:00:00",2.4,1.5,27,1019.3,18.2,23.1,1.01,5.2,168,8,,,,,,
Vector_CWB_FB_46714D,"2011-01-26 01:00:00",3.9,2.6,359,1019.2,18.2,23.6,0.91,5.5,123,6.9,,,,,,
Vector_CWB_FB_46714D,"2011-01-26 02:00:00",3.9,2.4,357,1019.2,18,23.6,0.77,5.7,135,6.9,,,,,,
Vector_CWB_FB_46714D,"2011-01-26 03:00:00",3.4,2.1,352,1019.5,17.6,23.6,0.85,6.2,135,6.9,,,,,,
Vector_CWB_FB_46714D,"2011-01-26 04:00:00",5,3.6,359,1019.1,17.6,23.4,0.85,6,135,8.7,,,,,,
Vector_CWB_FB_46714D,"2011-01-26 05:00:00",4.4,3.1,2,1020.3,17.7,23.5,1.12,5.6,247,7.4,,,,,,
Vector_CWB_FB_46714D,"2011-01-26 06:00:00",5.2,3.6,342,1019.9,17.1,23.4,1.05,5.5,191,8.7,,,,,,
Vector_CWB_FB_46714D,"2011-01-26 07:00:00",5.9,4,343,1020.3,16.8,23.4,1.04,5.6,191,8,,,,,,
Vector_CWB_FB_46714D,"2011-01-26 08:00:00",6.3,5.1,338,1021.4,17.2,23.5,0.98,5.5,180,8.7,,,,,,
Vector_CWB_FB_46714D,"2011-01-26 09:00:00",5.8,4.1,332,1021.7,17.5,23.4,1.15,5.6,157,9.5,,,,,,
Vector_CWB_FB_46714D,"2011-01-26 10:00:00",6.6,4.2,324,1021.3,17.3,23.4,1.14,5.7,191,8,,,,,,
Vector_CWB_FB_46714D,"2011-01-26 11:00:00",5.8,4.3,316,1020.4,17.6,23.3,0.99,5.5,157,8.7,,,,,,
Vector_CWB_FB_46714D,"2011-01-26 12:00:00",6.1,4.4,325,1019.8,18.4,23.5,0.93,5.2,157,6.5,,,,,,
Vector_CWB_FB_46714D,"2011-01-26 13:00:00",6,4.2,320,1018.3,18.9,23.3,0.78,5.4,303,6.9,,,,,,
Vector_CWB_FB_46714D,"2011-01-26 14:00:00",5.4,3.7,320,1017.8,19.6,23.5,0.67,5.7,135,8,,,,,,
Vector_CWB_FB_46714D,"2011-01-26 15:00:00",4.2,2.5,282,1017.6,20.4,23.6,0.73,6.2,146,8,,,,,,
Vector_CWB_FB_46714D,"2011-01-26 16:00:00",4.9,3.1,311,1017.3,20,23.3,0.79,5.7,146,6.9,,,,,,
Vector_CWB_FB_46714D,"2011-01-26 17:00:00",5.5,3.8,323,1017.9,19.7,23.2,0.79,5.4,202,9.5,,,,,,
Vector_CWB_FB_46714D,"2011-01-26 18:00:00",5,3.4,308,1018.7,19.6,23.2,0.89,5.2,180,9.5,,,,,,
Vector_CWB_FB_46714D,"2011-01-26 19:00:00",7.1,4.7,321,1018.5,19.5,22.9,0.75,5,202,8,,,,,,
Vector_CWB_FB_46714D,"2011-01-26 20:00:00",6,4.3,325,1019.6,19.4,23.1,0.82,5.2,213,5.8,,,,,,
Vector_CWB_FB_46714D,"2011-01-26 21:00:00",6.2,4.6,323,1019.7,18.7,23.1,0.85,5,213,7.4,,,,,,
Vector_CWB_FB_46714D,"2011-01-26 22:00:00",6.1,4.7,319,1020,18.5,23.1,0.84,5.2,202,6.9,,,,,,
Vector_CWB_FB_46714D,"2011-01-26 23:00:00",6,4.6,319,1019.9,18.1,23,0.77,5.2,135,10.4,,,,,,
Vector_CWB_FB_46714D,"2011-01-27 00:00:00",5.1,3.4,329,1019.6,17.6,23,0.78,5.3,157,10.4,,,,,,
Vector_CWB_FB_46714D,"2011-01-27 01:00:00",4.9,3.8,332,1019.8,17.4,23.2,0.75,5.2,180,7.4,,,,,,
Vector_CWB_FB_46714D,"2011-01-27 02:00:00",5.1,3.8,332,1018.8,17.3,23.3,0.86,5.5,135,8.7,,,,,,
Vector_CWB_FB_46714D,"2011-01-27 03:00:00",5.7,4,331,1019.1,17.1,23.3,0.61,5.4,135,8,,,,,,
Vector_CWB_FB_46714D,"2011-01-27 04:00:00",6.9,5.3,330,1018.8,17.2,23.3,0.68,5.5,202,9.5,,,,,,
Vector_CWB_FB_46714D,"2011-01-27 05:00:00",5.4,3.7,338,1019.1,17.2,23.2,0.72,5,225,8,,,,,,
Vector_CWB_FB_46714D,"2011-01-27 06:00:00",4.5,3.2,360,1019,17,22.9,0.73,4.9,270,5.2,,,,,,
Vector_CWB_FB_46714D,"2011-01-27 07:00:00",4.1,2.8,16,1019.9,16.8,22.9,0.77,5.1,270,7.4,,,,,,
Vector_CWB_FB_46714D,"2011-01-27 08:00:00",4.1,2.8,21,1021,17.1,23.1,0.72,5.1,247,6.1,,,,,,
Vector_CWB_FB_46714D,"2011-01-27 09:00:00",3.7,2.6,27,1021.5,17.4,23.1,0.71,5.2,202,6.5,,,,,,
Vector_CWB_FB_46714D,"2011-01-27 10:00:00",3,2.3,68,1020.9,19,23.2,0.82,5.6,168,9.5,,,,,,
Vector_CWB_FB_46714D,"2011-01-27 11:00:00",2,1.1,16,1020.4,19.7,23.3,0.7,5,281,6.9,,,,,,
Vector_CWB_FB_46714D,"2011-01-27 12:00:00",4.9,3.7,304,1019.5,19.7,23.4,0.81,5.4,225,7.4,,,,,,
Vector_CWB_FB_46714D,"2011-01-27 13:00:00",5.7,4.3,306,1018.2,20.1,23.9,0.87,5.6,146,8.7,,,,,,
Vector_CWB_FB_46714D,"2011-01-27 14:00:00",5.9,4.7,301,1017.2,20.1,24,0.79,5.7,146,8.7,,,,,,
Vector_CWB_FB_46714D,"2011-01-27 15:00:00",5.7,4.5,310,1016.7,20.6,23.9,0.67,5.5,146,9.5,,,,,,
Vector_CWB_FB_46714D,"2011-01-27 16:00:00",5.9,4.7,307,1016.6,20.6,23.9,0.7,5.8,157,6.5,,,,,,
Vector_CWB_FB_46714D,"2011-01-27 17:00:00",5.6,4,315,1017,20.6,24,0.82,5.7,157,7.4,,,,,,
Vector_CWB_FB_46714D,"2011-01-27 18:00:00",5.8,4.4,320,1017,20.2,23.9,0.98,5.5,146,9.5,,,,,,
Vector_CWB_FB_46714D,"2011-01-27 19:00:00",7.2,4.8,329,1017.4,20,23.8,0.88,5.3,123,8.7,,,,,,
Vector_CWB_FB_46714D,"2011-01-27 20:00:00",7.2,5.5,325,1017.9,19.6,23.8,0.85,5.1,135,9.5,,,,,,
Vector_CWB_FB_46714D,"2011-01-27 21:00:00",6.8,4.9,330,1018.7,19.3,23.4,0.79,4.8,157,7.4,,,,,,
Vector_CWB_FB_46714D,"2011-01-27 22:00:00",5.9,4,338,1018.5,19.1,23.3,0.85,5.2,146,7.4,,,,,,
Vector_CWB_FB_46714D,"2011-01-27 23:00:00",3.9,2.6,4,1018.8,19.1,23.2,0.8,5.3,202,10.4,,,,,,
Vector_CWB_FB_46714D,"2011-01-28 00:00:00",4.7,3.2,340,1018.4,19.1,23.9,0.87,5.8,135,10.4,,,,,,
Vector_CWB_FB_46714D,"2011-01-28 01:00:00",3,1.9,343,1017.7,18.8,23.9,0.7,5.5,135,10.4,,,,,,
Vector_CWB_FB_46714D,"2011-01-28 02:00:00",4.7,2.9,351,1017,18.4,24,0.81,6.2,146,9.5,,,,,,
Vector_CWB_FB_46714D,"2011-01-28 03:00:00",5.4,3.7,340,1017,18.3,24.1,0.77,6,157,8,,,,,,
Vector_CWB_FB_46714D,"2011-01-28 04:00:00",6,4.5,350,1016.2,17.6,24.1,0.71,5.3,123,6.5,,,,,,
Vector_CWB_FB_46714D,"2011-01-28 05:00:00",6.3,4.2,337,1016.2,17.8,24.1,0.74,5.5,157,8.7,,,,,,
Vector_CWB_FB_46714D,"2011-01-28 06:00:00",6.6,4.3,341,1016.7,17.5,23.9,0.79,5,180,8,,,,,,
Vector_CWB_FB_46714D,"2011-01-28 07:00:00",7.3,4.8,352,1017,17.3,23.5,0.87,5,168,8.7,,,,,,
Vector_CWB_FB_46714D,"2011-01-28 08:00:00",6.2,3.3,349,1018.3,17.1,23.6,0.83,4.8,157,8.7,,,,,,
Vector_CWB_FB_46714D,"2011-01-28 09:00:00",5.3,3.8,358,1018.7,17.5,23.6,0.84,5.3,168,9.5,,,,,,
Vector_CWB_FB_46714D,"2011-01-28 10:00:00",5.7,3.5,341,1018.7,18.1,23.7,0.84,5,168,8,,,,,,
Vector_CWB_FB_46714D,"2011-01-28 11:00:00",6.6,4.9,318,1018.5,18.6,23.7,0.88,5.9,168,9.5,,,,,,
Vector_CWB_FB_46714D,"2011-01-28 12:00:00",9.6,7.5,325,1017.6,18.9,24.1,0.89,5.2,157,9.5,,,,,,
Vector_CWB_FB_46714D,"2011-01-28 13:00:00",6.8,5,333,1016.3,19.5,24,0.83,5.5,146,8.7,,,,,,
Vector_CWB_FB_46714D,"2011-01-28 14:00:00",8.9,6,338,1016.1,20.1,23.9,0.81,5.4,168,10.4,,,,,,
Vector_CWB_FB_46714D,"2011-01-28 15:00:00",8.6,6.4,332,1015.7,20.5,23.9,0.93,5.4,180,6.9,,,,,,
Vector_CWB_FB_46714D,"2011-01-28 16:00:00",8.6,6.1,329,1015.3,20.5,23.8,0.83,5.6,157,9.5,,,,,,
Vector_CWB_FB_46714D,"2011-01-28 17:00:00",6.7,4.9,338,1015.5,20.3,23.7,0.75,5.2,168,9.5,,,,,,
Vector_CWB_FB_46714D,"2011-01-28 18:00:00",6.9,4,343,1016,20.3,23.8,0.82,5.5,157,10.4,,,,,,
Vector_CWB_FB_46714D,"2011-01-28 19:00:00",4.4,2.6,338,1016.1,20.4,24.2,0.83,5.5,135,9.5,,,,,,
Vector_CWB_FB_46714D,"2011-01-28 20:00:00",5.5,4,330,1016.5,19.9,24.3,0.78,5.8,135,8.7,,,,,,
Vector_CWB_FB_46714D,"2011-01-28 21:00:00",6.1,4.4,331,1016.6,19.3,24.3,0.88,5.8,146,10.4,,,,,,
Vector_CWB_FB_46714D,"2011-01-28 22:00:00",5.9,3.8,331,1017.1,18.7,24.3,0.81,5.4,146,6.5,,,,,,
Vector_CWB_FB_46714D,"2011-01-28 23:00:00",5.8,3.9,333,1017.2,18.2,24.2,0.8,5.7,146,10.4,,,,,,
Vector_CWB_FB_46714D,"2011-01-29 00:00:00",5,3,333,1017.3,17.8,24.3,0.75,5.6,146,9.5,,,,,,
Vector_CWB_FB_46714D,"2011-01-29 01:00:00",4.4,2.6,330,1016.7,17.4,24.2,0.73,5.5,146,9.5,,,,,,
Vector_CWB_FB_46714D,"2011-01-29 02:00:00",4.8,3.6,331,1016.5,17.2,24.2,0.75,5.6,123,10.4,,,,,,
Vector_CWB_FB_46714D,"2011-01-29 03:00:00",5.8,3.6,350,1016.7,16.7,24.3,0.8,5.8,168,8.7,,,,,,
Vector_CWB_FB_46714D,"2011-01-29 04:00:00",6,3.7,354,1017,16.4,24.3,0.69,5.6,135,7.4,,,,,,
Vector_CWB_FB_46714D,"2011-01-29 05:00:00",6.4,4.2,340,1017.5,16.4,24.3,0.85,6.6,146,11.6,,,,,,
Vector_CWB_FB_46714D,"2011-01-29 06:00:00",7.3,5.1,353,1017.8,16,24.3,0.71,5.9,146,9.5,,,,,,
Vector_CWB_FB_46714D,"2011-01-29 07:00:00",6.5,4.2,349,1018.9,16,24.2,0.84,5.8,168,10.4,,,,,,
Vector_CWB_FB_46714D,"2011-01-29 08:00:00",4.8,3.2,335,1019.4,15.7,23.9,0.85,5.8,180,9.5,,,,,,
Vector_CWB_FB_46714D,"2011-01-29 09:00:00",5.7,3.5,349,1020,15.4,24,0.9,5.1,123,8.7,,,,,,
Vector_CWB_FB_46714D,"2011-01-29 10:00:00",5.7,3.6,351,1020.7,15.8,24.2,0.87,5.7,135,9.5,,,,,,
Vector_CWB_FB_46714D,"2011-01-29 11:00:00",5,2.9,328,1020.6,16.1,24.3,0.85,5.2,146,9.5,,,,,,
Vector_CWB_FB_46714D,"2011-01-29 12:00:00",4.7,3,334,1019.9,16.4,24.5,0.8,5.4,123,9.5,,,,,,
Vector_CWB_FB_46714D,"2011-01-29 13:00:00",6.1,3.6,338,1019,16.9,24.5,0.81,5.9,146,9.5,,,,,,
Vector_CWB_FB_46714D,"2011-01-29 14:00:00",4.3,2.7,340,1018.2,17.1,24.4,0.78,5.5,157,9.5,,,,,,
Vector_CWB_FB_46714D,"2011-01-29 15:00:00",4.6,2.4,327,1017.7,17.4,24.1,0.98,5.9,168,9.5,,,,,,
Vector_CWB_FB_46714D,"2011-01-29 16:00:00",3.6,2.2,343,1017.9,17.1,24,0.76,5.3,236,9.5,,,,,,
Vector_CWB_FB_46714D,"2011-01-29 17:00:00",4.3,2.4,325,1017.9,17.4,24.5,0.92,5.9,191,9.5,,,,,,
Vector_CWB_FB_46714D,"2011-01-29 18:00:00",4.7,3,323,1018.3,17.6,24.8,0.72,5.2,123,8,,,,,,
Vector_CWB_FB_46714D,"2011-01-29 19:00:00",5.1,3.7,339,1018.8,17.1,24.7,0.78,5.3,258,9.5,,,,,,
Vector_CWB_FB_46714D,"2011-01-29 20:00:00",6.6,3.8,340,1019.8,16.7,24.7,0.86,5.8,157,9.5,,,,,,
Vector_CWB_FB_46714D,"2011-01-29 21:00:00",4.6,2.9,339,1020.6,15.8,24.8,0.89,5.8,146,11.6,,,,,,
Vector_CWB_FB_46714D,"2011-01-29 22:00:00",4.3,3.1,357,1020.8,16,24.7,0.78,5.5,191,5.8,,,,,,
Vector_CWB_FB_46714D,"2011-01-29 23:00:00",4.1,2.6,9,1021.1,15.9,24.8,0.86,5.5,146,11.6,,,,,,
Vector_CWB_FB_46714D,"2011-01-30 00:00:00",3.9,2.8,355,1020.9,15.7,24.8,0.81,5.6,225,8.7,,,,,,
Vector_CWB_FB_46714D,"2011-01-30 01:00:00",4.7,3.1,330,1020.7,15.2,24.8,0.81,5.8,146,11.6,,,,,,
Vector_CWB_FB_46714D,"2011-01-30 02:00:00",4.2,2.6,1,1020,14.8,24.6,0.81,5.8,146,10.4,,,,,,
Vector_CWB_FB_46714D,"2011-01-30 03:00:00",3.3,2.1,354,1019.6,14.7,24.5,0.76,5.5,123,11.6,,,,,,
Vector_CWB_FB_46714D,"2011-01-30 04:00:00",3,1.8,347,1019.5,14.8,24.4,0.87,5.8,146,10.4,,,,,,
Vector_CWB_FB_46714D,"2011-01-30 05:00:00",4.6,2.9,352,1019.6,14.9,24.3,0.84,5.7,123,10.4,,,,,,
Vector_CWB_FB_46714D,"2011-01-30 06:00:00",5.9,4.2,356,1020,14.8,24.3,0.85,5.7,135,11.6,,,,,,
Vector_CWB_FB_46714D,"2011-01-30 07:00:00",5.3,3.7,352,1021.1,14.7,24.2,0.63,5.2,146,11.6,,,,,,
Vector_CWB_FB_46714D,"2011-01-30 08:00:00",5.3,3.8,3,1021.8,15,24.3,0.7,5.9,146,8.7,,,,,,
Vector_CWB_FB_46714D,"2011-01-30 09:00:00",5.4,3.5,338,1022.1,15.4,24.2,0.71,5.4,236,9.5,,,,,,
Vector_CWB_FB_46714D,"2011-01-30 10:00:00",4.9,3.3,349,1022.6,15.6,24.3,0.73,5.6,157,9.5,,,,,,
Vector_CWB_FB_46714D,"2011-01-30 11:00:00",4,2.5,8,1022,16.3,24.3,0.76,5.3,146,8.7,,,,,,
Vector_CWB_FB_46714D,"2011-01-30 12:00:00",3.7,2.2,8,1021.1,16.9,24.3,0.86,5.4,157,8.7,,,,,,
Vector_CWB_FB_46714D,"2011-01-30 13:00:00",2.5,1.7,66,1019.6,17.7,24.4,0.84,4.9,270,6.1,,,,,,
Vector_CWB_FB_46714D,"2011-01-30 14:00:00",3.4,2.3,155,1019,18.3,24.3,0.81,5.3,180,10.4,,,,,,
Vector_CWB_FB_46714D,"2011-01-30 15:00:00",4,2.6,241,1018.9,19.1,24.3,0.82,5.4,258,6.5,,,,,,
Vector_CWB_FB_46714D,"2011-01-30 16:00:00",8.5,6.3,308,1018.8,18.7,24.2,0.87,5.2,258,8,,,,,,
Vector_CWB_FB_46714D,"2011-01-30 17:00:00",8.1,6.2,318,1019.3,18,24.1,0.8,4.8,157,10.4,,,,,,
Vector_CWB_FB_46714D,"2011-01-30 18:00:00",7.5,5.9,319,1019.5,18.1,24.1,0.9,4.9,202,9.5,,,,,,
Vector_CWB_FB_46714D,"2011-01-30 19:00:00",7.1,5.3,332,1019.9,17.8,24.1,0.82,5,225,11.6,,,,,,
Vector_CWB_FB_46714D,"2011-01-30 20:00:00",5.9,4.7,326,1020.1,17.2,24,0.89,5.1,191,8.7,,,,,,
Vector_CWB_FB_46714D,"2011-01-30 21:00:00",6.5,3.6,335,1020.4,16.7,24,0.89,5.4,168,10.4,,,,,,
Vector_CWB_FB_46714D,"2011-01-30 22:00:00",4.5,2.9,337,1021.1,16.4,24.1,0.81,5.2,157,10.4,,,,,,
Vector_CWB_FB_46714D,"2011-01-30 23:00:00",4.5,3.1,342,1020.8,16,24.2,0.8,5.4,123,8,,,,,,
Vector_CWB_FB_46714D,"2011-01-31 00:00:00",4,2.7,5,1020.9,16.1,24.2,0.83,5.8,168,10.4,,,,,,
Vector_CWB_FB_46714D,"2011-01-31 01:00:00",2.6,1.5,340,1020.4,16.1,24,0.77,5.5,146,7.4,,,,,,
Vector_CWB_FB_46714D,"2011-01-31 02:00:00",3.7,2.3,6,1020.4,15.1,24,0.77,5.4,157,8,,,,,,
Vector_CWB_FB_46714D,"2011-01-31 03:00:00",3.2,2.3,356,1020.4,15.8,24.1,0.74,5.1,135,8.7,,,,,,
Vector_CWB_FB_46714D,"2011-01-31 04:00:00",4.4,3.3,344,1020.2,15.7,24.1,0.74,5.3,135,9.5,,,,,,
Vector_CWB_FB_46714D,"2011-01-31 05:00:00",3.2,2.2,351,1020.6,15.3,24.2,0.79,5.9,157,11.6,,,,,,
Vector_CWB_FB_46714D,"2011-01-31 06:00:00",3.3,2.2,354,1020.8,15.1,24.1,0.75,5.6,146,10.4,,,,,,
Vector_CWB_FB_46714D,"2011-01-31 07:00:00",4.4,3.1,349,1021.2,15.1,24.2,0.71,5.6,157,8,,,,,,
Vector_CWB_FB_46714D,"2011-01-31 08:00:00",4.6,3.1,355,1021.7,14.9,24.3,0.78,6,146,10.4,,,,,,
Vector_CWB_FB_46714D,"2011-01-31 09:00:00",4.8,3.2,30,1022.2,15.1,24.3,0.68,6.1,135,9.5,,,,,,
Vector_CWB_FB_46714D,"2011-01-31 10:00:00",,,,1022.1,16,24.3,0.72,6,135,10.4,,,,,,
Vector_CWB_FB_46714D,"2011-01-31 11:00:00",3.6,2.3,326,1021.8,16.8,24.5,0.72,5.3,135,5.4,,,,,,
Vector_CWB_FB_46714D,"2011-01-31 12:00:00",3.7,2.4,300,1020.8,17.1,24.4,0.85,5.3,157,9.5,,,,,,
Vector_CWB_FB_46714D,"2011-01-31 13:00:00",6,4,293,1019.6,17.4,24.2,0.85,5.2,247,8.7,,,,,,
Vector_CWB_FB_46714D,"2011-01-31 14:00:00",5.8,3.6,303,1018.7,17.5,24.3,0.93,4.9,157,8.7,,,,,,
Vector_CWB_FB_46714D,"2011-01-31 15:00:00",3.5,2.1,281,1017.7,17.9,24.2,0.85,5.1,191,8.7,,,,,,
Vector_CWB_FB_46714D,"2011-01-31 16:00:00",3,1.1,229,1017.8,18.3,24.2,0.82,5,202,10.4,,,,,,
Vector_CWB_FB_46714D,"2011-01-31 17:00:00",4.3,2.2,247,1018,18.2,24.2,0.86,5.2,180,10.4,,,,,,
Vector_CWB_FB_46714D,"2011-01-31 18:00:00",3.6,2.4,261,1018.2,18.4,24.1,0.76,5.1,236,10.4,,,,,,
Vector_CWB_FB_46714D,"2011-01-31 19:00:00",5.5,3.7,291,1019,18.9,24.2,0.87,4.9,202,10.4,,,,,,
Vector_CWB_FB_46714D,"2011-01-31 20:00:00",5.3,3.3,306,1019.5,18.7,24.3,0.79,4.9,191,9.5,,,,,,
Vector_CWB_FB_46714D,"2011-01-31 21:00:00",5.4,4.2,331,1018.6,17.6,24.2,0.75,5.1,180,10.4,,,,,,
Vector_CWB_FB_46714D,"2011-01-31 22:00:00",6.7,4.6,340,1018.5,16.8,24.7,0.76,5,146,8,,,,,,
Vector_CWB_FB_46714D,"2011-01-31 23:00:00",4.2,2.8,348,1019.5,16.5,24.8,0.82,5.3,135,8.7,,,,,,
Vector_CWB_FB_46714D,"2011-02-01 00:00:00",3.7,2.1,11,1019.4,16.4,24.8,0.91,5.7,135,9.5,,,,,,
Vector_CWB_FB_46714D,"2011-02-01 01:00:00",3.6,2.5,8,1019.2,16.5,24.8,0.9,5.8,135,7.4,,,,,,
Vector_CWB_FB_46714D,"2011-02-01 02:00:00",5.3,3.2,342,1018.5,16.1,24.7,0.84,6,146,10.4,,,,,,
Vector_CWB_FB_46714D,"2011-02-01 03:00:00",4.9,3.6,334,1018.3,16.3,24.7,0.78,5.9,135,5.8,,,,,,
Vector_CWB_FB_46714D,"2011-02-01 04:00:00",6,4.6,345,1017.8,16,24.7,0.86,5.9,146,10.4,,,,,,
Vector_CWB_FB_46714D,"2011-02-01 05:00:00",5.7,4.4,351,1017.5,16,24.6,0.8,5.6,157,11.6,,,,,,
Vector_CWB_FB_46714D,"2011-02-01 06:00:00",6,4.6,345,1018.3,15.9,24.7,0.76,5.9,146,10.4,,,,,,
Vector_CWB_FB_46714D,"2011-02-01 07:00:00",4.4,3.1,24,1019,15.5,24.7,0.93,6.6,146,11.6,,,,,,
Vector_CWB_FB_46714D,"2011-02-01 08:00:00",4.3,2.9,16,1019.2,16,24.7,0.78,6.5,135,9.5,,,,,,
Vector_CWB_FB_46714D,"2011-02-01 09:00:00",4.6,3.3,16,1019.4,16.8,24.8,0.84,6.5,135,11.6,,,,,,
Vector_CWB_FB_46714D,"2011-02-01 10:00:00",4,3,57,1019.7,17.7,24.7,0.76,6.2,146,8.7,,,,,,
Vector_CWB_FB_46714D,"2011-02-01 11:00:00",,,,1019.4,18.6,24.6,0.88,6.2,157,10.4,,,,,,
Vector_CWB_FB_46714D,"2011-02-01 12:00:00",4.9,3.7,300,1018.9,19,24.6,0.98,5.9,202,7.4,,,,,,
Vector_CWB_FB_46714D,"2011-02-01 13:00:00",9,6.8,311,1017.4,18.5,24.4,0.72,5.4,168,8,,,,,,
Vector_CWB_FB_46714D,"2011-02-01 14:00:00",8.4,6,330,1015.6,18.2,24.3,0.85,4.9,202,8,,,,,,
Vector_CWB_FB_46714D,"2011-02-01 15:00:00",7.3,5.7,326,1015.3,19.1,24.4,0.75,5,157,10.4,,,,,,
Vector_CWB_FB_46714D,"2011-02-01 16:00:00",5.9,4.2,327,1014.7,19.7,24.4,0.87,5.8,146,11.6,,,,,,
Vector_CWB_FB_46714D,"2011-02-01 17:00:00",9,5.5,332,1015.3,19.7,24.4,0.89,5.5,168,10.4,,,,,,
Vector_CWB_FB_46714D,"2011-02-01 18:00:00",8.8,5.9,344,1015.6,19.5,24.4,0.94,5.4,157,9.5,,,,,,
Vector_CWB_FB_46714D,"2011-02-01 19:00:00",8.5,5.7,353,1016.4,19.4,24.3,0.88,5.4,157,10.4,,,,,,
Vector_CWB_FB_46714D,"2011-02-01 20:00:00",6.1,4.5,360,1015.9,19.4,24.3,0.95,6.1,180,9.5,,,,,,
Vector_CWB_FB_46714D,"2011-02-01 21:00:00",6,4.3,355,1015.8,18.8,24.2,0.84,6,168,9.5,,,,,,
Vector_CWB_FB_46714D,"2011-02-01 22:00:00",4.4,3.5,7,1016.2,18.3,24.5,0.8,5.9,123,10.4,,,,,,
Vector_CWB_FB_46714D,"2011-02-01 23:00:00",4.8,3.6,357,1016.6,18.2,24.5,0.76,5.1,146,7.4,,,,,,
Vector_CWB_FB_46714D,"2011-02-02 00:00:00",5.2,3.5,358,1016.2,17.2,24.5,0.97,5.6,157,8,,,,,,
Vector_CWB_FB_46714D,"2011-02-02 01:00:00",3.6,2.4,12,1016.7,17.5,24.5,0.72,5.2,236,6.1,,,,,,
Vector_CWB_FB_46714D,"2011-02-02 02:00:00",4.8,3.4,9,1015.8,16.7,24.4,0.8,5.6,180,9.5,,,,,,
Vector_CWB_FB_46714D,"2011-02-02 03:00:00",4.7,3.3,11,1015.3,16.3,24.3,0.87,5.4,168,10.4,,,,,,
Vector_CWB_FB_46714D,"2011-02-02 04:00:00",5.9,4.6,352,1015.6,16.7,24.4,0.83,5.9,180,10.4,,,,,,
Vector_CWB_FB_46714D,"2011-02-02 05:00:00",4.2,3,359,1015.1,16.5,24.5,0.8,5.9,157,9.5,,,,,,
Vector_CWB_FB_46714D,"2011-02-02 06:00:00",7.2,5.4,341,1015,16,24.3,0.82,5.5,157,9.5,,,,,,
Vector_CWB_FB_46714D,"2011-02-02 07:00:00",4.8,3.4,12,1015.7,16.5,24.4,0.72,5.3,146,8,,,,,,
Vector_CWB_FB_46714D,"2011-02-02 08:00:00",4.3,3.1,15,1016.9,16.7,24.8,0.92,6.7,123,10.4,,,,,,
Vector_CWB_FB_46714D,"2011-02-02 09:00:00",4.8,3.4,36,1017.2,17.8,24.8,0.9,6.4,123,9.5,,,,,,
Vector_CWB_FB_46714D,"2011-02-02 10:00:00",4.4,2.1,347,1017,18.4,24.6,0.9,6.2,157,6.9,,,,,,
Vector_CWB_FB_46714D,"2011-02-02 11:00:00",6.1,4.4,327,1016.8,18.9,24.5,0.84,5.5,146,11.6,,,,,,
Vector_CWB_FB_46714D,"2011-02-02 12:00:00",8.7,6.3,334,1015.3,19,24.5,0.9,4.7,168,6.9,,,,,,
Vector_CWB_FB_46714D,"2011-02-02 13:00:00",6.8,5,334,1014.7,19.5,24.5,0.81,4.3,157,6.1,,,,,,
Vector_CWB_FB_46714D,"2011-02-02 14:00:00",6.7,5.2,328,1013.9,20.3,24.6,0.65,4.8,180,5.8,,,,,,
Vector_CWB_FB_46714D,"2011-02-02 15:00:00",6.8,5,335,1013.4,20.4,24.5,0.61,4.7,180,9.5,,,,,,
Vector_CWB_FB_46714D,"2011-02-02 16:00:00",7.2,5.8,328,1013.3,20,24.6,0.72,5,168,9.5,,,,,,
Vector_CWB_FB_46714D,"2011-02-02 17:00:00",6.9,4.9,334,1013.6,20.2,24.5,0.66,4.7,168,6.1,,,,,,
Vector_CWB_FB_46714D,"2011-02-02 18:00:00",6.8,4.9,338,1014.1,19.9,24.5,0.7,4.9,146,7.4,,,,,,
Vector_CWB_FB_46714D,"2011-02-02 19:00:00",6.4,4.4,341,1014.2,19.8,24.5,0.69,5.2,157,6.9,,,,,,
Vector_CWB_FB_46714D,"2011-02-02 20:00:00",5.7,4.1,357,1014.9,19.5,24.5,0.69,5.3,146,10.4,,,,,,
Vector_CWB_FB_46714D,"2011-02-02 21:00:00",5.2,4,350,1015.5,19.3,24.5,0.85,5.7,135,6.1,,,,,,
Vector_CWB_FB_46714D,"2011-02-02 22:00:00",3.1,2.1,10,1015.8,19,24.5,0.66,5.1,168,11.6,,,,,,
Vector_CWB_FB_46714D,"2011-02-02 23:00:00",2.8,2.1,348,1016.1,18.9,24.5,0.63,5.4,157,6.5,,,,,,
Vector_CWB_FB_46714D,"2011-02-03 00:00:00",3.4,2.3,358,1015.8,18.4,24.5,0.71,5.9,146,6.9,,,,,,
Vector_CWB_FB_46714D,"2011-02-03 01:00:00",3.3,2.2,5,1015.8,18.2,24.5,0.73,5.7,146,6.5,,,,,,
Vector_CWB_FB_46714D,"2011-02-03 02:00:00",2.7,1.9,14,1015.1,17.6,24.4,0.78,5.3,180,6.1,,,,,,
Vector_CWB_FB_46714D,"2011-02-03 03:00:00",3.3,2.4,9,1014.6,17.6,24.3,0.74,4.8,281,6.1,,,,,,
Vector_CWB_FB_46714D,"2011-02-03 04:00:00",3.6,2.6,12,1014.4,17.3,24.2,0.67,5,180,8.7,,,,,,
Vector_CWB_FB_46714D,"2011-02-03 05:00:00",4.5,3.3,16,1014.5,17.6,24.2,0.59,4.8,247,6.5,,,,,,
Vector_CWB_FB_46714D,"2011-02-03 06:00:00",3.2,2,11,1015.2,17.8,24.2,0.81,5.5,146,10.4,,,,,,
Vector_CWB_FB_46714D,"2011-02-03 07:00:00",3.6,2.7,18,1015.3,17.6,24.2,0.75,5.6,146,10.4,,,,,,
Vector_CWB_FB_46714D,"2011-02-03 08:00:00",3.9,2.8,359,1015.4,18.1,24.2,0.64,6.1,146,10.4,,,,,,
Vector_CWB_FB_46714D,"2011-02-03 09:00:00",5,3.7,343,1015.6,19.5,24.3,0.52,6.4,146,10.4,,,,,,
Vector_CWB_FB_46714D,"2011-02-03 10:00:00",4.7,3.5,335,1016.4,19.5,24.4,0.51,5.8,146,11.6,,,,,,
Vector_CWB_FB_46714D,"2011-02-03 11:00:00",6.6,4.5,324,1016.4,19.5,24.5,0.63,4.9,146,7.4,,,,,,
Vector_CWB_FB_46714D,"2011-02-03 12:00:00",7.5,5.5,325,1014.9,19.8,24.3,0.74,5,168,11.6,,,,,,
Vector_CWB_FB_46714D,"2011-02-03 13:00:00",8.3,6.1,329,1013.5,20.1,24.3,0.7,4.9,247,6.5,,,,,,
Vector_CWB_FB_46714D,"2011-02-03 14:00:00",8.8,6.4,326,1012.9,20.6,24.3,0.59,4.7,123,10.4,,,,,,
Vector_CWB_FB_46714D,"2011-02-03 15:00:00",8.4,6.5,329,1012.5,20.8,24.3,0.7,5.3,157,10.4,,,,,,
Vector_CWB_FB_46714D,"2011-02-03 16:00:00",9.1,6.7,329,1012.4,21,24.3,0.59,4.7,157,10.4,,,,,,
Vector_CWB_FB_46714D,"2011-02-03 17:00:00",8.1,6.3,333,1012.8,21.1,24.2,0.63,5.1,168,9.5,,,,,,
Vector_CWB_FB_46714D,"2011-02-03 18:00:00",7.3,5.3,338,1012.7,21.1,24,0.62,4.7,146,7.4,,,,,,
Vector_CWB_FB_46714D,"2011-02-03 19:00:00",7,4.6,350,1013.6,21.4,24.1,0.58,4.7,135,9.5,,,,,,
Vector_CWB_FB_46714D,"2011-02-03 20:00:00",4.7,3.2,358,1014.4,21.5,24.2,0.61,5.3,146,10.4,,,,,,
Vector_CWB_FB_46714D,"2011-02-03 21:00:00",3,1.8,33,1014.3,21.1,24.1,0.72,5.7,123,10.4,,,,,,
Vector_CWB_FB_46714D,"2011-02-03 22:00:00",2.8,2.2,1,1014.2,21.1,24.1,0.62,5.9,135,10.4,,,,,,
Vector_CWB_FB_46714D,"2011-02-03 23:00:00",3.2,2.2,342,1013.9,20.8,24.1,0.55,6.2,135,8.7,,,,,,
Vector_CWB_FB_46714D,"2011-02-04 00:00:00",4.6,3.2,337,1014.2,20,24.2,0.65,6.5,135,9.5,,,,,,
Vector_CWB_FB_46714D,"2011-02-04 01:00:00",3.3,2.1,356,1013.9,19.4,24.2,0.69,6.2,135,10.4,,,,,,
Vector_CWB_FB_46714D,"2011-02-04 02:00:00",3.7,2.9,345,1013.3,18.9,24.1,0.69,5.4,157,10.4,,,,,,
Vector_CWB_FB_46714D,"2011-02-04 03:00:00",4.2,3,5,1012.2,18.4,24,0.77,5.7,135,11.6,,,,,,
Vector_CWB_FB_46714D,"2011-02-04 04:00:00",2,1.2,8,1011.8,18.4,24,0.68,5.3,180,10.4,,,,,,
Vector_CWB_FB_46714D,"2011-02-04 05:00:00",3.4,2.7,8,1011.6,18.8,23.9,0.57,5,168,10.4,,,,,,
Vector_CWB_FB_46714D,"2011-02-04 06:00:00",3,2.1,15,1012.3,18.9,23.9,0.54,5.2,146,9.5,,,,,,
Vector_CWB_FB_46714D,"2011-02-04 07:00:00",2.6,1.6,35,1012.5,19,23.9,0.5,5,146,9.5,,,,,,
Vector_CWB_FB_46714D,"2011-02-04 08:00:00",3.5,2.4,8,1013.5,19.1,24,0.56,5.5,135,10.4,,,,,,
Vector_CWB_FB_46714D,"2011-02-04 09:00:00",4.2,2.7,359,1013.5,19.7,24.1,0.65,6.1,123,8,,,,,,
Vector_CWB_FB_46714D,"2011-02-04 10:00:00",5.4,3.9,341,1014.1,19.6,24.1,0.49,6,135,9.5,,,,,,
Vector_CWB_FB_46714D,"2011-02-04 11:00:00",6,4.3,326,1013.6,19.7,24.2,0.6,6.4,146,10.4,,,,,,
Vector_CWB_FB_46714D,"2011-02-04 12:00:00",7.8,6,328,1012.2,19.7,24.1,0.72,5.4,157,10.4,,,,,,
Vector_CWB_FB_46714D,"2011-02-04 13:00:00",7.8,5.6,338,1011.3,20.1,24.1,0.65,5.1,168,10.4,,,,,,
Vector_CWB_FB_46714D,"2011-02-04 14:00:00",7.9,6.2,326,1010.5,20.5,24.1,0.5,4.4,180,10.4,,,,,,
Vector_CWB_FB_46714D,"2011-02-04 15:00:00",6.7,5.1,327,1009.7,20.9,24,0.52,4.4,202,9.5,,,,,,
Vector_CWB_FB_46714D,"2011-02-04 16:00:00",6.9,5.4,321,1010,21.3,24,0.46,4.5,270,6.1,,,,,,
Vector_CWB_FB_46714D,"2011-02-04 17:00:00",5,3.9,315,1010.6,21.4,23.9,0.52,4.8,146,10.4,,,,,,
Vector_CWB_FB_46714D,"2011-02-04 18:00:00",3.8,2.8,313,1010.8,21.5,23.8,0.47,4.9,180,10.4,,,,,,
Vector_CWB_FB_46714D,"2011-02-04 19:00:00",3.4,2.2,326,1011.3,21.6,23.8,0.51,5.5,157,9.5,,,,,,
Vector_CWB_FB_46714D,"2011-02-04 20:00:00",3.4,2,327,1011.5,21.7,23.9,0.63,6.1,157,9.5,,,,,,
Vector_CWB_FB_46714D,"2011-02-04 21:00:00",3.4,2.5,320,1012,21.7,23.9,0.54,5.9,157,11.6,,,,,,
Vector_CWB_FB_46714D,"2011-02-04 22:00:00",3.8,3,356,1012.2,21.4,23.9,0.62,5.5,123,8.7,,,,,,
Vector_CWB_FB_46714D,"2011-02-04 23:00:00",4.2,3.1,352,1012.7,21.2,24,0.58,5.9,123,10.4,,,,,,
Vector_CWB_FB_46714D,"2011-02-05 00:00:00",4.1,3.4,1,1013.1,20.7,24,0.73,6.6,135,8.7,,,,,,
Vector_CWB_FB_46714D,"2011-02-05 01:00:00",3,2,10,1013.3,20.5,24,0.84,6.7,135,11.6,,,,,,
Vector_CWB_FB_46714D,"2011-02-05 02:00:00",4.6,3.3,360,1012.4,20.2,23.9,0.7,6.1,157,10.4,,,,,,
Vector_CWB_FB_46714D,"2011-02-05 03:00:00",4.6,3.4,357,1012.1,19.8,23.9,0.82,5.5,157,10.4,,,,,,
Vector_CWB_FB_46714D,"2011-02-05 04:00:00",3.1,2.5,17,1011.8,19.1,23.9,0.72,5.8,146,11.6,,,,,,
Vector_CWB_FB_46714D,"2011-02-05 05:00:00",3.9,2.6,27,1012,19.3,23.8,0.76,6.2,168,10.4,,,,,,
Vector_CWB_FB_46714D,"2011-02-05 06:00:00",3.3,2.2,24,1012.2,19.1,23.7,0.69,5.6,123,11.6,,,,,,
Vector_CWB_FB_46714D,"2011-02-05 07:00:00",1.9,1.3,48,1013.1,19.5,23.7,0.67,6.2,135,9.5,,,,,,
Vector_CWB_FB_46714D,"2011-02-05 08:00:00",,,,1013.9,20.2,23.9,0.68,6.2,157,11.6,,,,,,
Vector_CWB_FB_46714D,"2011-02-05 09:00:00",5.2,1.7,331,1014.2,21.5,24.1,0.62,6.3,146,11.6,,,,,,
Vector_CWB_FB_46714D,"2011-02-05 10:00:00",4,2.6,310,1014.9,21.5,24.1,0.65,7,146,10.4,,,,,,
Vector_CWB_FB_46714D,"2011-02-05 11:00:00",3.9,3,289,1015.4,21.4,24.3,0.73,7.1,135,10.4,,,,,,
Vector_CWB_FB_46714D,"2011-02-05 12:00:00",5,3.6,287,1014.1,21.6,24.3,0.81,6.8,146,11.6,,,,,,
Vector_CWB_FB_46714D,"2011-02-05 13:00:00",4.8,3.8,316,1013.3,21.6,24.3,0.66,6,191,9.5,,,,,,
Vector_CWB_FB_46714D,"2011-02-05 14:00:00",5.1,3.8,309,1012.8,21.7,24.3,0.57,5.8,168,10.4,,,,,,
Vector_CWB_FB_46714D,"2011-02-05 15:00:00",3.1,2.1,297,1012.6,21.9,24.2,0.64,5.9,168,10.4,,,,,,
Vector_CWB_FB_46714D,"2011-02-05 16:00:00",3.2,2.5,288,1012.2,21.9,24.1,0.64,5.7,180,10.4,,,,,,
Vector_CWB_FB_46714D,"2011-02-05 17:00:00",3.3,2.3,274,1012,21.9,24,0.59,5.5,135,10.4,,,,,,
Vector_CWB_FB_46714D,"2011-02-05 18:00:00",5.1,3.4,261,1011.8,22.1,23.9,0.52,4.7,168,10.4,,,,,,
Vector_CWB_FB_46714D,"2011-02-05 19:00:00",5,3.6,304,1011.7,22.3,23.8,0.59,4.4,168,4.1,,,,,,
Vector_CWB_FB_46714D,"2011-02-05 20:00:00",4.1,2.9,307,1011.9,21.9,23.8,0.6,4.7,157,8.7,,,,,,
Vector_CWB_FB_46714D,"2011-02-05 21:00:00",2.5,1.6,304,1012.9,22,23.9,0.74,5,146,7.4,,,,,,
Vector_CWB_FB_46714D,"2011-02-05 22:00:00",2.1,1.1,277,1013.1,21.7,24.1,0.79,5.1,135,8,,,,,,
Vector_CWB_FB_46714D,"2011-02-05 23:00:00",4.2,2.6,115,1013.2,21.8,24.3,0.82,5.4,123,6.1,,,,,,
Vector_CWB_FB_46714D,"2011-02-06 00:00:00",3.5,2.5,88,1013.2,21.7,24.3,0.74,5.2,146,7.4,,,,,,
Vector_CWB_FB_46714D,"2011-02-06 01:00:00",4.1,3.1,75,1012.3,21.5,24.2,0.77,5.2,135,10.4,,,,,,
Vector_CWB_FB_46714D,"2011-02-06 02:00:00",3.5,2.5,64,1011.4,21.2,24.1,0.79,5.2,146,9.5,,,,,,
Vector_CWB_FB_46714D,"2011-02-06 03:00:00",3.8,2.7,26,1011.6,20.3,24,0.75,4.9,281,6.5,,,,,,
Vector_CWB_FB_46714D,"2011-02-06 04:00:00",3.2,2.1,62,1011.5,20.1,23.9,0.77,5.4,168,10.4,,,,,,
Vector_CWB_FB_46714D,"2011-02-06 05:00:00",2.6,1.6,51,1011.3,19.7,23.8,0.96,5.6,180,10.4,,,,,,
Vector_CWB_FB_46714D,"2011-02-06 06:00:00",2.7,2.1,18,1011.9,19.1,23.9,0.84,5.7,168,8.7,,,,,,
Vector_CWB_FB_46714D,"2011-02-06 07:00:00",1.9,1.3,39,1013,19.4,23.9,0.84,5,225,6.9,,,,,,
Vector_CWB_FB_46714D,"2011-02-06 08:00:00",2,1.2,61,1013.5,20,24,0.77,5.2,157,10.4,,,,,,
Vector_CWB_FB_46714D,"2011-02-06 09:00:00",,,,1014,21,24,0.88,6.1,168,11.6,,,,,,
Vector_CWB_FB_46714D,"2011-02-06 10:00:00",,,,1014.7,21.6,24.2,1,6.8,146,10.4,,,,,,
Vector_CWB_FB_46714D,"2011-02-06 11:00:00",7,4.4,282,1014,21.7,24.7,0.89,6.5,112,8.7,,,,,,
Vector_CWB_FB_46714D,"2011-02-06 12:00:00",5.4,4,304,1013.6,21.2,24.8,0.86,6.8,146,10.4,,,,,,
Vector_CWB_FB_46714D,"2011-02-06 13:00:00",5.8,4.9,315,1012.4,21.1,24.3,0.75,5.9,168,11.6,,,,,,
Vector_CWB_FB_46714D,"2011-02-06 14:00:00",7.3,6,312,1011.3,21.4,24.2,0.67,5.5,168,8.7,,,,,,
Vector_CWB_FB_46714D,"2011-02-06 15:00:00",7.9,5.9,311,1010.6,21.6,24.2,0.73,5,168,9.5,,,,,,
Vector_CWB_FB_46714D,"2011-02-06 16:00:00",7.5,5.8,310,1010.4,22,24.2,0.7,5,135,10.4,,,,,,
Vector_CWB_FB_46714D,"2011-02-06 17:00:00",6.9,5.1,328,1011.1,21.6,24.3,0.6,4.7,281,4.7,,,,,,
Vector_CWB_FB_46714D,"2011-02-06 18:00:00",5.9,4.1,320,1011.3,21.5,24.3,0.63,4.8,180,7.4,,,,,,
Vector_CWB_FB_46714D,"2011-02-06 19:00:00",3.1,2.1,307,1011.4,21.2,24.3,0.66,5.1,180,10.4,,,,,,
Vector_CWB_FB_46714D,"2011-02-06 20:00:00",3.7,2.9,182,1011.8,21.7,24.3,0.54,5.1,157,9.5,,,,,,
Vector_CWB_FB_46714D,"2011-02-06 21:00:00",5.1,3.5,128,1011.5,21.7,24,0.56,4.1,135,3.8,,,,,,
Vector_CWB_FB_46714D,"2011-02-06 22:00:00",4.1,3.3,126,1011.8,21.9,24.3,0.59,4.3,157,9.5,,,,,,
Vector_CWB_FB_46714D,"2011-02-06 23:00:00",4.9,3.9,82,1011.7,21.4,24.4,0.6,5,146,9.5,,,,,,
Vector_CWB_FB_46714D,"2011-02-07 00:00:00",3.9,2.7,63,1011.5,21.5,24.3,0.76,6,146,10.4,,,,,,
Vector_CWB_FB_46714D,"2011-02-07 01:00:00",3.3,2.3,16,1011,20.7,24.3,0.61,5,168,7.4,,,,,,
Vector_CWB_FB_46714D,"2011-02-07 02:00:00",3.4,2.2,14,1010.7,20.2,24.2,0.62,4.8,180,5.4,,,,,,
Vector_CWB_FB_46714D,"2011-02-07 03:00:00",3.9,3.1,22,1009.9,18.8,24.2,0.49,4.9,258,5.2,,,,,,
Vector_CWB_FB_46714D,"2011-02-07 04:00:00",4,3.1,23,1009.8,19.1,24.2,0.6,5,191,6.9,,,,,,
Vector_CWB_FB_46714D,"2011-02-07 05:00:00",3.5,2.7,27,1011.4,19.6,24.4,0.48,4.7,292,10.4,,,,,,
Vector_CWB_FB_46714D,"2011-02-07 06:00:00",3.5,2.8,19,1011.7,19.5,24.4,0.47,4.9,157,6.9,,,,,,
Vector_CWB_FB_46714D,"2011-02-07 07:00:00",3.1,2.5,26,1011.4,19.3,24.4,0.49,4.7,258,6.5,,,,,,
Vector_CWB_FB_46714D,"2011-02-07 08:00:00",3.9,2.9,31,1011.4,19.8,24.3,0.44,4.8,123,9.5,,,,,,
Vector_CWB_FB_46714D,"2011-02-07 09:00:00",3.3,2.3,49,1012.2,20.9,24.5,0.42,4.4,157,8,,,,,,
Vector_CWB_FB_46714D,"2011-02-07 10:00:00",3,2.1,59,1012.8,21.3,24.8,0.43,4.7,123,9.5,,,,,,
Vector_CWB_FB_46714D,"2011-02-07 11:00:00",3.3,2.2,298,1012.3,22.4,24.8,0.48,5.3,135,6.9,,,,,,
Vector_CWB_FB_46714D,"2011-02-07 12:00:00",4.8,3.7,298,1011.3,22.1,24.9,0.42,5.2,157,6.5,,,,,,
Vector_CWB_FB_46714D,"2011-02-07 13:00:00",5.6,4.3,312,1010.4,22,24.8,0.39,4.9,270,5.2,,,,,,
Vector_CWB_FB_46714D,"2011-02-07 14:00:00",6.4,5.1,312,1009.9,22.1,24.8,0.47,5.1,202,6.9,,,,,,
Vector_CWB_FB_46714D,"2011-02-07 15:00:00",6.4,4.8,305,1009.6,22,24.8,0.38,4.2,191,7.4,,,,,,
Vector_CWB_FB_46714D,"2011-02-07 16:00:00",5.1,3.6,307,1009.7,22.1,24.8,0.44,4.6,146,8,,,,,,
Vector_CWB_FB_46714D,"2011-02-07 17:00:00",3.4,2.5,340,1009.9,21.9,24.7,0.41,4.3,247,4,,,,,,
Vector_CWB_FB_46714D,"2011-02-07 18:00:00",2.5,1.7,323,1010.3,21.8,24.7,0.43,4.3,202,7.4,,,,,,
Vector_CWB_FB_46714D,"2011-02-07 19:00:00",,,,1010.3,22,24.7,0.45,4.5,225,8,,,,,,
Vector_CWB_FB_46714D,"2011-02-07 20:00:00",6.7,5.3,142,1010.2,22.4,24.7,0.45,4.3,281,4.9,,,,,,
Vector_CWB_FB_46714D,"2011-02-07 21:00:00",7.4,6,135,1007.3,21.7,24.2,0.53,3.7,180,7.4,,,,,,
Vector_CWB_FB_46714D,"2011-02-07 22:00:00",8.4,7,127,1006.9,21.7,24.2,0.5,3.8,303,5.8,,,,,,
Vector_CWB_FB_46714D,"2011-02-07 23:00:00",5.3,4.1,78,1009.9,22.3,24.7,0.55,4.3,292,6.5,,,,,,
Vector_CWB_FB_46714D,"2011-02-08 00:00:00",4.6,3.7,57,1009.3,21.7,24.7,0.51,4.4,135,6.9,,,,,,
Vector_CWB_FB_46714D,"2011-02-08 01:00:00",3.5,2.1,44,1007.9,21.3,24.5,0.51,4.8,78,5.8,,,,,,
Vector_CWB_FB_46714D,"2011-02-08 02:00:00",1.9,1.2,350,1008.5,21.5,24.6,0.51,5.1,225,8,,,,,,
Vector_CWB_FB_46714D,"2011-02-08 03:00:00",3.4,2.5,10,1008.6,21.7,24.7,0.46,5,191,7.4,,,,,,
Vector_CWB_FB_46714D,"2011-02-08 04:00:00",4.1,2.9,36,1008.5,21.2,24.7,0.5,4.8,225,6.1,,,,,,
Vector_CWB_FB_46714D,"2011-02-08 05:00:00",4.5,3.5,27,1005.9,20.4,24.2,0.48,5,213,5.2,,,,,,
Vector_CWB_FB_46714D,"2011-02-08 06:00:00",6.7,5.5,358,1007.5,21.3,24.5,0.49,5,157,6.9,,,,,,
Vector_CWB_FB_46714D,"2011-02-08 07:00:00",5.9,4.6,10,1008.6,21.6,24.6,0.45,4.5,180,6.9,,,,,,
Vector_CWB_FB_46714D,"2011-02-08 08:00:00",7.9,5.7,5,1009.5,22.4,24.6,0.4,4.4,202,4,,,,,,
Vector_CWB_FB_46714D,"2011-02-08 09:00:00",8.6,5.1,341,1009.2,22.5,24.5,0.49,4.3,202,6.5,,,,,,
Vector_CWB_FB_46714D,"2011-02-08 10:00:00",5.3,4,10,1006.8,21.3,24.2,0.41,4.4,191,7.4,,,,,,
Vector_CWB_FB_46714D,"2011-02-08 11:00:00",5.4,4,21,1006.4,22.6,24.5,0.37,4.2,135,6.5,,,,,,
Vector_CWB_FB_46714D,"2011-02-08 12:00:00",6.3,4.1,314,1006.1,22.7,24.6,0.42,4.6,123,8,,,,,,
Vector_CWB_FB_46714D,"2011-02-08 13:00:00",5.2,4.5,298,1004.7,22.4,24.5,0.47,5.7,112,9.5,,,,,,
Vector_CWB_FB_46714D,"2011-02-08 14:00:00",6.3,5.4,307,1004.2,22.7,24.6,0.39,5,135,8.7,,,,,,
Vector_CWB_FB_46714D,"2011-02-08 15:00:00",8.2,6.6,311,1003.4,22.8,24.4,0.48,4,213,8,,,,,,
Vector_CWB_FB_46714D,"2011-02-08 16:00:00",8.2,6.6,314,1003.3,23.1,24.3,0.53,4.5,180,7.4,,,,,,
Vector_CWB_FB_46714D,"2011-02-08 17:00:00",7.3,5.9,315,1003.2,23.2,24.3,0.5,4.4,168,8.7,,,,,,
Vector_CWB_FB_46714D,"2011-02-08 18:00:00",8.1,6.5,324,1004.7,23.3,24.6,0.5,4.4,202,4.9,,,,,,
Vector_CWB_FB_46714D,"2011-02-08 19:00:00",7.8,5.7,334,1004.7,22.8,24.4,0.53,4.3,270,4.7,,,,,,
Vector_CWB_FB_46714D,"2011-02-08 20:00:00",6.5,4.6,340,1004.6,22.3,24.3,0.42,4.3,292,4.1,,,,,,
Vector_CWB_FB_46714D,"2011-02-08 21:00:00",5.2,3.9,338,1005,21.9,24.2,0.39,4.2,191,6.9,,,,,,
Vector_CWB_FB_46714D,"2011-02-08 22:00:00",3.9,2.9,333,1005.3,21.7,24.2,0.33,4,146,7.4,,,,,,
Vector_CWB_FB_46714D,"2011-02-08 23:00:00",3.8,2.4,349,1005.3,21.5,24.2,0.36,4.4,202,6.9,,,,,,
Vector_CWB_FB_46714D,"2011-02-09 00:00:00",3.3,2.2,333,1005.5,21.1,24.3,0.33,4.7,157,9.5,,,,,,
Vector_CWB_FB_46714D,"2011-02-09 01:00:00",3.4,2,349,1005.7,20.9,24.4,0.33,5.2,135,8.7,,,,,,
Vector_CWB_FB_46714D,"2011-02-09 02:00:00",3,2.3,20,1004.8,20.5,24.4,0.34,5.3,112,8.7,,,,,,
Vector_CWB_FB_46714D,"2011-02-09 03:00:00",4.1,3.2,30,1005.1,20.3,24.4,0.38,4.7,270,4.9,,,,,,
Vector_CWB_FB_46714D,"2011-02-09 04:00:00",3,2.1,23,1005,20.3,24.3,0.37,5.1,146,6.1,,,,,,
Vector_CWB_FB_46714D,"2011-02-09 05:00:00",2.6,2,46,1005.3,20.3,24.3,0.37,5.4,168,9.5,,,,,,
Vector_CWB_FB_46714D,"2011-02-09 06:00:00",2.8,2.2,46,1008.1,21.2,24.6,0.38,5.1,202,8.7,,,,,,
Vector_CWB_FB_46714D,"2011-02-09 07:00:00",2.4,1.9,33,1008.7,21,24.6,0.42,4.9,168,8.7,,,,,,
Vector_CWB_FB_46714D,"2011-02-09 08:00:00",1.5,1.2,41,1009.6,21.8,24.6,0.41,5.1,191,7.4,,,,,,
Vector_CWB_FB_46714D,"2011-02-09 09:00:00",4.6,3.6,346,1010,21.6,24.7,0.41,5.1,180,9.5,,,,,,
Vector_CWB_FB_46714D,"2011-02-09 10:00:00",2.9,1.9,343,1010.4,22.3,24.7,0.3,4.6,146,8,,,,,,
Vector_CWB_FB_46714D,"2011-02-09 11:00:00",7,2.8,345,1009.9,22.6,24.8,0.31,5.1,157,8.7,,,,,,
Vector_CWB_FB_46714D,"2011-02-09 12:00:00",5.2,3.7,297,1009.3,23.4,24.9,0.46,5.9,146,7.4,,,,,,
Vector_CWB_FB_46714D,"2011-02-09 13:00:00",5.1,3.9,309,1008.4,23.5,25,0.46,6,146,8.7,,,,,,
Vector_CWB_FB_46714D,"2011-02-09 14:00:00",6.6,5,314,1007.9,23.5,24.9,0.33,5.6,123,8.7,,,,,,
Vector_CWB_FB_46714D,"2011-02-09 15:00:00",6.7,4.9,316,1007.5,23.9,24.9,0.4,4.7,202,9.5,,,,,,
Vector_CWB_FB_46714D,"2011-02-09 16:00:00",4.7,3.6,325,1007.9,23.7,24.9,0.29,4.8,168,8,,,,,,
Vector_CWB_FB_46714D,"2011-02-09 17:00:00",5.6,4.1,330,1008.4,23.6,24.8,0.46,5.2,168,8,,,,,,
Vector_CWB_FB_46714D,"2011-02-09 18:00:00",5.3,4,340,1008.9,22.9,24.7,0.44,5.1,180,8,,,,,,
Vector_CWB_FB_46714D,"2011-02-09 19:00:00",5.3,3.9,345,1009.3,22.9,24.7,0.39,4.7,180,6.1,,,,,,
Vector_CWB_FB_46714D,"2011-02-09 20:00:00",3.7,2,331,1009.9,23,24.8,0.5,5.9,168,8.7,,,,,,
Vector_CWB_FB_46714D,"2011-02-09 21:00:00",2.7,1.2,244,1010.3,23.5,24.8,0.46,5.3,180,7.4,,,,,,
Vector_CWB_FB_46714D,"2011-02-09 22:00:00",5.1,3.3,153,1008.7,23,24.5,0.54,5,180,8,,,,,,
Vector_CWB_FB_46714D,"2011-02-09 23:00:00",,,,1007.6,22.5,24.3,0.54,4.4,157,6.5,,,,,,
Vector_CWB_FB_46714D,"2011-02-10 00:00:00",4.7,3.3,335,1007.7,21.3,24.4,0.5,5.1,180,6.5,,,,,,
Vector_CWB_FB_46714D,"2011-02-10 01:00:00",3.5,2.7,350,1007.6,21.2,24.4,0.49,5.1,157,6.1,,,,,,
Vector_CWB_FB_46714D,"2011-02-10 02:00:00",2.7,2,25,1007.5,21.2,24.4,0.59,5.6,135,6.5,,,,,,
Vector_CWB_FB_46714D,"2011-02-10 03:00:00",,,,1007.8,21.2,24.5,0.77,6,146,8.7,,,,,,
Vector_CWB_FB_46714D,"2011-02-10 04:00:00",3.3,2.2,343,1007.6,20.4,24.4,0.72,5.3,135,8,,,,,,
Vector_CWB_FB_46714D,"2011-02-10 05:00:00",,,,1007.8,20.6,24.4,0.6,4.9,225,5.2,,,,,,
Vector_CWB_FB_46714D,"2011-02-10 06:00:00",,,,1008.7,20.7,24.5,0.59,4.9,168,4.3,,,,,,
Vector_CWB_FB_46714D,"2011-02-10 07:00:00",2.5,1.8,8,1009.4,20.9,24.4,0.63,5.2,191,8.7,,,,,,
Vector_CWB_FB_46714D,"2011-02-10 08:00:00",3.6,2.4,345,1010,21.3,24.4,0.58,4.8,225,5.4,,,,,,
Vector_CWB_FB_46714D,"2011-02-10 09:00:00",3.9,2.4,343,1010.2,21.4,24.3,0.5,4.8,146,10.4,,,,,,
Vector_CWB_FB_46714D,"2011-02-10 10:00:00",2,1.5,64,1010.6,22.6,24.6,0.56,5,168,8.7,,,,,,
Vector_CWB_FB_46714D,"2011-02-10 11:00:00",,,,1010,22.4,24.6,0.54,5.1,180,8,,,,,,
Vector_CWB_FB_46714D,"2011-02-10 12:00:00",2.1,1.5,250,1009,23.1,24.7,0.48,5,157,9.5,,,,,,
Vector_CWB_FB_46714D,"2011-02-10 13:00:00",2.8,2.2,278,1007.8,23.2,24.9,0.46,5.3,146,8,,,,,,
Vector_CWB_FB_46714D,"2011-02-10 14:00:00",6.5,5.3,312,1007.3,23,24.7,0.49,5.5,146,8.7,,,,,,
Vector_CWB_FB_46714D,"2011-02-10 15:00:00",8,6.2,320,1006.7,21.7,24.5,0.53,5,157,6.5,,,,,,
Vector_CWB_FB_46714D,"2011-02-10 16:00:00",7.3,6,323,1006.6,22,24.3,0.56,4.4,157,5.8,,,,,,
Vector_CWB_FB_46714D,"2011-02-10 17:00:00",8.1,6.2,331,1007.5,22.1,24.3,0.51,4.5,157,8,,,,,,
Vector_CWB_FB_46714D,"2011-02-10 18:00:00",7.3,5.6,334,1007.3,21.7,24.1,0.57,4.6,168,8.7,,,,,,
Vector_CWB_FB_46714D,"2011-02-10 19:00:00",7.2,5.1,336,1008.5,22,24.2,0.56,4.7,157,8,,,,,,
Vector_CWB_FB_46714D,"2011-02-10 20:00:00",5.9,4.4,347,1009,21.9,24.3,0.5,5,146,9.5,,,,,,
Vector_CWB_FB_46714D,"2011-02-10 21:00:00",3.2,2.5,4,1009.4,21.7,24.3,0.47,5,303,7.4,,,,,,
Vector_CWB_FB_46714D,"2011-02-10 22:00:00",3.4,2.6,14,1009.2,21.4,24.3,0.48,5.2,213,6.9,,,,,,
Vector_CWB_FB_46714D,"2011-02-10 23:00:00",2.7,2,351,1009.2,21.3,24.3,0.5,5,292,6.1,,,,,,
Vector_CWB_FB_46714D,"2011-02-11 00:00:00",5.1,3.8,338,1009.4,21.2,24.3,0.52,4.9,157,7.4,,,,,,
Vector_CWB_FB_46714D,"2011-02-11 01:00:00",5.7,4.3,335,1009,20.8,24.2,0.48,5.1,135,9.5,,,,,,
Vector_CWB_FB_46714D,"2011-02-11 02:00:00",9.6,7.4,341,1008.3,19.4,24.2,0.44,4.9,146,10.4,,,,,,
Vector_CWB_FB_46714D,"2011-02-11 03:00:00",7.7,5.6,342,1009,19,24.3,0.49,4.4,157,6.5,,,,,,
Vector_CWB_FB_46714D,"2011-02-11 04:00:00",5.3,3.2,357,1009.3,18.6,24.2,0.56,4.3,270,4.9,,,,,,
Vector_CWB_FB_46714D,"2011-02-11 05:00:00",2.6,1.9,3,1009.7,18.7,24.2,0.51,4.5,270,7.4,,,,,,
Vector_CWB_FB_46714D,"2011-02-11 06:00:00",4.4,3.1,343,1010,18.3,24.1,0.54,4.3,258,6.5,,,,,,
Vector_CWB_FB_46714D,"2011-02-11 07:00:00",2.7,1.9,7,1010.9,18.2,24.1,0.56,4.6,281,6.1,,,,,,
Vector_CWB_FB_46714D,"2011-02-11 08:00:00",5.9,4.6,328,1013.4,18.2,24.5,0.56,4.8,180,8,,,,,,
Vector_CWB_FB_46714D,"2011-02-11 09:00:00",5.7,4.1,344,1013.8,18.3,24.5,0.51,4.8,281,10.4,,,,,,
Vector_CWB_FB_46714D,"2011-02-11 10:00:00",6.6,4.4,331,1013.8,18.5,24.5,0.46,5.2,247,8.7,,,,,,
Vector_CWB_FB_46714D,"2011-02-11 11:00:00",7.7,6,328,1013.5,18.7,24.5,0.48,4.9,225,8.7,,,,,,
Vector_CWB_FB_46714D,"2011-02-11 12:00:00",6.6,5.4,332,1013.1,19.6,24.6,0.45,5,191,9.5,,,,,,
Vector_CWB_FB_46714D,"2011-02-11 13:00:00",8.1,6.1,333,1012.5,20.1,24.5,0.4,4.6,202,7.4,,,,,,
Vector_CWB_FB_46714D,"2011-02-11 14:00:00",7.7,5.6,330,1012.2,20.1,24.5,0.33,4.7,191,10.4,,,,,,
Vector_CWB_FB_46714D,"2011-02-11 15:00:00",6.7,4.9,320,1012.3,20.7,24.8,0.38,5.1,258,7.4,,,,,,
Vector_CWB_FB_46714D,"2011-02-11 16:00:00",7,5.4,324,1013.2,20.6,25,0.41,4.9,180,9.5,,,,,,
Vector_CWB_FB_46714D,"2011-02-11 17:00:00",7.3,5.6,323,1013.4,20.3,25.1,0.41,4.6,191,8.7,,,,,,
Vector_CWB_FB_46714D,"2011-02-11 18:00:00",8.3,6.3,325,1013.8,20,25,0.49,4.7,180,8.7,,,,,,
Vector_CWB_FB_46714D,"2011-02-11 19:00:00",7.8,6.1,331,1014.9,19.7,25,0.49,4.7,157,8.7,,,,,,
Vector_CWB_FB_46714D,"2011-02-11 20:00:00",7.3,5.7,332,1015.4,19.5,25,0.64,5.1,180,8.7,,,,,,
Vector_CWB_FB_46714D,"2011-02-11 21:00:00",9.4,7,339,1016.1,18.4,25,0.55,5,168,9.5,,,,,,
Vector_CWB_FB_46714D,"2011-02-11 22:00:00",9.7,7.5,339,1016.5,17.4,25,0.62,5.5,202,9.5,,,,,,
Vector_CWB_FB_46714D,"2011-02-11 23:00:00",8.4,6.3,337,1016.7,17.4,24.9,0.58,5.7,180,10.4,,,,,,
Vector_CWB_FB_46714D,"2011-02-12 00:00:00",8,5.7,338,1016.6,17.3,25,0.54,5.3,168,8,,,,,,
Vector_CWB_FB_46714D,"2011-02-12 01:00:00",4.5,2.5,353,1016.9,17.5,25.1,0.58,5.5,168,8.7,,,,,,
Vector_CWB_FB_46714D,"2011-02-12 02:00:00",4.8,2.9,344,1016.6,16.6,25,0.59,5.8,180,10.4,,,,,,
Vector_CWB_FB_46714D,"2011-02-12 03:00:00",6,4.3,338,1016.3,16.4,25,0.58,5.8,191,6.9,,,,,,
Vector_CWB_FB_46714D,"2011-02-12 04:00:00",4.5,3,339,1016,16.6,25,0.62,5.8,213,9.5,,,,,,
Vector_CWB_FB_46714D,"2011-02-12 05:00:00",6.5,4.8,321,1016.2,16.8,25,0.59,5.5,168,9.5,,,,,,
Vector_CWB_FB_46714D,"2011-02-12 06:00:00",6.4,4.6,341,1016.6,16.6,24.9,0.55,5.1,202,7.4,,,,,,
Vector_CWB_FB_46714D,"2011-02-12 07:00:00",5,4,328,1017.1,17,24.9,0.58,5,191,6.5,,,,,,
Vector_CWB_FB_46714D,"2011-02-12 08:00:00",9.2,5.9,336,1018.4,16.7,24.9,0.6,5.3,213,9.5,,,,,,
Vector_CWB_FB_46714D,"2011-02-12 09:00:00",6.2,4.6,354,1019.1,16.4,25,0.53,5.2,180,9.5,,,,,,
Vector_CWB_FB_46714D,"2011-02-12 10:00:00",4.4,2.7,336,1019.2,17.1,25,0.56,4.9,180,8.7,,,,,,
Vector_CWB_FB_46714D,"2011-02-12 11:00:00",6.6,4.8,340,1018.6,17.5,25,0.59,5.1,191,9.5,,,,,,
Vector_CWB_FB_46714D,"2011-02-12 12:00:00",6.8,4.8,333,1018,17.9,25,0.64,5.1,191,9.5,,,,,,
Vector_CWB_FB_46714D,"2011-02-12 13:00:00",7.2,4.8,337,1017,18.2,25,0.71,5.3,168,7.4,,,,,,
Vector_CWB_FB_46714D,"2011-02-12 14:00:00",6,3.6,314,1016.3,18.2,24.8,0.64,4.9,180,8,,,,,,
Vector_CWB_FB_46714D,"2011-02-12 15:00:00",4.3,2.7,315,1015.7,18.4,24.8,0.69,5,180,9.5,,,,,,
Vector_CWB_FB_46714D,"2011-02-12 16:00:00",4.9,3.4,303,1015.7,18.9,24.7,0.85,5.4,191,9.5,,,,,,
Vector_CWB_FB_46714D,"2011-02-12 17:00:00",5.1,2.8,304,1016.1,19,24.7,0.79,5.3,180,7.4,,,,,,
Vector_CWB_FB_46714D,"2011-02-12 18:00:00",3.8,2.1,280,1016.1,19.1,24.7,0.79,5.2,168,8.7,,,,,,
Vector_CWB_FB_46714D,"2011-02-12 19:00:00",3.7,2.1,293,1016.2,19.2,24.7,0.76,5.1,180,6.5,,,,,,
Vector_CWB_FB_46714D,"2011-02-12 20:00:00",2.7,1.5,337,1016.3,19.3,24.8,0.72,4.6,157,8.7,,,,,,
Vector_CWB_FB_46714D,"2011-02-12 21:00:00",2.3,1.4,353,1016.9,19.6,25,0.84,5.4,157,9.5,,,,,,
Vector_CWB_FB_46714D,"2011-02-12 22:00:00",3.9,2.9,358,1014.3,18.9,24.8,0.74,5,180,8.7,,,,,,
Vector_CWB_FB_46714D,"2011-02-12 23:00:00",8.3,5.3,357,1016.8,18.5,25.6,0.81,5.3,168,7.4,,,,,,
Vector_CWB_FB_46714D,"2011-02-13 00:00:00",8.5,7.3,38,1016.6,18.6,25.9,0.88,5.5,180,8.7,,,,,,
Vector_CWB_FB_46714D,"2011-02-13 01:00:00",3.4,2.6,19,1015.5,18.2,25.8,0.76,5.2,180,9.5,,,,,,
Vector_CWB_FB_46714D,"2011-02-13 02:00:00",4.5,3.3,352,1015.5,18.4,25.9,0.89,5.3,168,7.4,,,,,,
Vector_CWB_FB_46714D,"2011-02-13 03:00:00",2.6,1.9,348,1015.1,18.4,25.9,0.92,4.9,292,5.8,,,,,,
Vector_CWB_FB_46714D,"2011-02-13 04:00:00",2.9,1.8,27,1014.8,18.3,25.8,0.83,5.1,236,8,,,,,,
Vector_CWB_FB_46714D,"2011-02-13 05:00:00",3.5,2.1,102,1014.1,18.4,25.8,0.82,5.1,202,6.5,,,,,,
Vector_CWB_FB_46714D,"2011-02-13 06:00:00",3.7,2.8,344,1014.3,18.4,25.8,0.69,4.8,180,6.9,,,,,,
Vector_CWB_FB_46714D,"2011-02-13 07:00:00",5.6,4.3,345,1015.2,18.9,25.7,0.79,4.9,146,5.4,,,,,,
Vector_CWB_FB_46714D,"2011-02-13 08:00:00",7,5.5,355,1016,18,25.7,0.79,4.7,180,6.1,,,,,,
Vector_CWB_FB_46714D,"2011-02-13 09:00:00",7.1,5.3,16,1014.8,17.9,25.5,0.74,4.8,247,6.1,,,,,,
Vector_CWB_FB_46714D,"2011-02-13 10:00:00",4.5,3,57,1014,18.2,25.5,0.74,4.8,236,5.2,,,,,,
Vector_CWB_FB_46714D,"2011-02-13 11:00:00",3.4,1.8,296,1013.7,19.1,25.3,0.7,4.7,292,5.2,,,,,,
Vector_CWB_FB_46714D,"2011-02-13 12:00:00",3.7,1.9,277,1013.2,19.6,25.4,0.8,4.7,225,5.8,,,,,,
Vector_CWB_FB_46714D,"2011-02-13 13:00:00",3,1.6,310,1012,20.1,25.3,0.82,4.8,225,5.4,,,,,,
Vector_CWB_FB_46714D,"2011-02-13 14:00:00",,,,1010.8,20.5,25.3,0.86,4.6,270,6.9,,,,,,
Vector_CWB_FB_46714D,"2011-02-13 15:00:00",,,,1010.1,21.5,25.4,0.86,4.6,225,5.2,,,,,,
Vector_CWB_FB_46714D,"2011-02-13 16:00:00",,,,1010,21,25.3,0.86,4.7,225,4.7,,,,,,
Vector_CWB_FB_46714D,"2011-02-13 17:00:00",3.5,1.9,136,1010,21.2,25.2,0.99,5,236,5.4,,,,,,
Vector_CWB_FB_46714D,"2011-02-13 18:00:00",7,4.3,338,1010.5,20.1,25,0.93,4.7,168,5.8,,,,,,
Vector_CWB_FB_46714D,"2011-02-13 19:00:00",8.7,5.5,344,1010.8,19.4,24.9,1.01,4.8,191,5.8,,,,,,
Vector_CWB_FB_46714D,"2011-02-13 20:00:00",9.8,7.2,350,1011.7,17.5,24.9,1.11,5.1,225,6.1,,,,,,
Vector_CWB_FB_46714D,"2011-02-13 21:00:00",8.7,6.2,358,1012.4,16.7,24.9,1.02,5.1,236,7.4,,,,,,
Vector_CWB_FB_46714D,"2011-02-13 22:00:00",9.6,6.8,344,1012.2,16.3,24.8,1.03,5.2,191,6.9,,,,,,
Vector_CWB_FB_46714D,"2011-02-13 23:00:00",9.1,6.9,349,1012.8,16.3,24.5,1.09,5.4,236,6.5,,,,,,
Vector_CWB_FB_46714D,"2011-02-14 00:00:00",8.8,7.1,359,1012.3,16.7,24.3,1.2,5.3,225,5.8,,,,,,
Vector_CWB_FB_46714D,"2011-02-14 01:00:00",8.7,6.9,358,1011.9,17.2,24.3,0.96,5.1,247,8,,,,,,
Vector_CWB_FB_46714D,"2011-02-14 02:00:00",9.7,7.5,360,1011.5,17.2,24.3,0.9,5.1,258,6.5,,,,,,
Vector_CWB_FB_46714D,"2011-02-14 03:00:00",9.3,6.9,6,1010.8,17,24.3,0.71,5,191,6.5,,,,,,
Vector_CWB_FB_46714D,"2011-02-14 04:00:00",7.5,5.6,354,1011.1,16.8,24.3,0.59,4.8,270,7.4,,,,,,
Vector_CWB_FB_46714D,"2011-02-14 05:00:00",6.9,5.1,336,1011.2,17.1,24.2,0.87,4.6,270,6.5,,,,,,
Vector_CWB_FB_46714D,"2011-02-14 06:00:00",10.5,7.7,335,1011.7,16.5,24.4,0.85,4.5,247,6.5,,,,,,
Vector_CWB_FB_46714D,"2011-02-14 07:00:00",9.8,6.7,348,1012.4,15.4,24.2,0.97,4.7,247,6.9,,,,,,
Vector_CWB_FB_46714D,"2011-02-14 08:00:00",8.2,6.3,1,1013.4,15.9,24.3,0.85,4.7,258,6.1,,,,,,
Vector_CWB_FB_46714D,"2011-02-14 09:00:00",6.2,4.8,8,1014.2,14.9,24.2,0.79,4.7,258,6.9,,,,,,
Vector_CWB_FB_46714D,"2011-02-14 10:00:00",6.6,4.9,344,1014.9,14.4,24.3,0.74,4.6,135,8.7,,,,,,
Vector_CWB_FB_46714D,"2011-02-14 11:00:00",6.6,4.2,338,1014.3,14.6,24.2,0.68,4.6,247,6.1,,,,,,
Vector_CWB_FB_46714D,"2011-02-14 12:00:00",6.1,3.5,338,1014.8,15,24.4,0.83,5,236,8,,,,,,
Vector_CWB_FB_46714D,"2011-02-14 13:00:00",6.7,3.6,341,1013.7,15.7,24.4,0.68,5.1,270,5.8,,,,,,
Vector_CWB_FB_46714D,"2011-02-14 14:00:00",7.2,5.2,332,1012.7,15.8,24.4,0.69,4.7,247,6.5,,,,,,
Vector_CWB_FB_46714D,"2011-02-14 15:00:00",7.9,5.9,340,1012.1,15.2,24.4,0.63,4.5,157,8,,,,,,
Vector_CWB_FB_46714D,"2011-02-14 16:00:00",5.3,3.8,357,1012.5,15.4,24.5,0.63,5.1,157,9.5,,,,,,
Vector_CWB_FB_46714D,"2011-02-14 17:00:00",5.2,2.9,344,1013.9,15.8,24.5,0.56,5.1,213,6.5,,,,,,
Vector_CWB_FB_46714D,"2011-02-14 18:00:00",8,5.9,335,1014,15.3,24.3,0.52,5,225,6.5,,,,,,
Vector_CWB_FB_46714D,"2011-02-14 19:00:00",5.7,3.7,3,1015.6,15.1,24.4,0.46,4.7,225,6.1,,,,,,
Vector_CWB_FB_46714D,"2011-02-14 20:00:00",6,3,347,1017.4,15.6,24.5,0.44,4.6,258,7.4,,,,,,
Vector_CWB_FB_46714D,"2011-02-14 21:00:00",7,5.2,349,1017.8,14.9,24.5,0.5,4.8,225,8.7,,,,,,
Vector_CWB_FB_46714D,"2011-02-14 22:00:00",3.6,2.4,6,1018.1,14.7,24.5,0.56,4.6,225,9.5,,,,,,
Vector_CWB_FB_46714D,"2011-02-14 23:00:00",3.6,2.7,340,1017.9,15.5,24.4,0.54,4.8,258,8.7,,,,,,
Vector_CWB_FB_46714D,"2011-02-15 00:00:00",6.9,5.3,328,1017.5,14.9,24.4,0.59,4.5,236,5.2,,,,,,
Vector_CWB_FB_46714D,"2011-02-15 01:00:00",6.3,4.8,342,1017.8,14.6,24.5,0.56,4.3,258,4.3,,,,,,
Vector_CWB_FB_46714D,"2011-02-15 02:00:00",2.8,1.7,1,1017,14.6,24.5,0.62,4.6,281,4.3,,,,,,
Vector_CWB_FB_46714D,"2011-02-15 03:00:00",4.2,2.9,334,1016.9,14.5,24.5,0.6,4.5,270,9.5,,,,,,
Vector_CWB_FB_46714D,"2011-02-15 04:00:00",3.2,2.1,356,1017.1,14.7,24.5,0.55,4.5,191,8,,,,,,
Vector_CWB_FB_46714D,"2011-02-15 05:00:00",3.3,2.1,339,1017.2,14.8,24.5,0.65,4.7,135,8,,,,,,
Vector_CWB_FB_46714D,"2011-02-15 06:00:00",,,,1017,15.2,24.4,0.65,5.1,247,6.5,,,,,,
Vector_CWB_FB_46714D,"2011-02-15 07:00:00",4.3,2.9,311,1017.4,15.6,24.4,0.65,4.8,270,6.1,,,,,,
Vector_CWB_FB_46714D,"2011-02-15 08:00:00",5.5,4,332,1018.6,15.5,24.3,0.73,4.7,247,4.7,,,,,,
Vector_CWB_FB_46714D,"2011-02-15 09:00:00",3.6,2.1,349,1018.7,15.5,24.3,0.61,4.7,292,8.7,,,,,,
Vector_CWB_FB_46714D,"2011-02-15 10:00:00",3.6,1.9,321,1018.6,16.3,24.4,0.6,4.8,236,6.1,,,,,,
Vector_CWB_FB_46714D,"2011-02-15 11:00:00",3.6,2,319,1018.6,16.7,24.6,0.61,4.8,191,8.7,,,,,,
Vector_CWB_FB_46714D,"2011-02-15 12:00:00",3.4,2,284,1017.8,17.6,24.7,0.59,4.9,236,8,,,,,,
Vector_CWB_FB_46714D,"2011-02-15 13:00:00",5.7,4.3,300,1016.6,17.7,24.7,0.51,4.5,213,6.5,,,,,,
Vector_CWB_FB_46714D,"2011-02-15 14:00:00",8.3,5.9,305,1015.8,17.8,24.6,0.59,4.6,270,8.7,,,,,,
Vector_CWB_FB_46714D,"2011-02-15 15:00:00",6.4,4.9,315,1015.9,18.1,24.6,0.53,4.2,146,6.1,,,,,,
Vector_CWB_FB_46714D,"2011-02-15 16:00:00",6.3,4.5,326,1015.6,18,24.5,0.5,4.3,258,6.1,,,,,,
Vector_CWB_FB_46714D,"2011-02-15 17:00:00",6.2,4.1,318,1016,18.2,24.4,0.56,4.6,202,8,,,,,,
Vector_CWB_FB_46714D,"2011-02-15 18:00:00",4.6,3.4,332,1016.5,18.5,24.4,0.58,4.8,180,8,,,,,,
Vector_CWB_FB_46714D,"2011-02-15 19:00:00",4.8,3.3,326,1017.1,18.6,24.5,0.49,4.5,191,8,,,,,,
Vector_CWB_FB_46714D,"2011-02-15 20:00:00",5.1,3.1,336,1018.4,18.8,24.6,0.46,4.8,112,9.5,,,,,,
Vector_CWB_FB_46714D,"2011-02-15 21:00:00",3.4,2.3,359,1018.6,18.3,24.7,0.49,4.8,191,7.4,,,,,,
Vector_CWB_FB_46714D,"2011-02-15 22:00:00",3.4,2.5,21,1017.9,17.9,24.7,0.56,4.9,236,8,,,,,,
Vector_CWB_FB_46714D,"2011-02-15 23:00:00",2.8,2.1,334,1017.5,17.9,24.5,0.54,4.8,247,6.5,,,,,,
Vector_CWB_FB_46714D,"2011-02-16 00:00:00",4.9,3.8,331,1017.3,18.6,24.5,0.69,4.7,247,7.4,,,,,,
Vector_CWB_FB_46714D,"2011-02-16 01:00:00",3.1,2,29,1016.5,17.9,24.5,0.6,4.5,146,4.7,,,,,,
Vector_CWB_FB_46714D,"2011-02-16 02:00:00",2.9,2.1,19,1014.8,17.5,24.4,0.61,4.7,247,5.2,,,,,,
Vector_CWB_FB_46714D,"2011-02-16 03:00:00",3,2.2,4,1015,17.9,24.5,0.56,4.7,191,7.4,,,,,,
Vector_CWB_FB_46714D,"2011-02-16 04:00:00",2.9,2,357,1015.8,18.1,24.6,0.58,4.7,236,5.4,,,,,,
Vector_CWB_FB_46714D,"2011-02-16 05:00:00",4,2.3,342,1016.2,18.4,24.6,0.63,4.8,202,6.5,,,,,,
Vector_CWB_FB_46714D,"2011-02-16 06:00:00",4.9,3.4,353,1016.9,18,24.6,0.68,5,191,7.4,,,,,,
Vector_CWB_FB_46714D,"2011-02-16 07:00:00",4.5,3.4,1,1016.5,17.5,24.2,0.67,4.7,168,7.4,,,,,,
Vector_CWB_FB_46714D,"2011-02-16 08:00:00",4.5,3.1,34,1017.7,18,24.4,0.59,4.7,213,7.4,,,,,,
Vector_CWB_FB_46714D,"2011-02-16 09:00:00",,,,1017.8,18.9,24.5,0.59,4.8,270,6.5,,,,,,
Vector_CWB_FB_46714D,"2011-02-16 10:00:00",2.9,1.5,148,1015.9,19.3,24.4,0.52,5,168,8,,,,,,
Vector_CWB_FB_46714D,"2011-02-16 11:00:00",5.1,3.5,73,1014.9,20.7,24.6,0.59,5.2,180,6.5,,,,,,
Vector_CWB_FB_46714D,"2011-02-16 12:00:00",3.6,1.8,44,1014.1,20.9,24.6,0.71,4.8,180,7.4,,,,,,
Vector_CWB_FB_46714D,"2011-02-16 13:00:00",6.1,4.7,305,1013.8,20.6,24.5,0.69,4.5,157,4.7,,,,,,
Vector_CWB_FB_46714D,"2011-02-16 14:00:00",6.4,4.9,314,1013.4,20.9,24.5,0.61,4.4,281,5.8,,,,,,
Vector_CWB_FB_46714D,"2011-02-16 15:00:00",6.9,5.1,327,1011.5,20.6,24.1,0.67,4.4,225,5.2,,,,,,
Vector_CWB_FB_46714D,"2011-02-16 16:00:00",5.4,4.2,323,1012,20.6,24,0.57,4.3,191,7.4,,,,,,
Vector_CWB_FB_46714D,"2011-02-16 17:00:00",,,,1012.1,20.9,24,0.56,4.5,191,7.4,,,,,,
Vector_CWB_FB_46714D,"2011-02-16 18:00:00",3.2,2.4,107,1013.8,21.6,24.2,0.67,4.7,180,6.5,,,,,,
Vector_CWB_FB_46714D,"2011-02-16 19:00:00",7,5.1,131,1013.8,22.3,24.2,0.49,4.8,191,6.9,,,,,,
Vector_CWB_FB_46714D,"2011-02-16 20:00:00",6,5,123,1012.1,22,24.3,0.53,4.7,247,6.9,,,,,,
Vector_CWB_FB_46714D,"2011-02-16 21:00:00",5.8,4.7,132,1012.8,22.4,24.3,0.61,4.2,258,7.4,,,,,,
Vector_CWB_FB_46714D,"2011-02-16 22:00:00",2.2,1.5,82,1013.5,22.2,24.4,0.65,4.7,191,5.4,,,,,,
Vector_CWB_FB_46714D,"2011-02-16 23:00:00",2.8,1.7,81,1014.8,22.4,24.7,0.69,4.8,213,6.5,,,,,,
Vector_CWB_FB_46714D,"2011-02-17 00:00:00",5.4,4.1,81,1014.8,22,24.7,0.82,4.6,180,5.2,,,,,,
Vector_CWB_FB_46714D,"2011-02-17 01:00:00",4.2,3.1,12,1015.2,21,24.8,0.73,4.7,213,6.5,,,,,,
Vector_CWB_FB_46714D,"2011-02-17 02:00:00",4,2.7,2,1014.7,20.4,24.8,0.76,5,202,7.4,,,,,,
Vector_CWB_FB_46714D,"2011-02-17 03:00:00",2.8,2.2,37,1014.3,20.2,24.8,0.67,4.6,247,5.8,,,,,,
Vector_CWB_FB_46714D,"2011-02-17 04:00:00",3.2,2.3,25,1014.2,20.4,24.9,0.68,5,180,6.9,,,,,,
Vector_CWB_FB_46714D,"2011-02-17 05:00:00",3.1,2.3,25,1014.4,20.6,24.8,0.68,4.8,202,7.4,,,,,,
Vector_CWB_FB_46714D,"2011-02-17 06:00:00",4.3,3.4,31,1014.7,20.2,24.9,0.68,5.2,180,6.9,,,,,,
Vector_CWB_FB_46714D,"2011-02-17 07:00:00",4.1,2.6,21,1015.2,20.4,24.9,0.63,5.2,191,6.5,,,,,,
Vector_CWB_FB_46714D,"2011-02-17 08:00:00",5.1,4.3,38,1015.4,20.8,24.8,0.61,5.1,168,6.1,,,,,,
Vector_CWB_FB_46714D,"2011-02-17 09:00:00",5.1,4.4,44,1015.3,21.4,24.9,0.57,5.1,146,6.9,,,,,,
Vector_CWB_FB_46714D,"2011-02-17 10:00:00",4,3.3,55,1015.3,22.6,24.9,0.56,4.9,168,6.1,,,,,,
Vector_CWB_FB_46714D,"2011-02-17 11:00:00",2.2,1.8,56,1014.4,24.1,25.1,0.5,5.1,168,6.9,,,,,,
Vector_CWB_FB_46714D,"2011-02-17 12:00:00",4.8,1.7,161,1013.4,24.6,25.8,0.46,5,202,6.1,,,,,,
Vector_CWB_FB_46714D,"2011-02-17 13:00:00",2.5,1.8,215,1012.4,24.2,25.7,0.49,4.9,180,8,,,,,,
Vector_CWB_FB_46714D,"2011-02-17 14:00:00",3.2,2.3,226,1011.8,24,25.6,0.49,4.6,202,5.2,,,,,,
Vector_CWB_FB_46714D,"2011-02-17 15:00:00",2.8,2,241,1010.8,24.2,25.8,0.55,4.7,168,4.9,,,,,,
Vector_CWB_FB_46714D,"2011-02-17 16:00:00",2.4,1.6,211,1010.6,24,25.8,0.53,4.6,225,6.5,,,,,,
Vector_CWB_FB_46714D,"2011-02-17 17:00:00",3.1,2.4,311,1010.9,23.9,25.7,0.5,4.8,191,6.5,,,,,,
Vector_CWB_FB_46714D,"2011-02-17 18:00:00",6.5,5.3,338,1011.3,23,25.4,0.45,4.8,180,6.9,,,,,,
Vector_CWB_FB_46714D,"2011-02-17 19:00:00",6.2,4.1,348,1011.8,22.7,25.2,0.44,4.8,202,6.1,,,,,,
Vector_CWB_FB_46714D,"2011-02-17 20:00:00",6.7,4.8,334,1012,22,25.2,0.43,4.5,213,6.1,,,,,,
Vector_CWB_FB_46714D,"2011-02-17 21:00:00",8,5.7,339,1012.3,22.2,25.2,0.47,4.6,202,6.1,,,,,,
Vector_CWB_FB_46714D,"2011-02-17 22:00:00",8.1,6,335,1012.6,21.2,25.1,0.53,4.7,213,5.4,,,,,,
Vector_CWB_FB_46714D,"2011-02-17 23:00:00",9.7,7.4,340,1012.6,20.8,25.2,0.45,4.4,270,4.7,,,,,,
Vector_CWB_FB_46714D,"2011-02-18 00:00:00",9.5,7.6,335,1012.6,20.3,25.1,0.46,4.4,168,6.1,,,,,,
Vector_CWB_FB_46714D,"2011-02-18 01:00:00",6.9,4.7,344,1012.8,19.9,25.1,0.49,4.4,191,8.7,,,,,,
Vector_CWB_FB_46714D,"2011-02-18 02:00:00",6.4,4.4,339,1012.5,20.1,25.1,0.44,4.4,191,4.7,,,,,,
Vector_CWB_FB_46714D,"2011-02-18 03:00:00",4.8,2.7,349,1012.4,20.1,25,0.38,4.4,168,6.5,,,,,,
Vector_CWB_FB_46714D,"2011-02-18 04:00:00",6.2,3.7,333,1012.1,20,25,0.35,4.3,236,8.7,,,,,,
Vector_CWB_FB_46714D,"2011-02-18 05:00:00",4.5,2.5,354,1012.2,19.4,24.9,0.34,4.4,247,6.5,,,,,,
Vector_CWB_FB_46714D,"2011-02-18 06:00:00",6.4,4.3,342,1013.5,19.8,24.9,0.34,4.5,146,8,,,,,,
Vector_CWB_FB_46714D,"2011-02-18 07:00:00",5.6,4.5,335,1014,20.2,25,0.34,4.1,281,4.7,,,,,,
Vector_CWB_FB_46714D,"2011-02-18 08:00:00",6.6,4.5,346,1014.6,20,24.8,0.35,4.2,315,9.5,,,,,,
Vector_CWB_FB_46714D,"2011-02-18 09:00:00",6.4,4.3,342,1015.2,20,24.8,0.33,4.5,303,8.7,,,,,,
Vector_CWB_FB_46714D,"2011-02-18 10:00:00",5.3,3.3,348,1015.1,19.7,24.6,0.29,4.8,247,6.1,,,,,,
Vector_CWB_FB_46714D,"2011-02-18 11:00:00",6.2,3.9,338,1014.9,19.7,24.3,0.35,4.4,292,9.5,,,,,,
Vector_CWB_FB_46714D,"2011-02-18 12:00:00",8.4,6,325,1014.7,20.6,24.9,0.4,3.9,247,3.4,,,,,,
Vector_CWB_FB_46714D,"2011-02-18 13:00:00",7.9,6.1,324,1013.9,20.5,25.1,0.35,3.8,247,8,,,,,,
Vector_CWB_FB_46714D,"2011-02-18 14:00:00",8.7,6.1,325,1013.2,20.4,25.1,0.37,3.9,281,9.5,,,,,,
Vector_CWB_FB_46714D,"2011-02-18 15:00:00",7.2,5.6,332,1013.1,20.4,25.1,0.37,4.1,281,3.6,,,,,,
Vector_CWB_FB_46714D,"2011-02-18 16:00:00",7.4,5.8,329,1013,20.7,24.9,0.51,4.1,281,6.5,,,,,,
Vector_CWB_FB_46714D,"2011-02-18 17:00:00",8.1,6.4,325,1013.2,20.5,24.7,0.44,4.1,258,6.9,,,,,,
Vector_CWB_FB_46714D,"2011-02-18 18:00:00",6.8,5.1,324,1013.1,20.4,24.6,0.35,4.1,292,9.5,,,,,,
Vector_CWB_FB_46714D,"2011-02-18 19:00:00",5.7,4.7,323,1013.6,20.4,24.6,0.34,3.9,292,6.5,,,,,,
Vector_CWB_FB_46714D,"2011-02-18 20:00:00",6.5,5.1,321,1014.1,20.6,24.5,0.38,4.3,303,10.4,,,,,,
Vector_CWB_FB_46714D,"2011-02-18 21:00:00",8,6.1,323,1014.8,20.3,24.5,0.39,4.1,315,6.9,,,,,,
Vector_CWB_FB_46714D,"2011-02-18 22:00:00",6,4.5,325,1015,20,24.5,0.43,3.9,112,3.6,,,,,,
Vector_CWB_FB_46714D,"2011-02-18 23:00:00",6.8,5.2,342,1014.9,20,24.5,0.38,4,315,6.9,,,,,,
Vector_CWB_FB_46714D,"2011-02-19 00:00:00",5,3.4,341,1015.2,19.8,24.6,0.33,4.4,270,6.1,,,,,,
Vector_CWB_FB_46714D,"2011-02-19 01:00:00",2.8,1.6,332,1014.6,19.6,24.6,0.29,4.5,78,9.5,,,,,,
Vector_CWB_FB_46714D,"2011-02-19 02:00:00",2.7,2,330,1014.4,19.8,24.5,0.3,4.7,157,7.4,,,,,,
Vector_CWB_FB_46714D,"2011-02-19 03:00:00",2.9,2,295,1013.8,19.7,24.5,0.42,4.5,270,6.1,,,,,,
Vector_CWB_FB_46714D,"2011-02-19 04:00:00",3.9,2.9,306,1014,19.6,24.5,0.51,5,247,9.5,,,,,,
Vector_CWB_FB_46714D,"2011-02-19 05:00:00",5.4,3.9,337,1014.3,19.4,24.4,0.43,4.4,270,5.8,,,,,,
Vector_CWB_FB_46714D,"2011-02-19 06:00:00",6.3,4.6,353,1014.8,19.6,24.4,0.41,4.1,270,6.5,,,,,,
Vector_CWB_FB_46714D,"2011-02-19 07:00:00",5.5,3.9,336,1015.6,19.3,24.4,0.41,4,281,4.5,,,,,,
Vector_CWB_FB_46714D,"2011-02-19 08:00:00",4.4,2.5,13,1016.2,19.3,24.5,0.35,4.3,78,9.5,,,,,,
Vector_CWB_FB_46714D,"2011-02-19 09:00:00",4,2.9,18,1016.6,19.8,24.5,0.4,4.3,258,9.5,,,,,,
Vector_CWB_FB_46714D,"2011-02-19 10:00:00",3.1,2.2,337,1016.1,20.6,24.6,0.31,5,135,8.7,,,,,,
Vector_CWB_FB_46714D,"2011-02-19 11:00:00",5.8,2.1,347,1015.6,21.2,24.6,0.27,5.1,270,8,,,,,,
Vector_CWB_FB_46714D,"2011-02-19 12:00:00",5.6,4.4,309,1015.1,21,24.6,0.34,5.4,180,6.5,,,,,,
Vector_CWB_FB_46714D,"2011-02-19 13:00:00",9,6.9,330,1014.2,21,24.4,0.33,4.5,247,5.8,,,,,,
Vector_CWB_FB_46714D,"2011-02-19 14:00:00",8.9,7,334,1013.3,21,24.7,0.43,3.7,281,4,,,,,,
Vector_CWB_FB_46714D,"2011-02-19 15:00:00",7.9,5.7,315,1012.9,21.4,24.8,0.36,4.1,258,6.5,,,,,,
Vector_CWB_FB_46714D,"2011-02-19 16:00:00",7.2,5.8,319,1012.9,21.5,24.7,0.37,4.2,180,8,,,,,,
Vector_CWB_FB_46714D,"2011-02-19 17:00:00",8.2,6.6,324,1013,21,24.7,0.4,4.6,247,6.9,,,,,,
Vector_CWB_FB_46714D,"2011-02-19 18:00:00",9.5,7,330,1013.7,20.3,24.5,0.36,4.5,202,8.7,,,,,,
Vector_CWB_FB_46714D,"2011-02-19 19:00:00",9.4,6.9,334,1013.8,20.1,24.4,0.31,4.3,180,8.7,,,,,,
Vector_CWB_FB_46714D,"2011-02-19 20:00:00",6.9,5.7,327,1014.1,20,24.4,0.34,4.2,258,8,,,,,,
Vector_CWB_FB_46714D,"2011-02-19 21:00:00",7.7,5.5,331,1014.8,19.7,24.4,0.38,4.4,247,6.5,,,,,,
Vector_CWB_FB_46714D,"2011-02-19 22:00:00",7.1,5.5,338,1014.9,19.6,24.4,0.39,4.4,247,8,,,,,,
Vector_CWB_FB_46714D,"2011-02-19 23:00:00",8.5,6.4,344,1014.9,19.3,24.5,0.44,4.7,225,8,,,,,,
Vector_CWB_FB_46714D,"2011-02-20 00:00:00",5.9,3.9,342,1015.3,19.1,24.5,0.4,4.5,236,7.4,,,,,,
Vector_CWB_FB_46714D,"2011-02-20 01:00:00",5,2.9,345,1015.1,18.8,24.5,0.38,4.8,180,9.5,,,,,,
Vector_CWB_FB_46714D,"2011-02-20 02:00:00",8.6,7,323,1014.7,18.9,24.5,0.28,4.7,191,6.9,,,,,,
Vector_CWB_FB_46714D,"2011-02-20 03:00:00",10.2,8,335,1014.9,18.4,24.5,0.62,4.1,281,4.1,,,,,,
Vector_CWB_FB_46714D,"2011-02-20 04:00:00",9.9,7.5,344,1015.1,18.1,24.6,0.54,4.1,270,4.5,,,,,,
Vector_CWB_FB_46714D,"2011-02-20 05:00:00",8.2,6,351,1015.1,17.7,24.6,0.38,4.6,247,6.9,,,,,,
Vector_CWB_FB_46714D,"2011-02-20 06:00:00",9.6,7.5,342,1015.9,17.9,24.7,0.4,4.8,270,9.5,,,,,,
Vector_CWB_FB_46714D,"2011-02-20 07:00:00",5.7,4.5,1,1016.4,18.7,24.6,0.41,4.8,270,9.5,,,,,,
Vector_CWB_FB_46714D,"2011-02-20 08:00:00",6.1,4.5,37,1016.7,18.5,24.7,0.38,4.9,292,9.5,,,,,,
Vector_CWB_FB_46714D,"2011-02-20 09:00:00",4.3,3.2,26,1016.8,20,24.7,0.39,4.6,270,6.5,,,,,,
Vector_CWB_FB_46714D,"2011-02-20 10:00:00",6.1,4.5,331,1016.6,20.1,24.7,0.47,4.5,270,7.4,,,,,,
Vector_CWB_FB_46714D,"2011-02-20 11:00:00",5,3.1,331,1016.4,19.5,24.7,0.41,4.5,281,6.9,,,,,,
Vector_CWB_FB_46714D,"2011-02-20 12:00:00",8.2,6.5,316,1016.2,19.6,24.8,0.38,4.1,146,6.9,,,,,,
Vector_CWB_FB_46714D,"2011-02-20 13:00:00",9.6,7.6,323,1015.4,19.5,24.7,0.23,4.8,180,7.4,,,,,,
Vector_CWB_FB_46714D,"2011-02-20 14:00:00",9.5,7.7,324,1012.5,19.4,24.4,0.83,4.4,270,6.5,,,,,,
Vector_CWB_FB_46714D,"2011-02-20 15:00:00",8,6.5,324,1012.5,19.8,24.4,0.83,4.5,247,5.2,,,,,,
Vector_CWB_FB_46714D,"2011-02-20 16:00:00",7.1,5.6,330,1014.1,20.6,24.6,0.48,4.4,236,4.7,,,,,,
Vector_CWB_FB_46714D,"2011-02-20 17:00:00",6.4,4.9,324,1012.8,20.5,24.4,0.42,4.4,270,6.9,,,,,,
Vector_CWB_FB_46714D,"2011-02-20 18:00:00",7.9,6.1,326,1013.4,19.6,24.2,0.42,4.5,258,5.8,,,,,,
Vector_CWB_FB_46714D,"2011-02-20 19:00:00",9.5,6,337,1013.3,18.8,24.1,0.48,4.4,247,4.5,,,,,,
Vector_CWB_FB_46714D,"2011-02-20 20:00:00",6.2,4.3,338,1015.5,19,24.4,0.63,4.5,270,6.9,,,,,,
Vector_CWB_FB_46714D,"2011-02-20 21:00:00",7.2,5.3,334,1014.4,17.9,24.2,0.72,4.7,270,5.8,,,,,,
Vector_CWB_FB_46714D,"2011-02-20 22:00:00",7.4,5.7,334,1014.2,17.4,24.1,0.74,4.7,281,5.4,,,,,,
Vector_CWB_FB_46714D,"2011-02-20 23:00:00",5.9,4.4,341,1015.2,17.5,24.2,0.73,4.7,270,6.1,,,,,,
Vector_CWB_FB_46714D,"2011-02-21 00:00:00",3.9,2.5,348,1014.3,17.4,24.1,0.67,4.6,281,4.5,,,,,,
Vector_CWB_FB_46714D,"2011-02-21 01:00:00",3.6,2.6,328,1014.3,17.3,24.2,0.61,4.6,292,6.1,,,,,,
Vector_CWB_FB_46714D,"2011-02-21 02:00:00",6.6,4,330,1013.4,17.3,24.2,0.47,4.4,281,5.4,,,,,,
Vector_CWB_FB_46714D,"2011-02-21 03:00:00",7,5.1,336,1013.7,17.3,24.3,0.5,4.4,270,6.1,,,,,,
Vector_CWB_FB_46714D,"2011-02-21 04:00:00",5.5,3.9,348,1013.8,17,24.2,0.49,4.4,225,8,,,,,,
Vector_CWB_FB_46714D,"2011-02-21 05:00:00",3.5,2.1,344,1014.4,17,24.2,0.57,4.5,191,5.2,,,,,,
Vector_CWB_FB_46714D,"2011-02-21 06:00:00",5,3.7,6,1014.2,17,24.1,0.47,4.7,281,6.5,,,,,,
Vector_CWB_FB_46714D,"2011-02-21 07:00:00",4.7,3.3,26,1015.7,17.4,24.2,0.36,4.6,281,6.9,,,,,,
Vector_CWB_FB_46714D,"2011-02-21 08:00:00",3.5,1.5,8,1015,17.3,24.1,0.32,4.6,281,6.5,,,,,,
Vector_CWB_FB_46714D,"2011-02-21 09:00:00",4.8,3.8,305,1016.1,18.2,24.3,0.34,4.5,303,6.1,,,,,,
Vector_CWB_FB_46714D,"2011-02-21 10:00:00",7.6,5.8,309,1016.4,18.8,24.3,0.34,4.3,213,7.4,,,,,,
Vector_CWB_FB_46714D,"2011-02-21 11:00:00",6.4,5,327,1016.5,18.9,24.5,0.38,4.1,270,5.8,,,,,,
Vector_CWB_FB_46714D,"2011-02-21 12:00:00",7.3,5.4,319,1015.7,19,24.6,0.39,3.9,270,5.8,,,,,,
Vector_CWB_FB_46714D,"2011-02-21 13:00:00",7.6,6,323,1014.7,19,24.5,0.35,3.9,270,5.8,,,,,,
Vector_CWB_FB_46714D,"2011-02-21 14:00:00",7.4,5.5,328,1013.9,19.3,24.6,0.37,4,180,5.8,,,,,,
Vector_CWB_FB_46714D,"2011-02-21 15:00:00",6.4,4.4,334,1013,19.5,24.4,0.42,4.1,270,6.5,,,,,,
Vector_CWB_FB_46714D,"2011-02-21 16:00:00",6.9,4.8,336,1013.1,19.5,24.5,0.54,4.2,281,4.9,,,,,,
Vector_CWB_FB_46714D,"2011-02-21 17:00:00",5.3,3.8,325,1013.6,19.9,24.5,0.53,4.2,270,5.8,,,,,,
Vector_CWB_FB_46714D,"2011-02-21 18:00:00",5.6,4.4,323,1013.4,19.7,24.4,0.47,4.5,292,7.4,,,,,,
Vector_CWB_FB_46714D,"2011-02-21 19:00:00",4.1,3.2,300,1013.6,19.8,24.3,0.57,4.8,270,6.1,,,,,,
Vector_CWB_FB_46714D,"2011-02-21 20:00:00",3.3,2.5,320,1014.5,20.2,24.5,0.42,4.5,270,4.9,,,,,,
Vector_CWB_FB_46714D,"2011-02-21 21:00:00",4.2,3.3,323,1014.9,20.2,24.6,0.44,4.3,281,5.2,,,,,,
Vector_CWB_FB_46714D,"2011-02-21 22:00:00",3.9,3,321,1015,19.6,24.6,0.42,3.9,258,3.6,,,,,,
Vector_CWB_FB_46714D,"2011-02-21 23:00:00",4.7,3.8,312,1014.5,19,24.5,0.45,3.8,123,3.2,,,,,,
Vector_CWB_FB_46714D,"2011-02-22 00:00:00",4.4,3,322,1014.3,18.7,24.4,0.46,3.7,135,3.7,,,,,,
Vector_CWB_FB_46714D,"2011-02-22 01:00:00",3.4,2.6,342,1014.1,18.4,24.3,0.34,3.9,135,3.6,,,,,,
Vector_CWB_FB_46714D,"2011-02-22 02:00:00",2.6,1.7,340,1013.8,18.2,24.2,0.38,3.9,303,3.3,,,,,,
Vector_CWB_FB_46714D,"2011-02-22 03:00:00",2.2,1.5,342,1014.3,18.9,24.3,0.37,4.1,303,7.4,,,,,,
Vector_CWB_FB_46714D,"2011-02-22 04:00:00",3.6,1.7,342,1014.1,18.7,24.3,0.43,4.5,123,6.5,,,,,,
Vector_CWB_FB_46714D,"2011-02-22 05:00:00",4.2,3.1,338,1015,18.4,24.4,0.43,4.4,281,6.9,,,,,,
Vector_CWB_FB_46714D,"2011-02-22 06:00:00",2.8,1.9,360,1015.2,18.3,24.3,0.53,4.6,281,6.9,,,,,,
Vector_CWB_FB_46714D,"2011-02-22 07:00:00",2.4,1.5,9,1015.6,18.3,24.2,0.45,4.4,213,8.7,,,,,,
Vector_CWB_FB_46714D,"2011-02-22 08:00:00",3,2,345,1016.8,19,24.3,0.35,4.2,123,7.4,,,,,,
Vector_CWB_FB_46714D,"2011-02-22 09:00:00",3.6,2.1,318,1016.8,19.3,24.3,0.38,4.3,225,8,,,,,,
Vector_CWB_FB_46714D,"2011-02-22 10:00:00",3.5,2.3,330,1017.1,19.3,24.4,0.39,4.3,292,7.4,,,,,,
Vector_CWB_FB_46714D,"2011-02-22 11:00:00",3.6,2.4,291,1016.3,19.4,24.4,0.47,4.6,292,5.8,,,,,,
Vector_CWB_FB_46714D,"2011-02-22 12:00:00",3.7,2.7,291,1015.7,19.7,24.5,0.4,4.5,281,6.1,,,,,,
Vector_CWB_FB_46714D,"2011-02-22 13:00:00",6.7,5.5,300,1015,20.1,24.4,0.35,4.4,281,6.9,,,,,,
Vector_CWB_FB_46714D,"2011-02-22 14:00:00",8.1,6.5,313,1014,19.8,24.4,0.3,3.9,303,6.5,,,,,,
Vector_CWB_FB_46714D,"2011-02-22 15:00:00",8.7,6.9,311,1013.4,19.9,24.4,0.34,3.8,157,6.1,,,,,,
Vector_CWB_FB_46714D,"2011-02-22 16:00:00",7.7,6.1,323,1013.4,20.2,24.4,0.41,4.1,146,8,,,,,,
Vector_CWB_FB_46714D,"2011-02-22 17:00:00",6,4.5,330,1013.4,19.9,24.3,0.49,4.1,202,4,,,,,,
Vector_CWB_FB_46714D,"2011-02-22 18:00:00",6.2,4.2,335,1013.6,19.4,24.3,0.4,4.3,202,8,,,,,,
Vector_CWB_FB_46714D,"2011-02-22 19:00:00",5.3,3.9,340,1015.6,20.1,24.5,0.4,4.4,258,6.9,,,,,,
Vector_CWB_FB_46714D,"2011-02-22 20:00:00",2.9,1.8,325,1015.9,20.2,24.5,0.37,4.3,258,7.4,,,,,,
Vector_CWB_FB_46714D,"2011-02-22 21:00:00",2.1,1.1,319,1016.2,20.5,24.5,0.45,4.4,303,6.9,,,,,,
Vector_CWB_FB_46714D,"2011-02-22 22:00:00",4,2.8,296,1016.2,20.8,24.5,0.45,4.6,292,6.1,,,,,,
Vector_CWB_FB_46714D,"2011-02-22 23:00:00",5.6,4,300,1016.3,20.7,24.4,0.52,4.3,247,7.4,,,,,,
Vector_CWB_FB_46714D,"2011-02-23 00:00:00",2.8,2,341,1014.1,19.9,24,0.44,4.1,281,8,,,,,,
Vector_CWB_FB_46714D,"2011-02-23 01:00:00",2.3,1.5,336,1014.4,20,24.1,0.39,4.3,315,6.5,,,,,,
Vector_CWB_FB_46714D,"2011-02-23 02:00:00",,,,1015.4,20.2,24.2,0.28,4.3,112,5.4,,,,,,
Vector_CWB_FB_46714D,"2011-02-23 03:00:00",,,,1015.7,20.4,24.3,0.27,4.4,168,5.8,,,,,,
Vector_CWB_FB_46714D,"2011-02-23 04:00:00",2,1.4,11,1015.3,20.4,24.3,0.27,4.7,180,6.1,,,,,,
Vector_CWB_FB_46714D,"2011-02-23 05:00:00",4,3.2,22,1015.7,20.1,24.3,0.4,5,270,5.8,,,,,,
Vector_CWB_FB_46714D,"2011-02-23 06:00:00",4.5,3.6,33,1016.2,19.6,24.3,0.46,4.9,270,5.8,,,,,,
Vector_CWB_FB_46714D,"2011-02-23 07:00:00",5,4.1,44,1016.3,19.9,24.3,0.35,4.2,236,4.3,,,,,,
Vector_CWB_FB_46714D,"2011-02-23 08:00:00",3.9,2.9,45,1016.2,20.2,24.3,0.34,4.2,281,6.9,,,,,,
Vector_CWB_FB_46714D,"2011-02-23 09:00:00",2.9,1.6,345,1016.7,21.1,24.4,0.36,4.3,112,6.5,,,,,,
Vector_CWB_FB_46714D,"2011-02-23 10:00:00",3,1.8,287,1016.6,21.5,24.5,0.43,4.7,292,6.9,,,,,,
Vector_CWB_FB_46714D,"2011-02-23 11:00:00",2.9,2.2,288,1015.6,21,24.6,0.38,4.6,123,5.4,,,,,,
Vector_CWB_FB_46714D,"2011-02-23 12:00:00",4.3,3.1,293,1015.4,21.4,24.8,0.35,4.8,270,6.5,,,,,,
Vector_CWB_FB_46714D,"2011-02-23 13:00:00",5.9,4.7,308,1015.2,21.5,24.8,0.37,4.9,168,8,,,,,,
Vector_CWB_FB_46714D,"2011-02-23 14:00:00",5.6,4.1,307,1014.1,21.9,24.8,0.35,5,112,5.2,,,,,,
Vector_CWB_FB_46714D,"2011-02-23 15:00:00",5.8,4.3,316,1013.6,21.8,24.9,0.35,4.7,157,5.8,,,,,,
Vector_CWB_FB_46714D,"2011-02-23 16:00:00",4.7,3.4,313,1013.5,21.8,24.7,0.32,4.7,146,4.9,,,,,,
Vector_CWB_FB_46714D,"2011-02-23 17:00:00",3.8,2.8,317,1014.4,21.4,24.6,0.35,4.4,157,6.5,,,,,,
Vector_CWB_FB_46714D,"2011-02-23 18:00:00",6,4.2,326,1014.7,21.5,24.5,0.39,4.4,270,6.1,,,,,,
Vector_CWB_FB_46714D,"2011-02-23 19:00:00",4.8,3.4,324,1013.4,20.6,24.1,0.36,4.1,191,6.1,,,,,,
Vector_CWB_FB_46714D,"2011-02-23 20:00:00",5.2,3.4,340,1015.8,21.1,24.4,0.39,4.4,191,6.9,,,,,,
Vector_CWB_FB_46714D,"2011-02-23 21:00:00",2.8,2.1,5,1016.1,20.9,24.4,0.38,4.2,213,7.4,,,,,,
Vector_CWB_FB_46714D,"2011-02-23 22:00:00",2,1.6,44,1016,21.4,24.4,0.36,3.9,281,4.5,,,,,,
Vector_CWB_FB_46714D,"2011-02-23 23:00:00",2.6,1.5,86,1016.1,21.6,24.7,0.4,4.1,135,5.8,,,,,,
Vector_CWB_FB_46714D,"2011-02-24 00:00:00",,,,1015.7,21.5,24.6,0.42,4.2,157,6.1,,,,,,
Vector_CWB_FB_46714D,"2011-02-24 01:00:00",2.8,2.4,351,1015.4,21.4,24.7,0.34,4.6,157,6.5,,,,,,
Vector_CWB_FB_46714D,"2011-02-24 02:00:00",3.3,2.2,351,1015.1,21.2,24.6,0.36,4.9,135,6.1,,,,,,
Vector_CWB_FB_46714D,"2011-02-24 03:00:00",3.8,3.2,37,1014.5,21.2,24.4,0.3,5,135,6.1,,,,,,
Vector_CWB_FB_46714D,"2011-02-24 04:00:00",3.4,2.8,67,1013.9,21.4,24.4,0.32,4.9,146,5.2,,,,,,
Vector_CWB_FB_46714D,"2011-02-24 05:00:00",2.1,1.6,13,1014.4,21.3,24.4,0.3,4.8,247,6.1,,,,,,
Vector_CWB_FB_46714D,"2011-02-24 06:00:00",2.8,2.2,22,1014.8,21.4,24.3,0.31,4.3,191,4.7,,,,,,
Vector_CWB_FB_46714D,"2011-02-24 07:00:00",4.3,3.2,33,1015.4,21.2,24.4,0.28,4.4,191,6.1,,,,,,
Vector_CWB_FB_46714D,"2011-02-24 08:00:00",4.1,3.4,44,1015.6,21.2,24.3,0.3,4.1,236,4.5,,,,,,
Vector_CWB_FB_46714D,"2011-02-24 09:00:00",4.2,3.5,48,1015.8,21.8,24.4,0.32,4.1,168,6.9,,,,,,
Vector_CWB_FB_46714D,"2011-02-24 10:00:00",3.1,1.9,56,1015.8,22.6,24.5,0.25,4.2,101,7.4,,,,,,
Vector_CWB_FB_46714D,"2011-02-24 11:00:00",3.9,1.1,139,1015.1,23.4,24.9,0.28,4.3,247,5.8,,,,,,
Vector_CWB_FB_46714D,"2011-02-24 12:00:00",4.2,1.4,203,1014.6,24.2,,0.23,4.5,191,6.9,,,,,,
Vector_CWB_FB_46714D,"2011-02-24 13:00:00",1.9,1.2,205,1013.7,23.2,25.4,0.33,5.1,168,8,,,,,,
Vector_CWB_FB_46714D,"2011-02-24 14:00:00",2.7,1.9,261,1013.2,23.2,26,0.39,5.1,157,5.8,,,,,,
Vector_CWB_FB_46714D,"2011-02-24 15:00:00",3.6,2.8,259,1012.7,23,25.4,0.39,4.9,168,5.2,,,,,,
Vector_CWB_FB_46714D,"2011-02-24 16:00:00",2.4,1.6,286,1012.9,23.4,25.4,0.38,4.7,168,5.4,,,,,,
Vector_CWB_FB_46714D,"2011-02-24 17:00:00",3.6,2.6,302,1013.3,22.8,25.1,0.41,4.6,168,5.4,,,,,,
Vector_CWB_FB_46714D,"2011-02-24 18:00:00",3.2,2.4,316,1013.9,22.6,24.8,0.4,4.3,168,4.5,,,,,,
Vector_CWB_FB_46714D,"2011-02-24 19:00:00",3.8,2.8,341,1014.2,22.3,24.8,0.36,4.3,180,5.4,,,,,,
Vector_CWB_FB_46714D,"2011-02-24 20:00:00",1.9,1.3,320,1014.7,22,24.6,0.31,4.2,326,4.3,,,,,,
Vector_CWB_FB_46714D,"2011-02-24 21:00:00",3.2,2.2,339,1014,21.9,24.6,0.32,4.2,157,6.9,,,,,,
Vector_CWB_FB_46714D,"2011-02-24 22:00:00",,,,1014.9,22.1,24.7,0.31,4.1,135,6.9,,,,,,
Vector_CWB_FB_46714D,"2011-02-24 23:00:00",,,,1014.4,21.8,24.6,0.36,4.3,33,6.5,,,,,,
Vector_CWB_FB_46714D,"2011-02-25 00:00:00",,,,1014.4,21.9,24.7,0.32,4.4,123,8,,,,,,
Vector_CWB_FB_46714D,"2011-02-25 01:00:00",,,,1014.1,22.1,24.6,0.37,4.9,146,6.9,,,,,,
Vector_CWB_FB_46714D,"2011-02-25 02:00:00",,,,1014.1,22.1,24.6,0.38,5.3,146,6.5,,,,,,
Vector_CWB_FB_46714D,"2011-02-25 03:00:00",3.2,2.1,21,1013.6,22.1,24.5,0.36,5.1,157,6.1,,,,,,
Vector_CWB_FB_46714D,"2011-02-25 04:00:00",3.6,2.8,18,1013.6,21.2,24.5,0.38,5.4,180,7.4,,,,,,
Vector_CWB_FB_46714D,"2011-02-25 05:00:00",3.3,2.7,34,1013.7,21.7,24.2,0.34,4.6,258,5.2,,,,,,
Vector_CWB_FB_46714D,"2011-02-25 06:00:00",4.4,3.3,37,1014.4,21.1,24.4,0.36,4.5,168,5.4,,,,,,
Vector_CWB_FB_46714D,"2011-02-25 07:00:00",2.6,1.8,53,1015.2,21.3,24.3,0.31,4.3,225,4.3,,,,,,
Vector_CWB_FB_46714D,"2011-02-25 08:00:00",2.7,2.1,58,1015.9,21.9,24.3,0.32,4.1,236,4.5,,,,,,
Vector_CWB_FB_46714D,"2011-02-25 09:00:00",1.8,1.1,65,1016,23.1,24.5,0.35,4,202,4.5,,,,,,
Vector_CWB_FB_46714D,"2011-02-25 10:00:00",2.5,1.9,55,1016.5,23.1,24.7,0.4,4.3,180,8,,,,,,
Vector_CWB_FB_46714D,"2011-02-25 11:00:00",,,,1016.1,24.3,25.1,0.35,4.3,168,8.7,,,,,,
Vector_CWB_FB_46714D,"2011-02-25 12:00:00",3.8,3,298,1015.5,22.9,25.2,0.35,4.6,180,5.4,,,,,,
Vector_CWB_FB_46714D,"2011-02-25 13:00:00",4.5,3.3,307,1014.7,22.7,25.1,0.36,4.7,191,5.4,,,,,,
Vector_CWB_FB_46714D,"2011-02-25 14:00:00",4.4,3.5,309,1012.4,22.4,24.8,0.36,4.7,281,6.1,,,,,,
Vector_CWB_FB_46714D,"2011-02-25 15:00:00",6.8,5.9,287,1011.7,22.5,24.7,0.38,4.6,168,6.9,,,,,,
Vector_CWB_FB_46714D,"2011-02-25 16:00:00",3.3,2.4,289,1011.8,22.4,24.6,0.42,4.8,180,4.5,,,,,,
Vector_CWB_FB_46714D,"2011-02-25 17:00:00",2.1,1.6,275,1012.4,22.4,24.5,0.46,5,168,8,,,,,,
Vector_CWB_FB_46714D,"2011-02-25 18:00:00",3.5,2.6,311,1012.7,22.4,24.2,0.49,5,157,8.7,,,,,,
Vector_CWB_FB_46714D,"2011-02-25 19:00:00",5.5,4,333,1013.4,21.3,24.2,0.51,4.5,157,4.3,,,,,,
Vector_CWB_FB_46714D,"2011-02-25 20:00:00",5,3.8,330,1013.5,21.3,24.1,0.51,4.1,135,4.9,,,,,,
Vector_CWB_FB_46714D,"2011-02-25 21:00:00",3.1,2.3,319,1013.9,21.7,24.1,0.5,4.1,326,4.9,,,,,,
Vector_CWB_FB_46714D,"2011-02-25 22:00:00",2.3,1.4,310,1013.5,21.6,24,0.46,4.3,146,8.7,,,,,,
Vector_CWB_FB_46714D,"2011-02-25 23:00:00",1.9,1.1,253,1013.7,21.8,24,0.38,4.4,146,8.7,,,,,,
Vector_CWB_FB_46714D,"2011-02-26 00:00:00",3,1.7,195,1013.6,22.1,23.9,0.47,4.1,236,4.9,,,,,,
Vector_CWB_FB_46714D,"2011-02-26 01:00:00",4.3,3.5,314,1013,21.5,23.8,0.57,4,123,3.6,,,,,,
Vector_CWB_FB_46714D,"2011-02-26 02:00:00",3.4,2.1,329,1012.8,20.6,23.9,0.54,4.4,191,4.9,,,,,,
Vector_CWB_FB_46714D,"2011-02-26 03:00:00",4,2.7,328,1012.6,20.5,23.8,0.53,4.5,236,6.9,,,,,,
Vector_CWB_FB_46714D,"2011-02-26 04:00:00",4,3,328,1012.8,20.4,23.8,0.52,4.4,247,5.4,,,,,,
Vector_CWB_FB_46714D,"2011-02-26 05:00:00",4.7,3.7,333,1013.2,20.2,23.7,0.48,4.4,281,6.5,,,,,,
Vector_CWB_FB_46714D,"2011-02-26 06:00:00",4,3.2,337,1013.8,19.7,23.7,0.48,4.4,236,6.1,,,,,,
Vector_CWB_FB_46714D,"2011-02-26 07:00:00",4.2,3.3,341,1014.6,20,23.8,0.52,4.3,213,5.8,,,,,,
Vector_CWB_FB_46714D,"2011-02-26 08:00:00",3.1,2,349,1015.3,20.8,23.9,0.51,4.3,247,5.8,,,,,,
Vector_CWB_FB_46714D,"2011-02-26 09:00:00",3.7,2.8,306,1015.3,20.8,23.9,0.56,4.5,225,5.2,,,,,,
Vector_CWB_FB_46714D,"2011-02-26 10:00:00",5.7,3.9,330,1015.3,20.8,24.1,0.61,4.5,225,5.4,,,,,,
Vector_CWB_FB_46714D,"2011-02-26 11:00:00",5.8,4.8,316,1014.6,20.8,24.1,0.55,4.3,157,6.1,,,,,,
Vector_CWB_FB_46714D,"2011-02-26 12:00:00",4.1,3.3,296,1014.2,21,24,0.56,4.6,292,6.9,,,,,,
Vector_CWB_FB_46714D,"2011-02-26 13:00:00",6.2,4.8,304,1012.9,21,24.1,0.57,4.3,292,4.5,,,,,,
Vector_CWB_FB_46714D,"2011-02-26 14:00:00",6.3,5,305,1012,21,24.1,0.5,4.2,326,6.5,,,,,,
Vector_CWB_FB_46714D,"2011-02-26 15:00:00",6.1,4.9,305,1012,21,24,0.49,4.2,236,5.2,,,,,,
Vector_CWB_FB_46714D,"2011-02-26 16:00:00",6.4,5,310,1012.5,20.7,23.9,0.53,4.1,270,6.1,,,,,,
Vector_CWB_FB_46714D,"2011-02-26 17:00:00",6.2,4.8,311,1012.7,20.4,24,0.59,4.1,146,6.9,,,,,,
Vector_CWB_FB_46714D,"2011-02-26 18:00:00",5.8,4.7,315,1012.5,20.3,23.9,0.52,4.3,157,6.5,,,,,,
Vector_CWB_FB_46714D,"2011-02-26 19:00:00",4.6,3.6,302,1013,20.6,24,0.56,4.7,146,6.5,,,,,,
Vector_CWB_FB_46714D,"2011-02-26 20:00:00",3.9,2.9,292,1013.7,20.9,23.9,0.61,4.8,135,6.9,,,,,,
Vector_CWB_FB_46714D,"2011-02-26 21:00:00",3.8,3,313,1013.8,21.1,23.8,0.56,4.5,135,5.4,,,,,,
Vector_CWB_FB_46714D,"2011-02-26 22:00:00",3.5,2.5,324,1013.8,20.8,23.7,0.62,4.7,146,6.5,,,,,,
Vector_CWB_FB_46714D,"2011-02-26 23:00:00",3.6,2.8,319,1014.3,20.5,23.9,0.42,4.6,146,6.1,,,,,,
Vector_CWB_FB_46714D,"2011-02-27 00:00:00",4,2.2,336,1014.2,20.4,23.8,0.49,4.7,135,6.5,,,,,,
Vector_CWB_FB_46714D,"2011-02-27 01:00:00",4.7,3.3,335,1014.1,20.3,23.8,0.46,4.5,146,6.9,,,,,,
Vector_CWB_FB_46714D,"2011-02-27 02:00:00",4.2,2.6,349,1013.1,20,23.7,0.52,4.6,213,6.1,,,,,,
Vector_CWB_FB_46714D,"2011-02-27 03:00:00",3.9,2.9,347,1012.9,20,23.8,0.71,5.2,191,6.5,,,,,,
Vector_CWB_FB_46714D,"2011-02-27 04:00:00",4.7,3.8,360,1012.6,19.9,23.9,0.54,4.7,202,6.5,,,,,,
Vector_CWB_FB_46714D,"2011-02-27 05:00:00",3.1,2.3,359,1012.5,19.8,23.8,0.55,4.9,191,6.5,,,,,,
Vector_CWB_FB_46714D,"2011-02-27 06:00:00",4.8,3.6,7,1013.1,19.9,23.7,0.47,4.9,191,7.4,,,,,,
Vector_CWB_FB_46714D,"2011-02-27 07:00:00",3.9,2.8,20,1013.6,20,23.8,0.42,4.8,191,6.1,,,,,,
Vector_CWB_FB_46714D,"2011-02-27 08:00:00",2.7,1.6,30,1014.2,19.7,23.8,0.43,4.7,191,5.8,,,,,,
Vector_CWB_FB_46714D,"2011-02-27 09:00:00",,,,1014.8,20.2,23.9,0.49,4.6,180,5.4,,,,,,
Vector_CWB_FB_46714D,"2011-02-27 10:00:00",2.5,1.8,271,1015.1,21,24.1,0.42,4.4,180,6.1,,,,,,
Vector_CWB_FB_46714D,"2011-02-27 11:00:00",3.9,3.1,309,1015.3,21.2,24.3,0.35,4.6,236,5.2,,,,,,
Vector_CWB_FB_46714D,"2011-02-27 12:00:00",3.8,3.2,307,1014,21.2,24.2,0.35,4.2,123,8,,,,,,
Vector_CWB_FB_46714D,"2011-02-27 13:00:00",4.7,3.7,297,1013.3,21.9,24.5,0.38,4.1,213,6.9,,,,,,
Vector_CWB_FB_46714D,"2011-02-27 14:00:00",5.9,4.6,306,1012.2,21.6,24.4,0.41,4.4,146,6.9,,,,,,
Vector_CWB_FB_46714D,"2011-02-27 15:00:00",6.1,4.9,308,1011.8,21.5,24.4,0.44,4.6,157,6.1,,,,,,
Vector_CWB_FB_46714D,"2011-02-27 16:00:00",5.3,4.2,310,1011.1,21.6,24.4,0.49,4.4,168,6.9,,,,,,
Vector_CWB_FB_46714D,"2011-02-27 17:00:00",5,3.6,330,1011.4,21.7,24.2,0.43,4.3,202,7.4,,,,,,
Vector_CWB_FB_46714D,"2011-02-27 18:00:00",4.3,3.1,327,1011.4,21.4,24.1,0.43,4.7,168,6.9,,,,,,
Vector_CWB_FB_46714D,"2011-02-27 19:00:00",3.6,2.5,328,1011.2,21.2,24.1,0.44,5.2,146,6.9,,,,,,
Vector_CWB_FB_46714D,"2011-02-27 20:00:00",1.7,1.1,319,1012.3,21.3,24.5,0.61,5.8,135,7.4,,,,,,
Vector_CWB_FB_46714D,"2011-02-27 21:00:00",,,,1012.5,21.5,24.5,0.62,5.6,123,6.9,,,,,,
Vector_CWB_FB_46714D,"2011-02-27 22:00:00",,,,1012.6,21.4,24.4,0.6,5.5,123,8,,,,,,
Vector_CWB_FB_46714D,"2011-02-27 23:00:00",,,,1012.2,21.3,24.2,0.58,5,180,8.7,,,,,,
Vector_CWB_FB_46714D,"2011-02-28 00:00:00",2.3,1.5,170,1011.9,22,24.1,0.46,4.7,213,7.4,,,,,,
Vector_CWB_FB_46714D,"2011-02-28 01:00:00",4.5,3.5,122,1011.3,22,24,0.4,4.7,191,5.4,,,,,,
Vector_CWB_FB_46714D,"2011-02-28 02:00:00",,,,1010.8,21.8,24,0.52,5.3,180,6.9,,,,,,
Vector_CWB_FB_46714D,"2011-02-28 03:00:00",4.1,3.4,121,1010.8,22.3,24.3,0.57,5,157,8.7,,,,,,
Vector_CWB_FB_46714D,"2011-02-28 04:00:00",4.9,4,51,1010.2,21,24.2,0.6,4.7,135,8.7,,,,,,
Vector_CWB_FB_46714D,"2011-02-28 05:00:00",7.2,6.1,36,1010.3,20.5,24.1,0.58,5,146,6.9,,,,,,
Vector_CWB_FB_46714D,"2011-02-28 06:00:00",7.2,5.8,24,1010.9,20.6,24.1,0.45,4.2,157,4.9,,,,,,
Vector_CWB_FB_46714D,"2011-02-28 07:00:00",3.7,2.8,15,1012.9,21.1,24.3,0.44,4.9,157,5.8,,,,,,
Vector_CWB_FB_46714D,"2011-02-28 08:00:00",4.7,3.5,13,1014.6,22.3,24.4,0.37,4.8,191,5.8,,,,,,
Vector_CWB_FB_46714D,"2011-02-28 09:00:00",5.8,4.7,21,1014.9,22.8,24.5,0.44,5.3,168,6.5,,,,,,
Vector_CWB_FB_46714D,"2011-02-28 10:00:00",5.1,3.8,7,1014.8,23.6,24.5,0.42,5.2,168,5.8,,,,,,
Vector_CWB_FB_46714D,"2011-02-28 11:00:00",2.4,1.2,345,1014.6,25,24.8,0.32,4.7,146,5.8,,,,,,
Vector_CWB_FB_46714D,"2011-02-28 12:00:00",5.1,3.9,304,1013.5,23.9,24.9,0.29,4.9,180,5.4,,,,,,
Vector_CWB_FB_46714D,"2011-02-28 13:00:00",5.9,4.9,305,1012.4,23.7,24.8,0.31,4.7,191,6.5,,,,,,
Vector_CWB_FB_46714D,"2011-02-28 14:00:00",6.7,5.1,316,1011.4,24.1,24.8,0.32,4,135,10.4,,,,,,
Vector_CWB_FB_46714D,"2011-02-28 15:00:00",5.4,4.4,310,1011,24,24.9,0.35,4.1,135,10.4,,,,,,
Vector_CWB_FB_46714D,"2011-02-28 16:00:00",4.8,3.9,295,1011,24.2,24.9,0.34,4.3,258,5.4,,,,,,
Vector_CWB_FB_46714D,"2011-02-28 17:00:00",5.1,4,308,1011.1,23.9,24.7,0.37,4.5,191,8,,,,,,
Vector_CWB_FB_46714D,"2011-02-28 18:00:00",5.2,4.2,316,1011.5,23.9,24.6,0.35,4.1,202,9.5,,,,,,
Vector_CWB_FB_46714D,"2011-02-28 19:00:00",3.9,3.1,315,1011.2,23.6,24.9,0.38,5,135,6.5,,,,,,
Vector_CWB_FB_46714D,"2011-02-28 20:00:00",3.1,2.3,311,1012.6,23.6,25,0.41,5.1,168,6.1,,,,,,
Vector_CWB_FB_46714D,"2011-02-28 21:00:00",2.7,1.6,321,1013,23.9,24.9,0.55,6,135,11.6,,,,,,
Vector_CWB_FB_46714D,"2011-02-28 22:00:00",,,,1012.4,23.7,24.8,0.66,6.3,146,11.6,,,,,,
Vector_CWB_FB_46714D,"2011-02-28 23:00:00",2.2,1.4,178,1012.9,24,24.9,0.78,6.1,123,11.6,,,,,,
Vector_CWB_FB_46714D,"2011-03-01 00:00:00",2.3,1.1,171,1010.6,23,24.5,0.81,6.5,135,11.6,,,,,,
Vector_CWB_FB_46714D,"2011-03-01 01:00:00",3,2.2,333,1010.9,22.5,24.2,0.78,5.8,180,10.4,,,,,,
Vector_CWB_FB_46714D,"2011-03-01 02:00:00",5.3,4.3,354,1011.9,22.3,24.5,0.54,4.9,202,10.4,,,,,,
Vector_CWB_FB_46714D,"2011-03-01 03:00:00",3.6,2.8,30,1011.2,22,24.6,0.55,5.2,168,11.6,,,,,,
Vector_CWB_FB_46714D,"2011-03-01 04:00:00",3.1,2.4,24,1008.7,21,24.1,0.64,5.6,157,10.4,,,,,,
Vector_CWB_FB_46714D,"2011-03-01 05:00:00",3.4,2.4,353,1010.1,21.4,24.5,0.5,5,123,10.4,,,,,,
Vector_CWB_FB_46714D,"2011-03-01 06:00:00",2.7,1.9,14,1010.8,21.3,24.5,0.46,4.8,123,10.4,,,,,,
Vector_CWB_FB_46714D,"2011-03-01 07:00:00",3.6,2.8,353,1011.1,20.9,24.3,0.47,4.9,146,5.4,,,,,,
Vector_CWB_FB_46714D,"2011-03-01 08:00:00",5.7,3.8,358,1011.4,20.7,24.2,0.62,5,168,11.6,,,,,,
Vector_CWB_FB_46714D,"2011-03-01 09:00:00",5.8,4,11,1013.9,21.8,24.6,0.77,5.4,157,11.6,,,,,,
Vector_CWB_FB_46714D,"2011-03-01 10:00:00",5.8,3.8,340,1014.6,22.3,24.6,0.72,5.1,135,11.6,,,,,,
Vector_CWB_FB_46714D,"2011-03-01 11:00:00",4.6,3.3,345,1011.9,22,24.5,0.62,5.2,135,11.6,,,,,,
Vector_CWB_FB_46714D,"2011-03-01 12:00:00",8.3,6.1,323,1012.8,22.2,24.7,0.52,4.8,123,11.6,,,,,,
Vector_CWB_FB_46714D,"2011-03-01 13:00:00",8.8,6.9,323,1012.3,22.3,24.8,0.53,4.7,202,11.6,,,,,,
Vector_CWB_FB_46714D,"2011-03-01 14:00:00",9.1,7,328,1011.4,22.5,24.7,0.51,4.2,123,4.3,,,,,,
Vector_CWB_FB_46714D,"2011-03-01 15:00:00",9.1,7.3,325,1010.8,22.5,24.7,0.6,4.1,112,9.5,,,,,,
Vector_CWB_FB_46714D,"2011-03-01 16:00:00",9.6,7.4,331,1010.6,22.5,24.7,0.59,4.1,270,3.7,,,,,,
Vector_CWB_FB_46714D,"2011-03-01 17:00:00",9.2,6.7,337,1010.7,22.3,24.6,0.61,4.1,281,4.9,,,,,,
Vector_CWB_FB_46714D,"2011-03-01 18:00:00",6.9,5.3,335,1011.3,22.5,24.6,0.63,4,292,3.8,,,,,,
Vector_CWB_FB_46714D,"2011-03-01 19:00:00",6.5,4.5,341,1011.5,22.4,24.6,0.59,4,270,4.9,,,,,,
Vector_CWB_FB_46714D,"2011-03-01 20:00:00",4.3,2.7,337,1011.4,22.1,24.4,0.49,4.3,270,6.1,,,,,,
Vector_CWB_FB_46714D,"2011-03-01 21:00:00",4,3,298,1010.8,21.5,24.4,0.51,5,135,6.9,,,,,,
Vector_CWB_FB_46714D,"2011-03-01 22:00:00",7.2,6,312,1013.6,21.5,24.9,0.54,6.4,123,10.4,,,,,,
Vector_CWB_FB_46714D,"2011-03-01 23:00:00",7.7,6,329,1013.7,20.7,24.8,0.72,4.9,146,8.7,,,,,,
Vector_CWB_FB_46714D,"2011-03-02 00:00:00",6.9,5.2,326,1011.5,19.6,24,0.82,5.1,168,11.6,,,,,,
Vector_CWB_FB_46714D,"2011-03-02 01:00:00",6.6,4.9,26,1013.6,20.1,24.4,0.82,5.1,157,10.4,,,,,,
Vector_CWB_FB_46714D,"2011-03-02 02:00:00",2.9,1.9,31,1013,20.3,24.4,0.59,4.9,225,10.4,,,,,,
Vector_CWB_FB_46714D,"2011-03-02 03:00:00",2.2,1.5,351,1012.8,20.6,24.4,0.67,5,146,11.6,,,,,,
Vector_CWB_FB_46714D,"2011-03-02 04:00:00",3.6,2.6,310,1012.8,20.4,24.4,0.72,5.2,191,10.4,,,,,,
Vector_CWB_FB_46714D,"2011-03-02 05:00:00",6.1,4.6,336,1013.2,19.3,24.3,0.72,4.6,146,10.4,,,,,,
Vector_CWB_FB_46714D,"2011-03-02 06:00:00",3.9,2.8,334,1012.6,18.9,24.8,0.61,4.6,146,11.6,,,,,,
Vector_CWB_FB_46714D,"2011-03-02 07:00:00",3,2,330,1013.1,18.8,24.7,0.71,5.9,146,11.6,,,,,,
Vector_CWB_FB_46714D,"2011-03-02 08:00:00",3.6,2.3,313,1013.8,19.3,24.9,0.9,7.4,135,10.4,,,,,,
Vector_CWB_FB_46714D,"2011-03-02 09:00:00",4.6,3.5,307,1014.5,19.5,24.6,0.74,6.4,157,11.6,,,,,,
Vector_CWB_FB_46714D,"2011-03-02 10:00:00",6.3,4.7,307,1014.5,19.5,24.6,0.83,5.9,168,10.4,,,,,,
Vector_CWB_FB_46714D,"2011-03-02 11:00:00",6.2,4.9,309,1013.8,19.5,24.2,0.88,5.4,157,11.6,,,,,,
Vector_CWB_FB_46714D,"2011-03-02 12:00:00",5.5,4.1,300,1013.3,19.8,24.3,0.69,4.7,157,10.4,,,,,,
Vector_CWB_FB_46714D,"2011-03-02 13:00:00",5.3,3.8,288,1012.6,20.2,24.4,0.68,5.3,180,11.6,,,,,,
Vector_CWB_FB_46714D,"2011-03-02 14:00:00",5.5,4,273,1012.7,20.7,24.6,0.75,5.6,191,10.4,,,,,,
Vector_CWB_FB_46714D,"2011-03-02 15:00:00",5.5,4,278,1012.3,21,24.6,0.73,5.1,135,10.4,,,,,,
Vector_CWB_FB_46714D,"2011-03-02 16:00:00",5.7,4,288,1013,21.4,24.8,0.64,5.1,157,9.5,,,,,,
Vector_CWB_FB_46714D,"2011-03-02 17:00:00",5.1,3.6,309,1013.8,21.3,24.9,0.67,4.8,135,10.4,,,,,,
Vector_CWB_FB_46714D,"2011-03-02 18:00:00",4.9,3.8,305,1011.8,20.5,24.7,0.63,4.9,146,9.5,,,,,,
Vector_CWB_FB_46714D,"2011-03-02 19:00:00",5.3,3.8,312,1014.9,21.3,25.1,0.61,4.9,123,9.5,,,,,,
Vector_CWB_FB_46714D,"2011-03-02 20:00:00",5.6,4.4,326,1015.3,20.8,25.1,0.66,5.3,157,10.4,,,,,,
Vector_CWB_FB_46714D,"2011-03-02 21:00:00",5.9,4.2,322,1014,19.9,24.9,0.61,5.3,135,11.6,,,,,,
Vector_CWB_FB_46714D,"2011-03-02 22:00:00",5.7,4.3,324,1014.5,19.7,25,0.77,6.1,146,10.4,,,,,,
Vector_CWB_FB_46714D,"2011-03-02 23:00:00",5.3,3.7,324,1014.2,19.5,25,0.68,5.8,146,7.4,,,,,,
Vector_CWB_FB_46714D,"2011-03-03 00:00:00",,,,,,,,,,,,,,,,
Vector_CWB_FB_46714D,"2011-03-03 01:00:00",4.7,3.3,325,1013.1,19.3,24.8,0.87,5.7,168,8.7,,,,,,
Vector_CWB_FB_46714D,"2011-03-03 02:00:00",3.3,2.1,15,1014.2,19.6,24.6,0.76,5.3,202,10.4,,,,,,
Vector_CWB_FB_46714D,"2011-03-03 03:00:00",2,1.3,7,1013.1,19.2,24.3,0.72,4.9,191,8.7,,,,,,
Vector_CWB_FB_46714D,"2011-03-03 04:00:00",2.6,1.9,23,1013.5,19.5,24.4,0.77,5.2,168,6.9,,,,,,
Vector_CWB_FB_46714D,"2011-03-03 05:00:00",2.3,1.2,22,1012.6,19.3,24.2,0.78,5.1,202,8,,,,,,
Vector_CWB_FB_46714D,"2011-03-03 06:00:00",,,,1013.6,19.6,24.4,0.74,5.3,157,8,,,,,,
Vector_CWB_FB_46714D,"2011-03-03 07:00:00",,,,1013.9,19.9,25.1,0.72,5.6,123,6.5,,,,,,
Vector_CWB_FB_46714D,"2011-03-03 08:00:00",,,,1014.8,19.8,25.1,0.68,5.6,146,8.7,,,,,,
Vector_CWB_FB_46714D,"2011-03-03 09:00:00",,,,1015.3,20.3,25.2,0.67,5.6,123,8.7,,,,,,
Vector_CWB_FB_46714D,"2011-03-03 10:00:00",3.2,1.8,328,1015,20.9,24.8,0.72,6.2,157,9.5,,,,,,
Vector_CWB_FB_46714D,"2011-03-03 11:00:00",4.2,3,312,1015,20.3,24.6,0.7,5.6,225,8,,,,,,
Vector_CWB_FB_46714D,"2011-03-03 12:00:00",4.1,2.9,310,1014.6,20.3,24.5,0.77,5.4,247,6.1,,,,,,
Vector_CWB_FB_46714D,"2011-03-03 13:00:00",5.6,3.9,311,1013.6,20.4,24.8,0.78,5.5,258,6.5,,,,,,
Vector_CWB_FB_46714D,"2011-03-03 14:00:00",6.9,4.9,308,1013.2,20.3,24.7,0.71,5,191,8,,,,,,
Vector_CWB_FB_46714D,"2011-03-03 15:00:00",6.6,4.8,300,1012.2,20.3,24.5,0.75,5.2,202,8.7,,,,,,
Vector_CWB_FB_46714D,"2011-03-03 16:00:00",5.4,3.8,303,1012.7,20.4,24.4,0.8,4.9,281,8.7,,,,,,
Vector_CWB_FB_46714D,"2011-03-03 17:00:00",3.4,2.4,286,1012.8,20.5,24.4,0.77,4.7,270,8,,,,,,
Vector_CWB_FB_46714D,"2011-03-03 18:00:00",3.6,2.4,258,1012.3,20.4,24.6,0.69,4.8,146,8.7,,,,,,
Vector_CWB_FB_46714D,"2011-03-03 19:00:00",4.7,2.9,281,1013.1,20.7,25,0.63,4.8,281,6.5,,,,,,
Vector_CWB_FB_46714D,"2011-03-03 20:00:00",5.6,4.1,312,1013.4,20.3,25.1,0.59,4.6,135,7.4,,,,,,
Vector_CWB_FB_46714D,"2011-03-03 21:00:00",6.4,4.4,330,1014.2,19.8,25.1,0.64,4.9,123,9.5,,,,,,
Vector_CWB_FB_46714D,"2011-03-03 22:00:00",8,5.4,338,1015,19.1,25.2,0.69,4.9,123,8.7,,,,,,
Vector_CWB_FB_46714D,"2011-03-03 23:00:00",7.7,5.6,340,1014.3,18.3,25,0.58,5.4,135,9.5,,,,,,
Vector_CWB_FB_46714D,"2011-03-04 00:00:00",5,3,336,1014.8,18.1,24.9,0.66,5.2,146,7.4,,,,,,
Vector_CWB_FB_46714D,"2011-03-04 01:00:00",4.6,2.6,344,1014.3,18,24.9,0.78,5.1,270,7.4,,,,,,
Vector_CWB_FB_46714D,"2011-03-04 02:00:00",3.8,2.3,336,1014.4,17.9,24.7,0.98,5.4,270,6.1,,,,,,
Vector_CWB_FB_46714D,"2011-03-04 03:00:00",4.7,2.9,341,1014,17.1,24.1,0.89,4.8,247,7.4,,,,,,
Vector_CWB_FB_46714D,"2011-03-04 04:00:00",5.7,3.3,356,1014.2,16.5,24.5,0.67,4.6,258,4.3,,,,,,
Vector_CWB_FB_46714D,"2011-03-04 05:00:00",4.4,3.1,359,1014.7,16.4,24.3,0.68,4.5,258,4.5,,,,,,
Vector_CWB_FB_46714D,"2011-03-04 06:00:00",4.7,2.6,8,1015.3,16.4,24.1,0.65,4.8,270,9.5,,,,,,
Vector_CWB_FB_46714D,"2011-03-04 07:00:00",,,,1015.7,16.6,24.4,0.68,4.7,258,10.4,,,,,,
Vector_CWB_FB_46714D,"2011-03-04 08:00:00",,,,1016.1,17.2,24.3,0.74,4.9,270,6.9,,,,,,
Vector_CWB_FB_46714D,"2011-03-04 09:00:00",3.6,2.3,276,1016.5,18.3,25,0.58,5.1,135,7.4,,,,,,
Vector_CWB_FB_46714D,"2011-03-04 10:00:00",5.9,4.5,298,1017,18,24.9,0.53,5.4,146,9.5,,,,,,
Vector_CWB_FB_46714D,"2011-03-04 11:00:00",6.8,5,304,1016.4,18.2,24.8,0.46,5.5,135,8,,,,,,
Vector_CWB_FB_46714D,"2011-03-04 12:00:00",7.1,4.5,309,1016.3,18.5,24.8,0.9,5.5,236,8.7,,,,,,
Vector_CWB_FB_46714D,"2011-03-04 13:00:00",4.9,3.1,297,1015.3,18.8,24.7,0.76,5.3,202,10.4,,,,,,
Vector_CWB_FB_46714D,"2011-03-04 14:00:00",3.9,2.3,273,1014.2,19.2,24.9,0.78,5.3,258,6.5,,,,,,
Vector_CWB_FB_46714D,"2011-03-04 15:00:00",4.3,2.6,283,1014.2,19.2,24.8,0.75,5.3,157,9.5,,,,,,
Vector_CWB_FB_46714D,"2011-03-04 16:00:00",4,2.7,268,1013.6,19.2,24.5,0.88,4.9,281,7.4,,,,,,
Vector_CWB_FB_46714D,"2011-03-04 17:00:00",3.5,2.4,269,1013.7,19.2,24.3,0.88,5,292,7.4,,,,,,
Vector_CWB_FB_46714D,"2011-03-04 18:00:00",4.6,3.4,288,1013.7,19.3,24.2,0.93,4.7,292,6.9,,,,,,
Vector_CWB_FB_46714D,"2011-03-04 19:00:00",4.2,3.3,320,1014.1,19.4,24.4,0.82,4.6,123,6.5,,,,,,
Vector_CWB_FB_46714D,"2011-03-04 20:00:00",3.2,2.2,323,1014.7,19.3,24.6,0.76,4.5,135,7.4,,,,,,
Vector_CWB_FB_46714D,"2011-03-04 21:00:00",2.9,1.8,303,1015.1,19.4,24.5,0.6,4.7,135,8,,,,,,
Vector_CWB_FB_46714D,"2011-03-04 22:00:00",2.8,1.8,321,1015.1,19.4,24.6,0.59,5.5,146,10.4,,,,,,
Vector_CWB_FB_46714D,"2011-03-04 23:00:00",3.7,2.2,333,1015.3,19.6,24.7,0.63,5.5,123,8,,,,,,
Vector_CWB_FB_46714D,"2011-03-05 00:00:00",5.4,4.1,357,1015.2,19,24.6,0.78,5.5,135,9.5,,,,,,
Vector_CWB_FB_46714D,"2011-03-05 01:00:00",4.6,3.5,356,1014.9,18.4,24.4,0.86,5.4,236,7.4,,,,,,
Vector_CWB_FB_46714D,"2011-03-05 02:00:00",4.7,3.5,28,1014.8,18.2,24.4,0.87,5.4,191,8.7,,,,,,
Vector_CWB_FB_46714D,"2011-03-05 03:00:00",5.2,2.8,24,1014.9,17.8,24.4,0.79,5.4,180,8.7,,,,,,
Vector_CWB_FB_46714D,"2011-03-05 04:00:00",4.6,3.4,19,1014.7,18.1,24.5,0.74,5.2,202,8,,,,,,
Vector_CWB_FB_46714D,"2011-03-05 05:00:00",4.7,3.3,13,1014.6,18.1,24.5,0.65,4.9,247,8.7,,,,,,
Vector_CWB_FB_46714D,"2011-03-05 06:00:00",3.1,1.9,13,1015,18.1,24.4,0.68,4.7,168,6.5,,,,,,
Vector_CWB_FB_46714D,"2011-03-05 07:00:00",3,2.1,6,1015.5,18.3,24.5,0.73,4.6,168,8,,,,,,
Vector_CWB_FB_46714D,"2011-03-05 08:00:00",2.3,1.2,352,1015.9,18.8,24.5,0.79,4.8,303,8.7,,,,,,
Vector_CWB_FB_46714D,"2011-03-05 09:00:00",3.2,2,331,1016.7,19.4,24.6,0.68,4.9,157,8.7,,,,,,
Vector_CWB_FB_46714D,"2011-03-05 10:00:00",3.9,2,303,1016.8,19.5,24.6,0.7,5.6,135,9.5,,,,,,
Vector_CWB_FB_46714D,"2011-03-05 11:00:00",3.3,2,268,1016.4,20,24.7,0.72,6.1,123,7.4,,,,,,
Vector_CWB_FB_46714D,"2011-03-05 12:00:00",2.7,1.5,283,1015.3,20.1,24.8,0.91,5.8,180,8,,,,,,
Vector_CWB_FB_46714D,"2011-03-05 13:00:00",4.4,3.2,272,1014.6,20.3,24.9,0.91,5.9,168,9.5,,,,,,
Vector_CWB_FB_46714D,"2011-03-05 14:00:00",5.3,3.8,294,1013.3,20.2,24.7,0.9,5.5,236,6.5,,,,,,
Vector_CWB_FB_46714D,"2011-03-05 15:00:00",4.9,3.7,302,1013.3,20.5,24.7,0.9,5.5,202,9.5,,,,,,
Vector_CWB_FB_46714D,"2011-03-05 16:00:00",4.2,2.7,315,1014.2,21,24.8,0.77,5.1,225,8,,,,,,
Vector_CWB_FB_46714D,"2011-03-05 17:00:00",3.5,2.2,297,1013.1,20.6,24.6,0.74,4.6,236,4.9,,,,,,
Vector_CWB_FB_46714D,"2011-03-05 18:00:00",5.2,3.2,332,1013.3,20.1,24.5,0.77,4.6,225,4.9,,,,,,
Vector_CWB_FB_46714D,"2011-03-05 19:00:00",4.1,2.6,347,1013.1,20.1,24.3,0.73,4.8,146,8,,,,,,
Vector_CWB_FB_46714D,"2011-03-05 20:00:00",3.3,1.8,349,1013.7,20.5,24.5,0.87,4.9,292,8,,,,,,
Vector_CWB_FB_46714D,"2011-03-05 21:00:00",,,,1014.2,20.6,24.6,0.93,5.5,157,9.5,,,,,,
Vector_CWB_FB_46714D,"2011-03-05 22:00:00",,,,1014.1,20.6,24.5,1.04,6.3,135,8.7,,,,,,
Vector_CWB_FB_46714D,"2011-03-05 23:00:00",3.2,2.2,286,1013.9,20.7,24.5,1.03,6.1,123,8,,,,,,
Vector_CWB_FB_46714D,"2011-03-06 00:00:00",3.3,2,301,1013.4,20.8,24.4,1.05,6,146,9.5,,,,,,
Vector_CWB_FB_46714D,"2011-03-06 01:00:00",3.2,1.7,1,1013.6,20.7,24.4,1.1,5.9,191,6.9,,,,,,
Vector_CWB_FB_46714D,"2011-03-06 02:00:00",2.4,1.6,31,1013.3,20.5,24.4,1.01,5.4,168,7.4,,,,,,
Vector_CWB_FB_46714D,"2011-03-06 03:00:00",,,,1012.7,20.4,24.4,0.93,5.3,180,6.1,,,,,,
Vector_CWB_FB_46714D,"2011-03-06 04:00:00",2.8,1.6,32,1012.3,20.4,24.4,0.9,5.1,191,8.7,,,,,,
Vector_CWB_FB_46714D,"2011-03-06 05:00:00",,,,1012.3,20.5,24.4,0.78,4.9,157,6.9,,,,,,
Vector_CWB_FB_46714D,"2011-03-06 06:00:00",,,,1012.9,20.5,24.4,0.92,5.3,191,7.4,,,,,,
Vector_CWB_FB_46714D,"2011-03-06 07:00:00",2.2,1.1,49,1013.5,20.9,24.4,0.73,4.9,180,8.7,,,,,,
Vector_CWB_FB_46714D,"2011-03-06 08:00:00",2.6,1.1,62,1013.8,21,24.4,0.8,5.4,146,9.5,,,,,,
Vector_CWB_FB_46714D,"2011-03-06 09:00:00",2.7,1.6,130,1014.3,21.4,24.6,0.82,5.7,146,8.7,,,,,,
Vector_CWB_FB_46714D,"2011-03-06 10:00:00",,,,1013.8,22.1,24.5,1.11,6.8,135,8,,,,,,
Vector_CWB_FB_46714D,"2011-03-06 11:00:00",5.7,2.1,353,1015,23.2,24.8,1.06,6.5,123,8.7,,,,,,
Vector_CWB_FB_46714D,"2011-03-06 12:00:00",4.7,3.3,319,1012.8,22.5,24.6,1.03,6.5,146,8.7,,,,,,
Vector_CWB_FB_46714D,"2011-03-06 13:00:00",6,4.3,318,1013.5,22.8,24.8,1.07,6.2,157,9.5,,,,,,
Vector_CWB_FB_46714D,"2011-03-06 14:00:00",3.1,1.6,281,1010.6,22.4,24.5,1.14,6,168,8.7,,,,,,
Vector_CWB_FB_46714D,"2011-03-06 15:00:00",,,,1011.9,23.4,24.9,1.09,5.7,191,8,,,,,,
Vector_CWB_FB_46714D,"2011-03-06 16:00:00",,,,1011.8,24.1,25,1.08,5.5,168,5.8,,,,,,
Vector_CWB_FB_46714D,"2011-03-06 17:00:00",,,,1010.3,23.1,24.9,0.81,5.2,180,8.7,,,,,,
Vector_CWB_FB_46714D,"2011-03-06 18:00:00",4.8,3.9,163,1010.6,23.1,24.5,0.89,5.4,168,8.7,,,,,,
Vector_CWB_FB_46714D,"2011-03-06 19:00:00",4.3,3.3,129,1009.5,22.8,24.3,0.82,5.4,157,9.5,,,,,,
Vector_CWB_FB_46714D,"2011-03-06 20:00:00",5,3.9,98,1009.7,22.9,24.3,0.72,5.3,180,8.7,,,,,,
Vector_CWB_FB_46714D,"2011-03-06 21:00:00",3.6,2.7,112,1012.3,23.6,24.6,0.75,5.4,168,6.1,,,,,,
Vector_CWB_FB_46714D,"2011-03-06 22:00:00",4.3,3.2,139,1012.2,23.9,24.9,0.87,5.9,123,8,,,,,,
Vector_CWB_FB_46714D,"2011-03-06 23:00:00",4.6,3.5,145,1011.4,23.6,24.8,1.14,6.2,135,8,,,,,,
Vector_CWB_FB_46714D,"2011-03-07 00:00:00",2.6,1.7,161,1012.7,23.9,24.7,1.06,6.3,135,6.9,,,,,,
Vector_CWB_FB_46714D,"2011-03-07 01:00:00",1.9,1.2,150,1012.2,23.8,24.8,0.91,6,146,8.7,,,,,,
Vector_CWB_FB_46714D,"2011-03-07 02:00:00",3.9,2.9,35,1011.3,23.3,24.7,1.06,5.9,168,7.4,,,,,,
Vector_CWB_FB_46714D,"2011-03-07 03:00:00",3.8,2.7,22,1009.2,22.4,24.3,0.86,5.7,180,8,,,,,,
Vector_CWB_FB_46714D,"2011-03-07 04:00:00",3.5,2.4,18,1008.7,22.8,24.3,0.92,5.9,191,10.4,,,,,,
Vector_CWB_FB_46714D,"2011-03-07 05:00:00",4.6,3.6,17,1008.5,22.8,24.3,0.82,5.4,191,6.9,,,,,,
Vector_CWB_FB_46714D,"2011-03-07 06:00:00",3.5,2.7,360,1008.9,23,24.3,0.75,5.2,180,8,,,,,,
Vector_CWB_FB_46714D,"2011-03-07 07:00:00",4.6,3.1,355,1011.1,23.8,24.7,0.7,5.4,180,8.7,,,,,,
Vector_CWB_FB_46714D,"2011-03-07 08:00:00",12.8,8.3,334,1012.2,22,24.8,0.65,5,157,8.7,,,,,,
Vector_CWB_FB_46714D,"2011-03-07 09:00:00",10.9,8.2,345,1012.5,21,24.8,0.67,4.5,146,8.7,,,,,,
Vector_CWB_FB_46714D,"2011-03-07 10:00:00",7.7,5.4,340,1011.2,20.9,24.6,0.62,5,135,8,,,,,,
Vector_CWB_FB_46714D,"2011-03-07 11:00:00",8.8,6.3,343,1011.4,21.5,24.5,0.69,5.6,135,6.1,,,,,,
Vector_CWB_FB_46714D,"2011-03-07 12:00:00",8.2,5.3,337,1011.1,20.3,24.6,1.01,5.2,135,8.7,,,,,,
Vector_CWB_FB_46714D,"2011-03-07 13:00:00",9,6.6,337,1010.5,18.9,24.4,1.08,4.9,157,7.4,,,,,,
Vector_CWB_FB_46714D,"2011-03-07 14:00:00",8.3,5.1,330,1012,20.5,24.7,0.94,5.1,180,8.7,,,,,,
Vector_CWB_FB_46714D,"2011-03-07 15:00:00",6.1,3.9,331,1011.8,20.7,24.7,0.92,5.2,168,8.7,,,,,,
Vector_CWB_FB_46714D,"2011-03-07 16:00:00",4.9,3.2,266,1012.3,21.1,24.8,0.96,5.4,180,8,,,,,,
Vector_CWB_FB_46714D,"2011-03-07 17:00:00",8.4,6.1,325,1012.8,20.9,24.8,0.86,5,168,6.9,,,,,,
Vector_CWB_FB_46714D,"2011-03-07 18:00:00",5.1,3.4,314,1013.5,20.6,24.7,0.79,4.8,258,7.4,,,,,,
Vector_CWB_FB_46714D,"2011-03-07 19:00:00",4.3,2.7,279,1013.7,20.4,24.8,0.83,4.8,157,8,,,,,,
Vector_CWB_FB_46714D,"2011-03-07 20:00:00",5.5,4.1,263,1012.2,20,24.4,0.82,4.4,281,5.4,,,,,,
Vector_CWB_FB_46714D,"2011-03-07 21:00:00",7,5.3,314,1014.1,19.4,24.5,0.79,4.3,202,4,,,,,,
Vector_CWB_FB_46714D,"2011-03-07 22:00:00",6.4,4.3,311,1014,18.7,24.4,0.75,4.6,168,8.7,,,,,,
Vector_CWB_FB_46714D,"2011-03-07 23:00:00",5.2,3.6,326,1014.4,18.3,24.5,0.78,5.7,157,8,,,,,,
Vector_CWB_FB_46714D,"2011-03-08 00:00:00",3.4,1.9,8,1014.5,17.7,24.4,0.71,5.8,112,8.7,,,,,,
Vector_CWB_FB_46714D,"2011-03-08 01:00:00",3.9,2.5,306,1016.5,18.8,24.6,0.93,5,258,6.9,,,,,,
Vector_CWB_FB_46714D,"2011-03-08 02:00:00",5.5,3.6,269,1016.5,18.5,24.7,0.86,4.9,270,6.1,,,,,,
Vector_CWB_FB_46714D,"2011-03-08 03:00:00",3,1.4,325,1016.2,17.9,24.6,0.82,5.2,236,6.5,,,,,,
Vector_CWB_FB_46714D,"2011-03-08 04:00:00",5.1,3.8,281,1015.7,17.9,24.6,0.91,5.2,191,8.7,,,,,,
Vector_CWB_FB_46714D,"2011-03-08 05:00:00",6,4.8,286,1015.8,18.2,24.7,0.73,4.7,236,5.8,,,,,,
Vector_CWB_FB_46714D,"2011-03-08 06:00:00",5.9,4.6,277,1015.9,18.2,24.6,0.81,4.6,135,8.7,,,,,,
Vector_CWB_FB_46714D,"2011-03-08 07:00:00",5.2,3.6,276,1014.7,18.2,24.3,0.79,4.4,123,8.7,,,,,,
Vector_CWB_FB_46714D,"2011-03-08 08:00:00",4.7,3.2,294,1016.5,18.5,24.4,0.82,4.5,292,4.7,,,,,,
Vector_CWB_FB_46714D,"2011-03-08 09:00:00",,,,1016.4,18.2,24.3,0.79,4.2,101,4.1,,,,,,
Vector_CWB_FB_46714D,"2011-03-08 10:00:00",3.3,1.6,82,1016.8,18.1,24.5,0.7,4.6,146,7.4,,,,,,
Vector_CWB_FB_46714D,"2011-03-08 11:00:00",3.1,1.8,85,1016.3,18.4,24.6,0.72,4.8,180,8.7,,,,,,
Vector_CWB_FB_46714D,"2011-03-08 12:00:00",2.3,1.2,136,1015.4,18.7,24.5,0.77,5.2,135,7.4,,,,,,
Vector_CWB_FB_46714D,"2011-03-08 13:00:00",,,,1015.6,18.4,24.6,0.69,5,135,8.7,,,,,,
Vector_CWB_FB_46714D,"2011-03-08 14:00:00",3,1.5,353,1014.8,18.4,24.5,0.82,5.2,281,6.5,,,,,,
Vector_CWB_FB_46714D,"2011-03-08 15:00:00",,,,1014.5,17.5,24.3,0.9,5.2,225,7.4,,,,,,
Vector_CWB_FB_46714D,"2011-03-08 16:00:00",,,,1014.3,17.4,24.3,0.87,5.1,236,6.1,,,,,,
Vector_CWB_FB_46714D,"2011-03-08 17:00:00",6,4.3,177,1014.6,17,24.3,0.85,4.9,213,6.9,,,,,,
Vector_CWB_FB_46714D,"2011-03-08 18:00:00",4.9,3.2,205,1014.7,18.1,24.2,0.73,4.6,191,10.4,,,,,,
Vector_CWB_FB_46714D,"2011-03-08 19:00:00",3.4,1.8,202,1015.3,18.6,24.4,0.8,4.8,225,7.4,,,,,,
Vector_CWB_FB_46714D,"2011-03-08 20:00:00",,,,1016,18.8,24.4,0.81,4.7,303,6.1,,,,,,
Vector_CWB_FB_46714D,"2011-03-08 21:00:00",,,,1017.7,19.2,24.6,0.83,4.5,281,4.9,,,,,,
Vector_CWB_FB_46714D,"2011-03-08 22:00:00",3.4,2.1,3,1017.9,19.4,24.5,0.86,4.9,146,6.5,,,,,,
Vector_CWB_FB_46714D,"2011-03-08 23:00:00",5.2,4,297,1016.8,18.6,24.4,0.86,5.3,135,8.7,,,,,,
Vector_CWB_FB_46714D,"2011-03-09 00:00:00",2.2,1.6,319,1017.1,18.6,24.4,0.66,5.1,135,8.7,,,,,,
Vector_CWB_FB_46714D,"2011-03-09 01:00:00",2.3,1.1,327,1017.2,18.8,24.4,0.73,5.3,157,8,,,,,,
Vector_CWB_FB_46714D,"2011-03-09 02:00:00",3.4,2.1,55,1017,17.7,24.4,0.79,5.4,258,6.9,,,,,,
Vector_CWB_FB_46714D,"2011-03-09 03:00:00",2.4,1.4,141,1016.9,18.5,24.4,0.76,5.6,202,6.9,,,,,,
Vector_CWB_FB_46714D,"2011-03-09 04:00:00",,,,1017.6,19.3,24.5,0.68,5.1,258,6.1,,,,,,
Vector_CWB_FB_46714D,"2011-03-09 05:00:00",3,1.8,271,1016.6,18.6,24.3,0.71,4.9,225,6.5,,,,,,
Vector_CWB_FB_46714D,"2011-03-09 06:00:00",4.2,1.8,314,1017.4,18.9,24.3,0.71,4.6,202,8.7,,,,,,
Vector_CWB_FB_46714D,"2011-03-09 07:00:00",,,,1017.3,19.3,24.3,0.78,4.9,180,8.7,,,,,,
Vector_CWB_FB_46714D,"2011-03-09 08:00:00",2.9,1.8,33,1017.9,20.2,24.3,0.71,4.5,191,6.5,,,,,,
Vector_CWB_FB_46714D,"2011-03-09 09:00:00",,,,1018.9,20.8,24.4,0.73,4.4,146,4,,,,,,
Vector_CWB_FB_46714D,"2011-03-09 10:00:00",4.4,3.2,326,1019.2,20.3,24.3,0.73,4.7,168,8,,,,,,
Vector_CWB_FB_46714D,"2011-03-09 11:00:00",4.6,2.9,344,1018.8,20.3,24.4,0.68,5.1,135,9.5,,,,,,
Vector_CWB_FB_46714D,"2011-03-09 12:00:00",3.8,1.8,356,1018.1,20.6,24.6,0.77,5.5,157,8,,,,,,
Vector_CWB_FB_46714D,"2011-03-09 13:00:00",3.8,2.6,309,1017.7,21.2,24.8,0.69,5.6,135,7.4,,,,,,
Vector_CWB_FB_46714D,"2011-03-09 14:00:00",6.1,4.3,307,1016.8,20.9,24.7,0.59,5.5,180,6.1,,,,,,
Vector_CWB_FB_46714D,"2011-03-09 15:00:00",7.2,5.6,312,1016.6,20.7,24.6,0.72,5.5,191,6.9,,,,,,
Vector_CWB_FB_46714D,"2011-03-09 16:00:00",6.9,5.4,327,1016.3,20.7,24.5,0.73,5.1,168,7.4,,,,,,
Vector_CWB_FB_46714D,"2011-03-09 17:00:00",8.3,5.1,330,1016.3,20.4,24.4,0.75,5.2,180,8,,,,,,
Vector_CWB_FB_46714D,"2011-03-09 18:00:00",7.7,5.3,335,1016.6,19.9,24.3,0.82,5.2,191,7.4,,,,,,
Vector_CWB_FB_46714D,"2011-03-09 19:00:00",7,4.8,332,1017.4,19.8,24.2,0.83,5.5,180,8.7,,,,,,
Vector_CWB_FB_46714D,"2011-03-09 20:00:00",3.7,2.3,352,1018.3,20,24.3,0.84,5.1,180,8.7,,,,,,
Vector_CWB_FB_46714D,"2011-03-09 21:00:00",,,,1018.9,20.1,24.5,0.96,5,157,8,,,,,,
Vector_CWB_FB_46714D,"2011-03-09 22:00:00",3.3,2,260,1018,20.2,24.4,1,5.2,157,8.7,,,,,,
Vector_CWB_FB_46714D,"2011-03-09 23:00:00",3.3,2.1,271,1018.5,20.3,24.3,0.97,5.3,146,7.4,,,,,,
Vector_CWB_FB_46714D,"2011-03-10 00:00:00",3.8,2.2,251,1019,20.8,24.5,0.91,5.4,135,8,,,,,,
Vector_CWB_FB_46714D,"2011-03-10 01:00:00",3.7,2.2,257,1017.9,20.9,24.4,0.84,5.5,135,8,,,,,,
Vector_CWB_FB_46714D,"2011-03-10 02:00:00",,,,1017.7,20.8,24.4,0.9,5.2,135,7.4,,,,,,
Vector_CWB_FB_46714D,"2011-03-10 03:00:00",3.9,2.6,16,1016.6,20.4,24.3,1.03,5.7,191,8,,,,,,
Vector_CWB_FB_46714D,"2011-03-10 04:00:00",4.4,3.4,36,1016.4,19.7,24.3,0.93,5.4,191,6.9,,,,,,
Vector_CWB_FB_46714D,"2011-03-10 05:00:00",4.7,3.8,9,1016.6,19.3,24.3,0.92,5.5,191,8,,,,,,
Vector_CWB_FB_46714D,"2011-03-10 06:00:00",4.3,3,25,1017.3,19.6,24.3,0.99,5.8,191,8,,,,,,
Vector_CWB_FB_46714D,"2011-03-10 07:00:00",4,2.9,38,1017.6,19.9,24.3,0.78,5.3,225,8.7,,,,,,
Vector_CWB_FB_46714D,"2011-03-10 08:00:00",3,2,69,1018.2,20.6,24.2,0.8,5.7,180,7.4,,,,,,
Vector_CWB_FB_46714D,"2011-03-10 09:00:00",,,,1018.8,20.9,24.2,0.72,5.2,157,8,,,,,,
Vector_CWB_FB_46714D,"2011-03-10 10:00:00",3.2,1.7,347,1018.8,20.7,24.2,0.82,5.9,168,8.7,,,,,,
Vector_CWB_FB_46714D,"2011-03-10 11:00:00",2.7,1.1,325,1018.6,21.2,24.3,0.87,6.1,146,8.7,,,,,,
Vector_CWB_FB_46714D,"2011-03-10 12:00:00",3.9,2.4,294,1017.3,20.9,24.4,0.95,6.1,168,7.4,,,,,,
Vector_CWB_FB_46714D,"2011-03-10 13:00:00",3.7,2.6,262,1016.3,21.1,24.3,0.83,5.6,123,8.7,,,,,,
Vector_CWB_FB_46714D,"2011-03-10 14:00:00",4.9,3.3,290,1016.2,21.2,24.5,1.17,6.4,135,8.7,,,,,,
Vector_CWB_FB_46714D,"2011-03-10 15:00:00",3.9,2.6,301,1015.7,21,24.5,1.02,6.1,157,8,,,,,,
Vector_CWB_FB_46714D,"2011-03-10 16:00:00",5.7,4.5,300,1015.4,21,24.4,1.02,5.6,157,8.7,,,,,,
Vector_CWB_FB_46714D,"2011-03-10 17:00:00",5.5,4.1,317,1015.7,20.9,24.4,0.99,5.7,168,8,,,,,,
Vector_CWB_FB_46714D,"2011-03-10 18:00:00",5.6,3.9,321,1015.5,20.7,24.4,1.1,5.7,168,8.7,,,,,,
Vector_CWB_FB_46714D,"2011-03-10 19:00:00",5.7,4.1,332,1015.8,20.8,24.4,0.99,5.7,168,9.5,,,,,,
Vector_CWB_FB_46714D,"2011-03-10 20:00:00",4,2.9,325,1016.6,20.8,24.4,0.97,5.5,157,9.5,,,,,,
Vector_CWB_FB_46714D,"2011-03-10 21:00:00",4.9,3.6,328,1016.2,20.4,24.3,0.92,5.1,157,9.5,,,,,,
Vector_CWB_FB_46714D,"2011-03-10 22:00:00",2.5,1.7,359,1016.9,20.5,24.3,0.89,5.1,146,8,,,,,,
Vector_CWB_FB_46714D,"2011-03-10 23:00:00",3.8,1.7,248,1016.6,20.7,24.3,0.85,5,146,8.7,,,,,,
Vector_CWB_FB_46714D,"2011-03-11 00:00:00",4.7,3,288,1017,20.5,24.4,0.88,5.6,157,8.7,,,,,,
Vector_CWB_FB_46714D,"2011-03-11 01:00:00",4.5,3.1,335,1016.7,19.9,24.4,0.77,5.5,157,8.7,,,,,,
Vector_CWB_FB_46714D,"2011-03-11 02:00:00",3.7,2.1,341,1016.5,19.8,24.3,0.84,5.9,157,8,,,,,,
Vector_CWB_FB_46714D,"2011-03-11 03:00:00",,,,1015.6,19.6,24.2,0.89,5.5,247,6.1,,,,,,
Vector_CWB_FB_46714D,"2011-03-11 04:00:00",2.5,1.7,347,1015.8,19.7,24.3,0.84,5.1,157,9.5,,,,,,
Vector_CWB_FB_46714D,"2011-03-11 05:00:00",3.7,2.3,339,1015.9,19.5,24.2,0.84,5.6,180,9.5,,,,,,
Vector_CWB_FB_46714D,"2011-03-11 06:00:00",3.7,2.2,6,1016.6,19.5,24.3,0.78,5.4,191,9.5,,,,,,
Vector_CWB_FB_46714D,"2011-03-11 07:00:00",4.3,3,360,1017,19.5,24.3,0.73,5.2,180,8.7,,,,,,
Vector_CWB_FB_46714D,"2011-03-11 08:00:00",3.5,2.1,60,1017.5,19.6,24.3,0.71,5.2,191,8.7,,,,,,
Vector_CWB_FB_46714D,"2011-03-11 09:00:00",,,,1017.7,20.1,24.4,0.67,5.2,157,8,,,,,,
Vector_CWB_FB_46714D,"2011-03-11 10:00:00",3.2,2,294,1018.2,20.8,24.5,0.54,4.9,270,6.1,,,,,,
Vector_CWB_FB_46714D,"2011-03-11 11:00:00",4.5,3.2,337,1018,20.7,24.7,0.58,5.5,157,8,,,,,,
Vector_CWB_FB_46714D,"2011-03-11 12:00:00",4,2.7,302,1017,21.2,24.7,0.61,5.7,157,8.7,,,,,,
Vector_CWB_FB_46714D,"2011-03-11 13:00:00",2.5,1.8,280,1015,21.3,24.8,0.68,6.1,146,9.5,,,,,,
Vector_CWB_FB_46714D,"2011-03-11 14:00:00",3.9,2.9,287,1014.7,21.4,24.6,0.75,6,146,9.5,,,,,,
Vector_CWB_FB_46714D,"2011-03-11 15:00:00",6.5,4.7,314,1014.5,21.3,24.5,0.74,5.8,157,9.5,,,,,,
Vector_CWB_FB_46714D,"2011-03-11 16:00:00",7.7,5.8,329,1014.1,21.3,24.4,0.87,5.7,146,9.5,,,,,,
Vector_CWB_FB_46714D,"2011-03-11 17:00:00",8.1,5.9,336,1014.3,20.9,24.5,0.79,5.5,180,9.5,,,,,,
Vector_CWB_FB_46714D,"2011-03-11 18:00:00",4.8,3.3,341,1013.2,20.7,24.3,0.78,5.7,180,9.5,,,,,,
Vector_CWB_FB_46714D,"2011-03-11 19:00:00",2.7,1.9,349,1013.5,20.8,24.3,0.75,5.5,168,9.5,,,,,,
Vector_CWB_FB_46714D,"2011-03-11 20:00:00",1.9,1.4,14,1013.3,20.6,24.3,0.62,5.2,157,9.5,,,,,,
Vector_CWB_FB_46714D,"2011-03-11 21:00:00",2.1,1.4,326,1014.8,21.1,24.4,0.59,5.3,157,8,,,,,,
Vector_CWB_FB_46714D,"2011-03-11 22:00:00",5.8,4.1,333,1014.7,20.1,24.3,0.59,4.9,191,7.4,,,,,,
Vector_CWB_FB_46714D,"2011-03-11 23:00:00",4.8,3,346,1014.6,19.9,24.3,0.66,4.8,146,6.9,,,,,,
Vector_CWB_FB_46714D,"2011-03-12 00:00:00",3.2,2.3,17,1015,19.6,24.3,0.64,4.9,135,9.5,,,,,,
Vector_CWB_FB_46714D,"2011-03-12 01:00:00",3.3,2.4,2,1014.2,19.5,24.3,0.69,5.4,146,9.5,,,,,,
Vector_CWB_FB_46714D,"2011-03-12 02:00:00",5,3.6,19,1013.9,19.4,24.3,0.7,5.9,135,9.5,,,,,,
Vector_CWB_FB_46714D,"2011-03-12 03:00:00",5.8,4.6,6,1013.2,18.9,24.2,0.67,5,180,10.4,,,,,,
Vector_CWB_FB_46714D,"2011-03-12 04:00:00",5,3.7,23,1013.4,18.9,24.3,0.69,5.7,191,9.5,,,,,,
Vector_CWB_FB_46714D,"2011-03-12 05:00:00",4.8,3.6,24,1013.7,19,24.2,0.61,5.4,202,8,,,,,,
Vector_CWB_FB_46714D,"2011-03-12 06:00:00",3.8,2.9,21,1014.3,19.2,24.2,0.59,5.8,191,8.7,,,,,,
Vector_CWB_FB_46714D,"2011-03-12 07:00:00",4.6,2.9,20,1014.9,19.5,24.2,0.6,5.5,191,9.5,,,,,,
Vector_CWB_FB_46714D,"2011-03-12 08:00:00",4.7,3.1,15,1015.5,20.8,24.3,0.65,5.9,168,9.5,,,,,,
Vector_CWB_FB_46714D,"2011-03-12 09:00:00",4.8,3.2,22,1016.2,21.1,24.3,0.52,5.4,157,9.5,,,,,,
Vector_CWB_FB_46714D,"2011-03-12 10:00:00",4.2,2.5,65,1015.7,22.6,24.5,0.51,5.6,180,8.7,,,,,,
Vector_CWB_FB_46714D,"2011-03-12 11:00:00",5.1,3.6,338,1015.2,22.3,24.5,0.52,6.1,168,8.7,,,,,,
Vector_CWB_FB_46714D,"2011-03-12 12:00:00",5.2,3.9,313,1014.8,22.1,24.6,0.48,5.9,146,8.7,,,,,,
Vector_CWB_FB_46714D,"2011-03-12 13:00:00",5.7,4.4,307,1013.7,22.3,24.5,0.59,5.8,191,8,,,,,,
Vector_CWB_FB_46714D,"2011-03-12 14:00:00",3.8,3,298,1012.6,22.6,24.5,0.57,6.3,157,9.5,,,,,,
Vector_CWB_FB_46714D,"2011-03-12 15:00:00",3.7,3,288,1011.9,23,24.5,0.7,5.8,168,7.4,,,,,,
Vector_CWB_FB_46714D,"2011-03-12 16:00:00",6.8,5.3,299,1011.5,22.8,24.6,0.59,5.3,146,9.5,,,,,,
Vector_CWB_FB_46714D,"2011-03-12 17:00:00",6.6,5,321,1011,21.9,24.4,0.8,5.8,157,9.5,,,,,,
Vector_CWB_FB_46714D,"2011-03-12 18:00:00",5.2,3.6,336,1011.8,21.9,24.5,0.62,5.7,146,8.7,,,,,,
Vector_CWB_FB_46714D,"2011-03-12 19:00:00",5,3.7,328,1011.6,21.7,24.3,0.65,5.6,180,6.9,,,,,,
Vector_CWB_FB_46714D,"2011-03-12 20:00:00",4.6,3,343,1012.5,22,24.4,0.73,6.2,157,9.5,,,,,,
Vector_CWB_FB_46714D,"2011-03-12 21:00:00",3.4,2.1,336,1012.7,22.2,24.3,0.9,6.8,157,9.5,,,,,,
Vector_CWB_FB_46714D,"2011-03-12 22:00:00",4,2.7,341,1013,22.2,24.4,0.79,6.2,168,9.5,,,,,,
Vector_CWB_FB_46714D,"2011-03-12 23:00:00",5.6,3.8,337,1013,21.5,24.4,0.76,5.9,157,9.5,,,,,,
Vector_CWB_FB_46714D,"2011-03-13 00:00:00",5.3,3.8,351,1012.6,21.2,24.3,0.87,6.5,135,9.5,,,,,,
Vector_CWB_FB_46714D,"2011-03-13 01:00:00",4.5,3.2,351,1012.1,20.4,24.2,0.67,5.7,146,9.5,,,,,,
Vector_CWB_FB_46714D,"2011-03-13 02:00:00",4.7,3.4,350,1011.8,20.6,24.2,0.63,5.7,157,10.4,,,,,,
Vector_CWB_FB_46714D,"2011-03-13 03:00:00",2.9,1.1,9,1011.6,20.3,24.2,0.61,4.9,157,9.5,,,,,,
Vector_CWB_FB_46714D,"2011-03-13 04:00:00",2.1,1.2,51,1011.7,20.5,24.1,0.55,5,157,9.5,,,,,,
Vector_CWB_FB_46714D,"2011-03-13 05:00:00",3.4,2.7,46,1012,20.4,24.2,0.45,4.9,180,7.4,,,,,,
Vector_CWB_FB_46714D,"2011-03-13 06:00:00",2.7,1.8,46,1012.6,20.7,24.3,0.57,5.8,180,10.4,,,,,,
Vector_CWB_FB_46714D,"2011-03-13 07:00:00",2.9,2.2,55,1013.1,21.1,24.3,0.47,5.6,157,9.5,,,,,,
Vector_CWB_FB_46714D,"2011-03-13 08:00:00",2.5,1.8,121,1013.5,21.9,24.3,0.38,5.1,213,8,,,,,,
Vector_CWB_FB_46714D,"2011-03-13 09:00:00",2.5,1.9,159,1013.3,22.8,24.3,0.38,5.2,202,8.7,,,,,,
Vector_CWB_FB_46714D,"2011-03-13 10:00:00",,,,1014.2,23.9,24.6,0.5,5.9,168,9.5,,,,,,
Vector_CWB_FB_46714D,"2011-03-13 11:00:00",3.4,2.4,259,1014.3,23,24.8,0.48,5.7,168,8.7,,,,,,
Vector_CWB_FB_46714D,"2011-03-13 12:00:00",3.5,2.7,279,1013.2,22.6,24.8,0.46,6,180,9.5,,,,,,
Vector_CWB_FB_46714D,"2011-03-13 13:00:00",3.3,2.7,274,1012.5,23,25.1,0.47,5.8,157,9.5,,,,,,
Vector_CWB_FB_46714D,"2011-03-13 14:00:00",3.7,3.1,273,1010.7,23,24.9,0.44,6,146,10.4,,,,,,
Vector_CWB_FB_46714D,"2011-03-13 15:00:00",3.6,2.8,283,1010.1,23.3,24.9,0.42,5.8,157,10.4,,,,,,
Vector_CWB_FB_46714D,"2011-03-13 16:00:00",3.1,2.4,284,1011.5,23.6,25.1,0.46,6.3,157,8.7,,,,,,
Vector_CWB_FB_46714D,"2011-03-13 17:00:00",2.5,1.8,293,1012.4,23.8,25.1,0.54,6.3,168,8.7,,,,,,
Vector_CWB_FB_46714D,"2011-03-13 18:00:00",4.5,1.3,135,1012.5,23.8,25,0.48,6.3,146,9.5,,,,,,
Vector_CWB_FB_46714D,"2011-03-13 19:00:00",5.6,4.5,137,1012.9,23.7,25,0.69,4.4,157,9.5,,,,,,
Vector_CWB_FB_46714D,"2011-03-13 20:00:00",5.5,4.1,136,1012,23.4,24.7,0.68,4.4,135,9.5,,,,,,
Vector_CWB_FB_46714D,"2011-03-13 21:00:00",5.9,4.9,132,1013.9,24,24.8,0.62,4.4,123,8.7,,,,,,
Vector_CWB_FB_46714D,"2011-03-13 22:00:00",3.2,2.4,14,1012.6,22.8,24.5,0.62,4.4,348,4,,,,,,
Vector_CWB_FB_46714D,"2011-03-13 23:00:00",4.2,3.2,354,1012,22.3,24.4,0.6,5.2,146,10.4,,,,,,
Vector_CWB_FB_46714D,"2011-03-14 00:00:00",3,2.1,359,1011.9,22.1,24.4,0.55,4.7,146,10.4,,,,,,
Vector_CWB_FB_46714D,"2011-03-14 01:00:00",,,,,,,,,,,,,,,,
Vector_CWB_FB_46714D,"2011-03-14 02:00:00",,,,,,,,,,,,,,,,
Vector_CWB_FB_46714D,"2011-03-14 03:00:00",,,,,,,,,,,,,,,,
Vector_CWB_FB_46714D,"2011-03-14 04:00:00",,,,,,,,,,,,,,,,
Vector_CWB_FB_46714D,"2011-03-14 05:00:00",,,,,,,,,,,,,,,,
Vector_CWB_FB_46714D,"2011-03-14 06:00:00",,,,,,,,,,,,,,,,
Vector_CWB_FB_46714D,"2011-03-14 07:00:00",,,,,,,,,,,,,,,,
Vector_CWB_FB_46714D,"2011-03-14 08:00:00",4.7,3.5,44,1012.4,21.6,24.3,0.46,4.6,202,5.8,,,,,,
Vector_CWB_FB_46714D,"2011-03-14 09:00:00",4.8,3.8,48,1012.3,22.1,24.3,0.51,5.1,180,10.4,,,,,,
Vector_CWB_FB_46714D,"2011-03-14 10:00:00",5.7,3.5,20,1012.4,22.7,24.4,0.44,4.6,202,6.5,,,,,,
Vector_CWB_FB_46714D,"2011-03-14 11:00:00",6.4,4.1,350,1012.8,23.4,24.7,0.43,4.7,191,9.5,,,,,,
Vector_CWB_FB_46714D,"2011-03-14 12:00:00",6.8,4.8,328,1010.9,23.6,24.6,0.44,4.4,157,5.8,,,,,,
Vector_CWB_FB_46714D,"2011-03-14 13:00:00",8.7,6.3,328,1012.1,24.3,25,0.44,4.5,146,8,,,,,,
Vector_CWB_FB_46714D,"2011-03-14 14:00:00",8.4,6.3,323,1011.3,24.5,25,0.45,4.5,180,7.4,,,,,,
Vector_CWB_FB_46714D,"2011-03-14 15:00:00",7,5.8,316,1011,24.4,25,0.45,4.4,157,7.4,,,,,,
Vector_CWB_FB_46714D,"2011-03-14 16:00:00",6.4,5.3,310,1011.1,24.3,25,0.45,4.9,168,7.4,,,,,,
Vector_CWB_FB_46714D,"2011-03-14 17:00:00",7.3,5.9,329,1011.4,24.5,24.9,0.5,4.7,180,6.1,,,,,,
Vector_CWB_FB_46714D,"2011-03-14 18:00:00",,,,1012.2,24.2,24.9,0.52,4.5,180,6.5,,,,,,
Vector_CWB_FB_46714D,"2011-03-14 19:00:00",4.5,2.5,153,1012.9,24.2,24.8,0.51,4.5,168,6.1,,,,,,
Vector_CWB_FB_46714D,"2011-03-14 20:00:00",5.4,4.3,169,1013.9,24,24.8,0.47,4.6,180,6.1,,,,,,
Vector_CWB_FB_46714D,"2011-03-14 21:00:00",7.6,5.8,166,1014.8,24.1,24.8,0.56,3.9,315,3.8,,,,,,
Vector_CWB_FB_46714D,"2011-03-14 22:00:00",7.2,5.6,173,1014.7,23.7,24.8,0.64,3.8,157,3.8,,,,,,
Vector_CWB_FB_46714D,"2011-03-14 23:00:00",1.8,1.3,94,1014.4,23.8,24.8,0.67,4,135,4.1,,,,,,
Vector_CWB_FB_46714D,"2011-03-15 00:00:00",,,,,,,,,,,,,,,,
Vector_CWB_FB_46714D,"2011-03-15 01:00:00",,,,,,,,,,,,,,,,
Vector_CWB_FB_46714D,"2011-03-15 02:00:00",,,,,,,,,,,,,,,,
Vector_CWB_FB_46714D,"2011-03-15 03:00:00",,,,,,,,,,,,,,,,
Vector_CWB_FB_46714D,"2011-03-15 04:00:00",,,,,,,,,,,,,,,,
Vector_CWB_FB_46714D,"2011-03-15 05:00:00",,,,,,,,,,,,,,,,
Vector_CWB_FB_46714D,"2011-03-15 06:00:00",,,,,,,,,,,,,,,,
Vector_CWB_FB_46714D,"2011-03-15 07:00:00",,,,,,,,,,,,,,,,
Vector_CWB_FB_46714D,"2011-03-15 08:00:00",6.6,5.1,341,1015.5,22.5,24.7,0.47,5.7,157,9.5,,,,,,
Vector_CWB_FB_46714D,"2011-03-15 09:00:00",7.2,5.4,337,1016,22.6,24.7,0.39,4.7,180,5.8,,,,,,
Vector_CWB_FB_46714D,"2011-03-15 10:00:00",7,4.9,339,1016,22.7,24.8,0.37,4.4,202,6.1,,,,,,
Vector_CWB_FB_46714D,"2011-03-15 11:00:00",6.8,5,326,1015.7,23.1,24.9,0.35,4.2,225,9.5,,,,,,
Vector_CWB_FB_46714D,"2011-03-15 12:00:00",6.1,4.7,314,1014.8,22.9,24.9,0.33,4,90,8.7,,,,,,
Vector_CWB_FB_46714D,"2011-03-15 13:00:00",5.6,4.7,312,1014.5,23,24.9,0.43,4.2,247,8,,,,,,
Vector_CWB_FB_46714D,"2011-03-15 14:00:00",5.7,4.4,313,1013.7,23,24.9,0.41,4,123,10.4,,,,,,
Vector_CWB_FB_46714D,"2011-03-15 15:00:00",6.6,5.4,328,1013.5,22.8,24.8,0.53,4.1,168,7.4,,,,,,
Vector_CWB_FB_46714D,"2011-03-15 16:00:00",7,5.6,328,1013.6,22.8,24.8,0.48,3.9,281,4.3,,,,,,
Vector_CWB_FB_46714D,"2011-03-15 17:00:00",7.6,5.9,333,1014.2,22.7,24.7,0.47,4.1,281,6.5,,,,,,
Vector_CWB_FB_46714D,"2011-03-15 18:00:00",10,7.1,338,1013.3,21.7,24.5,0.57,4.3,247,9.5,,,,,,
Vector_CWB_FB_46714D,"2011-03-15 19:00:00",9.2,6.8,337,1012.8,21.1,24.3,0.69,4.2,270,5.2,,,,,,
Vector_CWB_FB_46714D,"2011-03-15 20:00:00",10.8,7.2,336,1013.4,19.7,24.3,0.86,4.4,281,6.9,,,,,,
Vector_CWB_FB_46714D,"2011-03-15 21:00:00",9.1,6.2,337,1014.4,18.5,24.2,1.11,4.7,281,5.8,,,,,,
Vector_CWB_FB_46714D,"2011-03-15 22:00:00",3.3,1.6,359,1015.3,18.6,24.2,0.7,4.4,270,6.1,,,,,,
Vector_CWB_FB_46714D,"2011-03-15 23:00:00",3.2,1.6,328,1015.6,18.7,24.2,0.62,4.3,270,5.2,,,,,,
Vector_CWB_FB_46714D,"2011-03-16 00:00:00",3.4,2.3,329,1015.4,18.1,24.3,0.57,4.2,123,4.7,,,,,,
Vector_CWB_FB_46714D,"2011-03-16 01:00:00",4.4,3.4,333,1014.3,17.5,24.2,0.72,4.8,258,6.5,,,,,,
Vector_CWB_FB_46714D,"2011-03-16 02:00:00",4.8,3.5,340,1013.8,17.4,24.2,0.67,4.4,270,5.4,,,,,,
Vector_CWB_FB_46714D,"2011-03-16 03:00:00",4.1,2.8,324,1014,17.1,24.1,0.7,4.4,281,5.2,,,,,,
Vector_CWB_FB_46714D,"2011-03-16 04:00:00",2.4,1.5,7,1014.3,17,24.2,0.7,4.4,258,10.4,,,,,,
Vector_CWB_FB_46714D,"2011-03-16 05:00:00",,,,1014.9,17.1,24.1,0.56,4.3,247,8.7,,,,,,
Vector_CWB_FB_46714D,"2011-03-16 06:00:00",4.4,3.3,284,1016.5,16.8,24.2,0.72,4.7,258,5.4,,,,,,
Vector_CWB_FB_46714D,"2011-03-16 07:00:00",4.7,3.6,317,1016.4,16.6,24.1,0.69,4.4,236,4.5,,,,,,
Vector_CWB_FB_46714D,"2011-03-16 08:00:00",4.7,3.2,326,1018.6,16.8,24.3,0.63,4.6,292,11.6,,,,,,
Vector_CWB_FB_46714D,"2011-03-16 09:00:00",4.7,2.9,295,1018.9,16.7,24.3,0.58,4.6,247,7.4,,,,,,
Vector_CWB_FB_46714D,"2011-03-16 10:00:00",4.7,3.4,317,1017.8,17,24.2,0.61,4.7,258,6.9,,,,,,
Vector_CWB_FB_46714D,"2011-03-16 11:00:00",4.1,2.7,326,1017.7,17.2,24.2,0.55,4.5,225,8,,,,,,
Vector_CWB_FB_46714D,"2011-03-16 12:00:00",3.6,2,277,1016.9,17.7,24.3,0.58,4.4,258,6.5,,,,,,
Vector_CWB_FB_46714D,"2011-03-16 13:00:00",3.8,2.5,302,1016.6,18.1,24.4,0.59,4.4,247,6.9,,,,,,
Vector_CWB_FB_46714D,"2011-03-16 14:00:00",3.7,2.1,301,1015.4,17.8,24.4,0.53,4.4,292,9.5,,,,,,
Vector_CWB_FB_46714D,"2011-03-16 15:00:00",3.5,2.1,257,1014.9,18.1,24.2,0.58,4.3,258,4.7,,,,,,
Vector_CWB_FB_46714D,"2011-03-16 16:00:00",4.5,3.4,249,1015.2,18.6,24.2,0.52,4.3,270,4.7,,,,,,
Vector_CWB_FB_46714D,"2011-03-16 17:00:00",4.8,2.4,235,1014.5,18.5,24.1,0.58,4.2,146,3.4,,,,,,
Vector_CWB_FB_46714D,"2011-03-16 18:00:00",5.4,3.3,153,1014.5,18.8,24.2,0.71,4.1,123,4.1,,,,,,
Vector_CWB_FB_46714D,"2011-03-16 19:00:00",2.8,1.3,90,1015.8,19,24.2,0.76,4.2,180,4.7,,,,,,
Vector_CWB_FB_46714D,"2011-03-16 20:00:00",,,,1016.7,18.9,24.2,0.89,4.3,247,4.5,,,,,,
Vector_CWB_FB_46714D,"2011-03-16 21:00:00",5,2.8,68,1018.3,18.3,24.3,0.73,4.5,270,4.3,,,,,,
Vector_CWB_FB_46714D,"2011-03-16 22:00:00",,,,1017.9,18.6,24.2,0.73,4.6,270,6.1,,,,,,
Vector_CWB_FB_46714D,"2011-03-16 23:00:00",2.8,1.7,333,1018.1,19,24.3,0.74,4.5,270,4.5,,,,,,
Vector_CWB_FB_46714D,"2011-03-17 00:00:00",5.9,4,296,1018.1,18.9,24.2,0.75,4.6,135,10.4,,,,,,
Vector_CWB_FB_46714D,"2011-03-17 01:00:00",3.9,2.5,293,1018.7,18.1,24.3,0.73,4.3,281,9.5,,,,,,
Vector_CWB_FB_46714D,"2011-03-17 02:00:00",,,,1017.3,18,24.1,0.69,4.4,270,4.5,,,,,,
Vector_CWB_FB_46714D,"2011-03-17 03:00:00",2.2,1.2,305,1016.8,17.8,24.1,0.67,4.5,123,8,,,,,,
Vector_CWB_FB_46714D,"2011-03-17 04:00:00",3.1,1.9,335,1016.1,17.5,24.1,0.72,4.3,315,4.1,,,,,,
Vector_CWB_FB_46714D,"2011-03-17 05:00:00",2.2,1.2,320,1016,17.8,24,0.71,4.4,168,8,,,,,,
Vector_CWB_FB_46714D,"2011-03-17 06:00:00",2.7,1.6,336,1016.7,17.7,24.1,0.64,4.1,101,4.1,,,,,,
Vector_CWB_FB_46714D,"2011-03-17 07:00:00",2.5,1.1,327,1017.2,17.9,24.1,0.63,4.3,123,4.1,,,,,,
Vector_CWB_FB_46714D,"2011-03-17 08:00:00",3.2,2.1,338,1018.4,18.2,24,0.57,4.5,112,4.1,,,,,,
Vector_CWB_FB_46714D,"2011-03-17 09:00:00",2.1,1.4,10,1019,18.3,24.1,0.54,4.7,303,8,,,,,,
Vector_CWB_FB_46714D,"2011-03-17 10:00:00",2.6,1.7,319,1020.2,18.9,24.1,0.71,5.2,168,9.5,,,,,,
Vector_CWB_FB_46714D,"2011-03-17 11:00:00",6.4,2.1,198,1019.4,18.7,24,0.6,4.9,247,5.8,,,,,,
Vector_CWB_FB_46714D,"2011-03-17 12:00:00",,,,1019,18.3,24.1,0.57,5,281,8.7,,,,,,
Vector_CWB_FB_46714D,"2011-03-17 13:00:00",2.2,1.4,241,1017.4,18.4,24.1,0.59,4.9,191,10.4,,,,,,
Vector_CWB_FB_46714D,"2011-03-17 14:00:00",3.6,2.1,234,1015.8,18.8,24,0.61,4.6,270,6.5,,,,,,
Vector_CWB_FB_46714D,"2011-03-17 15:00:00",2.9,1.4,253,1015.3,19.2,24,0.61,4.4,258,5.2,,,,,,
Vector_CWB_FB_46714D,"2011-03-17 16:00:00",3,1.8,262,1015.6,19.4,23.9,0.7,4.3,146,4.9,,,,,,
Vector_CWB_FB_46714D,"2011-03-17 17:00:00",4.1,2.7,297,1016.9,19.8,24.1,0.71,4.1,270,4.9,,,,,,
Vector_CWB_FB_46714D,"2011-03-17 18:00:00",,,,1015.9,19.5,23.9,0.75,4.3,146,4.1,,,,,,
Vector_CWB_FB_46714D,"2011-03-17 19:00:00",3,1.7,343,1016.4,19.4,23.9,0.83,4.2,146,4.5,,,,,,
Vector_CWB_FB_46714D,"2011-03-17 20:00:00",,,,1017.5,20,24,0.79,4.2,258,4.9,,,,,,
Vector_CWB_FB_46714D,"2011-03-17 21:00:00",4.9,3.1,95,1016.4,19.9,23.9,0.84,4.3,135,4.9,,,,,,
Vector_CWB_FB_46714D,"2011-03-17 22:00:00",8.3,5.8,74,1016.5,20,23.8,0.83,4.2,292,3.7,,,,,,
Vector_CWB_FB_46714D,"2011-03-17 23:00:00",7.6,5.8,56,1016.4,20.2,23.8,0.75,4.2,281,5.2,,,,,,
Vector_CWB_FB_46714D,"2011-03-18 00:00:00",5.2,3.5,48,1016,19.9,23.8,0.82,4.8,258,6.5,,,,,,
Vector_CWB_FB_46714D,"2011-03-18 01:00:00",5.5,4.2,33,1016,19.8,23.8,0.75,4.8,258,8,,,,,,
Vector_CWB_FB_46714D,"2011-03-18 02:00:00",6.3,5,65,1015.7,19.6,23.9,0.83,4.9,258,4.9,,,,,,
Vector_CWB_FB_46714D,"2011-03-18 03:00:00",6,5,90,1015.7,20.5,24,0.95,5.4,146,9.5,,,,,,
Vector_CWB_FB_46714D,"2011-03-18 04:00:00",5.3,3.4,114,1014.7,20,23.8,0.86,4.9,168,8,,,,,,
Vector_CWB_FB_46714D,"2011-03-18 05:00:00",6.1,3.6,120,1014.2,20,23.8,0.92,5.1,236,5.8,,,,,,
Vector_CWB_FB_46714D,"2011-03-18 06:00:00",8,6,126,1014.2,20.3,23.8,0.82,4.5,135,8.7,,,,,,
Vector_CWB_FB_46714D,"2011-03-18 07:00:00",4,2.6,78,1014.8,20.7,23.9,0.96,5.4,135,8,,,,,,
Vector_CWB_FB_46714D,"2011-03-18 08:00:00",4.7,3.1,67,1015.4,20.5,23.9,1,5.3,146,8.7,,,,,,
Vector_CWB_FB_46714D,"2011-03-18 09:00:00",,,,1015.7,21.4,23.9,0.93,5.3,168,9.5,,,,,,
Vector_CWB_FB_46714D,"2011-03-18 10:00:00",3.2,1.3,294,1016.2,21.8,24.2,0.96,5.9,191,9.5,,,,,,
Vector_CWB_FB_46714D,"2011-03-18 11:00:00",4.9,2.4,339,1016.4,21.4,24.1,0.87,5.7,168,10.4,,,,,,
Vector_CWB_FB_46714D,"2011-03-18 12:00:00",4.1,3.2,298,1015.3,21.1,24.1,0.72,5,180,6.1,,,,,,
Vector_CWB_FB_46714D,"2011-03-18 13:00:00",4.8,2.9,301,1014.6,21,24.2,0.79,5.5,168,8.7,,,,,,
Vector_CWB_FB_46714D,"2011-03-18 14:00:00",4,2.5,280,1013.4,21,24.1,0.85,5.6,157,9.5,,,,,,
Vector_CWB_FB_46714D,"2011-03-18 15:00:00",4.3,2.7,295,1013.1,21,24.1,0.91,5.6,168,9.5,,,,,,
Vector_CWB_FB_46714D,"2011-03-18 16:00:00",5,3.7,304,1012.8,20.8,24.1,0.84,5.2,168,9.5,,,,,,
Vector_CWB_FB_46714D,"2011-03-18 17:00:00",4.6,3.5,312,1013,20.7,23.9,0.97,5.3,225,7.4,,,,,,
Vector_CWB_FB_46714D,"2011-03-18 18:00:00",4.1,3,324,1013.2,20.5,23.9,0.89,5.2,180,8,,,,,,
Vector_CWB_FB_46714D,"2011-03-18 19:00:00",4.1,2.2,330,1014.4,20.9,23.9,0.83,5.3,180,7.4,,,,,,
Vector_CWB_FB_46714D,"2011-03-18 20:00:00",2.9,2,354,1015.5,21.2,24,0.95,5.4,180,6.9,,,,,,
Vector_CWB_FB_46714D,"2011-03-18 21:00:00",,,,1015.4,21.2,24.6,0.91,5.6,135,8.7,,,,,,
Vector_CWB_FB_46714D,"2011-03-18 22:00:00",2.7,1.4,282,1015.6,21.6,24.7,0.95,5.4,146,8.7,,,,,,
Vector_CWB_FB_46714D,"2011-03-18 23:00:00",4.6,3.3,318,1014.9,21.4,24.5,1.1,5.6,135,8,,,,,,
Vector_CWB_FB_46714D,"2011-03-19 00:00:00",3,1.9,351,1013,21,24.4,1.2,5.7,123,8,,,,,,
Vector_CWB_FB_46714D,"2011-03-19 01:00:00",2.4,1.6,28,1013.9,21.2,24.6,0.84,5.3,168,8.7,,,,,,
Vector_CWB_FB_46714D,"2011-03-19 02:00:00",1.9,1.3,23,1012.8,20.8,24.4,1.05,5.7,157,6.5,,,,,,
Vector_CWB_FB_46714D,"2011-03-19 03:00:00",1.9,1.3,3,1011,20.3,24.2,0.91,5.5,168,10.4,,,,,,
Vector_CWB_FB_46714D,"2011-03-19 04:00:00",3.9,2.7,33,1011.7,20.5,24.3,0.86,5.1,180,9.5,,,,,,
Vector_CWB_FB_46714D,"2011-03-19 05:00:00",3.2,2.2,1,1011.3,20.5,24.1,0.87,5,168,8.7,,,,,,
Vector_CWB_FB_46714D,"2011-03-19 06:00:00",3.3,2.4,48,1012.8,20.8,24.4,0.87,5.3,157,9.5,,,,,,
Vector_CWB_FB_46714D,"2011-03-19 07:00:00",2.3,1.5,6,1012.9,20.9,24.4,0.87,5.4,168,10.4,,,,,,
Vector_CWB_FB_46714D,"2011-03-19 08:00:00",2,1.2,45,1013.4,21.8,24.3,0.8,5.6,180,8.7,,,,,,
Vector_CWB_FB_46714D,"2011-03-19 09:00:00",2.2,1.5,86,1012.2,21.3,24.3,0.75,5.7,168,8.7,,,,,,
Vector_CWB_FB_46714D,"2011-03-19 10:00:00",8.9,6.2,146,1011.9,22.4,24.4,0.88,6.3,157,8.7,,,,,,
Vector_CWB_FB_46714D,"2011-03-19 11:00:00",10.2,7.9,152,1011.7,22.9,24.4,0.94,5.1,202,8.7,,,,,,
Vector_CWB_FB_46714D,"2011-03-19 12:00:00",9.6,7.9,150,1011.8,23.1,24.4,1.06,5,202,6.9,,,,,,
Vector_CWB_FB_46714D,"2011-03-19 13:00:00",9.5,7.7,146,1010.4,23.2,24.5,1.05,5.1,180,8.7,,,,,,
Vector_CWB_FB_46714D,"2011-03-19 14:00:00",9.6,7.9,132,1009.4,23.6,24.4,1.26,5.2,180,7.4,,,,,,
Vector_CWB_FB_46714D,"2011-03-19 15:00:00",9.2,7.5,146,1008,23.5,24.4,0.98,5.2,180,8.7,,,,,,
Vector_CWB_FB_46714D,"2011-03-19 16:00:00",8.5,6.9,142,1009,24.1,24.5,1.02,5.1,168,9.5,,,,,,
Vector_CWB_FB_46714D,"2011-03-19 17:00:00",8.9,7.3,147,1008.2,23.6,24.2,0.93,5,180,8.7,,,,,,
Vector_CWB_FB_46714D,"2011-03-19 18:00:00",11.1,9.1,138,1008.7,23.5,24.3,1.04,4.3,135,8.7,,,,,,
Vector_CWB_FB_46714D,"2011-03-19 19:00:00",12.1,9.7,131,1008.7,23.2,24.4,1.09,4.2,135,4.3,,,,,,
Vector_CWB_FB_46714D,"2011-03-19 20:00:00",11.7,9.3,139,1009.3,23.1,24.1,1.18,4.4,123,4.7,,,,,,
Vector_CWB_FB_46714D,"2011-03-19 21:00:00",12,9.3,137,1010.2,23.1,24.1,1.14,4.9,101,9.5,,,,,,
Vector_CWB_FB_46714D,"2011-03-19 22:00:00",10.4,8.1,140,1010.7,23.1,24.2,1.19,4.6,146,6.1,,,,,,
Vector_CWB_FB_46714D,"2011-03-19 23:00:00",9.7,7.7,145,1010.9,23,24.1,1.49,5.4,146,7.4,,,,,,
Vector_CWB_FB_46714D,"2011-03-20 00:00:00",8.8,6.5,152,1009.8,22.6,23.9,1.34,5.3,157,5.8,,,,,,
Vector_CWB_FB_46714D,"2011-03-20 01:00:00",10.4,8.4,135,1009.1,22.9,24,1.51,5.2,191,6.5,,,,,,
Vector_CWB_FB_46714D,"2011-03-20 02:00:00",9.3,7.6,133,1008.7,22.9,24.1,1.29,5.4,168,5.8,,,,,,
Vector_CWB_FB_46714D,"2011-03-20 03:00:00",8.3,6.7,141,1008.5,23.1,24,1.29,5.4,168,9.5,,,,,,
Vector_CWB_FB_46714D,"2011-03-20 04:00:00",8.7,6.2,141,1008,23,24,1.31,5.4,168,10.4,,,,,,
Vector_CWB_FB_46714D,"2011-03-20 05:00:00",9.1,7,150,1009,23.3,24.1,1.13,5,146,10.4,,,,,,
Vector_CWB_FB_46714D,"2011-03-20 06:00:00",8.9,7.3,150,1009.4,23.1,24,1.12,4.9,180,9.5,,,,,,
Vector_CWB_FB_46714D,"2011-03-20 07:00:00",8.5,6.6,141,1009.8,23,23.9,1.2,5.3,157,9.5,,,,,,
Vector_CWB_FB_46714D,"2011-03-20 08:00:00",8.8,7.2,136,1010.8,23.2,24,1.11,5.2,157,10.4,,,,,,
Vector_CWB_FB_46714D,"2011-03-20 09:00:00",9,6.9,154,1010.3,23.4,24,0.98,5,157,8.7,,,,,,
Vector_CWB_FB_46714D,"2011-03-20 10:00:00",9.7,7.8,165,1011.3,23.8,24.3,1.34,5.3,135,10.4,,,,,,
Vector_CWB_FB_46714D,"2011-03-20 11:00:00",9.2,7.2,168,1010.6,23.9,24.2,1.24,5.1,135,9.5,,,,,,
Vector_CWB_FB_46714D,"2011-03-20 12:00:00",8.5,6.9,177,1009.3,23.6,24.2,1.13,5.1,146,7.4,,,,,,
Vector_CWB_FB_46714D,"2011-03-20 13:00:00",9.4,7.3,170,1008.6,23.7,24.3,1.18,5.4,157,9.5,,,,,,
Vector_CWB_FB_46714D,"2011-03-20 14:00:00",9.4,7.3,175,1007.9,23.8,24.4,1.17,5,180,5.8,,,,,,
Vector_CWB_FB_46714D,"2011-03-20 15:00:00",7.5,5.8,177,1007.5,23.9,24.4,1.01,4.9,213,10.4,,,,,,
Vector_CWB_FB_46714D,"2011-03-20 16:00:00",6.1,4.9,180,1007.6,24,24.3,0.81,4.9,168,8,,,,,,
Vector_CWB_FB_46714D,"2011-03-20 17:00:00",5.6,4.7,178,1007.8,24,24.3,0.83,5.2,168,8.7,,,,,,
Vector_CWB_FB_46714D,"2011-03-20 18:00:00",5.8,4.8,172,1008.2,23.8,24.4,0.87,5.3,168,9.5,,,,,,
Vector_CWB_FB_46714D,"2011-03-20 19:00:00",5.3,4.2,167,1007.5,23.5,24.4,0.79,4.7,180,6.9,,,,,,
Vector_CWB_FB_46714D,"2011-03-20 20:00:00",6.8,5.3,164,1008.9,23.9,24.5,0.79,5.4,191,6.9,,,,,,
Vector_CWB_FB_46714D,"2011-03-20 21:00:00",6.6,5.5,164,1009,23.8,24.2,0.73,5.3,168,10.4,,,,,,
Vector_CWB_FB_46714D,"2011-03-20 22:00:00",6.9,5.4,163,1009.3,23.8,24.2,0.63,4.5,168,8,,,,,,
Vector_CWB_FB_46714D,"2011-03-20 23:00:00",6.7,5.4,165,1009.3,23.7,24.4,0.69,5.1,191,9.5,,,,,,
Vector_CWB_FB_46714D,"2011-03-21 00:00:00",8,6.5,165,1008.7,23.5,24.3,0.72,4.9,146,8,,,,,,
Vector_CWB_FB_46714D,"2011-03-21 01:00:00",8.6,7,164,1008.5,23.5,24.3,0.77,4.4,191,6.9,,,,,,
Vector_CWB_FB_46714D,"2011-03-21 02:00:00",8,6.6,160,1008.6,23.6,24.3,0.77,4.5,180,6.5,,,,,,
Vector_CWB_FB_46714D,"2011-03-21 03:00:00",7.8,6.2,154,1008.5,23.5,24.3,0.83,4.5,202,5.8,,,,,,
Vector_CWB_FB_46714D,"2011-03-21 04:00:00",6.1,4.9,152,1007.9,23.3,24.3,0.81,4.3,202,5.4,,,,,,
Vector_CWB_FB_46714D,"2011-03-21 05:00:00",3.3,2.4,130,1007.9,23.1,24.2,0.77,4.6,213,4.9,,,,,,
Vector_CWB_FB_46714D,"2011-03-21 06:00:00",3.9,3.1,156,1008.3,23.1,24.2,0.62,4.2,180,4.1,,,,,,
Vector_CWB_FB_46714D,"2011-03-21 07:00:00",2.6,2.1,133,1009.1,23.3,24,0.6,4.4,157,8,,,,,,
Vector_CWB_FB_46714D,"2011-03-21 08:00:00",2.8,2.2,169,1010.1,23.9,24.1,0.66,5.2,180,6.5,,,,,,
Vector_CWB_FB_46714D,"2011-03-21 09:00:00",4.3,3.6,158,1011.5,24.4,24.4,0.64,5.7,168,8,,,,,,
Vector_CWB_FB_46714D,"2011-03-21 10:00:00",5.1,4.1,172,1011.1,24.3,24.5,0.7,6.1,168,8.7,,,,,,
Vector_CWB_FB_46714D,"2011-03-21 11:00:00",5.5,4.4,179,1010.7,24,24.6,0.72,6,146,8,,,,,,
Vector_CWB_FB_46714D,"2011-03-21 12:00:00",4.8,3.7,189,1010.3,24.2,24.5,0.63,4.9,168,6.5,,,,,,
Vector_CWB_FB_46714D,"2011-03-21 13:00:00",4.3,3.5,204,1009.2,24.3,24.6,0.66,5,247,7.4,,,,,,
Vector_CWB_FB_46714D,"2011-03-21 14:00:00",2.9,2.1,239,1008.5,24.3,24.7,0.6,5,180,6.9,,,,,,
Vector_CWB_FB_46714D,"2011-03-21 15:00:00",2.7,2.1,265,1008.6,24.5,25.2,0.65,5.4,157,10.4,,,,,,
Vector_CWB_FB_46714D,"2011-03-21 16:00:00",1.9,1.3,277,1008.6,24.5,24.9,0.6,4.9,213,8,,,,,,
Vector_CWB_FB_46714D,"2011-03-21 17:00:00",,,,1008.9,24.7,24.7,0.64,4.9,168,8.7,,,,,,
Vector_CWB_FB_46714D,"2011-03-21 18:00:00",,,,1009.1,24.3,24.6,0.68,4.8,191,8,,,,,,
Vector_CWB_FB_46714D,"2011-03-21 19:00:00",,,,1009.5,23.9,24.4,0.64,4.8,157,8.7,,,,,,
Vector_CWB_FB_46714D,"2011-03-21 20:00:00",,,,1010.1,23.6,24.3,0.57,4.7,157,8,,,,,,
Vector_CWB_FB_46714D,"2011-03-21 21:00:00",,,,1010.5,23.5,24.2,0.48,4.7,135,6.5,,,,,,
Vector_CWB_FB_46714D,"2011-03-21 22:00:00",,,,1010.8,23.3,24.1,0.53,5.8,168,7.4,,,,,,
Vector_CWB_FB_46714D,"2011-03-21 23:00:00",,,,1010.5,22.9,24.2,0.34,5,146,6.9,,,,,,
Vector_CWB_FB_46714D,"2011-03-22 00:00:00",,,,1011,23.2,24.6,0.3,5.3,11,7.4,,,,,,
Vector_CWB_FB_46714D,"2011-03-22 01:00:00",,,,1010.8,23.1,24.6,0.25,5.2,146,5.8,,,,,,
Vector_CWB_FB_46714D,"2011-03-22 02:00:00",2.4,1.7,314,1010.8,23.5,24.5,0.25,5.1,146,8.7,,,,,,
Vector_CWB_FB_46714D,"2011-03-22 03:00:00",2.4,1.7,347,1010.6,23.5,24.4,0.3,5.3,213,6.9,,,,,,
Vector_CWB_FB_46714D,"2011-03-22 04:00:00",3.3,2.2,33,1010.5,23.7,24.2,0.29,5.1,225,6.1,,,,,,
Vector_CWB_FB_46714D,"2011-03-22 05:00:00",5.8,3.4,358,1010.6,23.3,24.2,0.27,4.6,225,5.8,,,,,,
Vector_CWB_FB_46714D,"2011-03-22 06:00:00",7.2,5.1,345,1011.2,21.9,24.1,0.34,4.2,236,5.8,,,,,,
Vector_CWB_FB_46714D,"2011-03-22 07:00:00",7.8,6,334,1011.9,21.1,24.3,0.44,4.2,270,4.9,,,,,,
Vector_CWB_FB_46714D,"2011-03-22 08:00:00",8.2,5.5,325,1012.6,20.9,24.4,0.5,4.4,270,5.2,,,,,,
Vector_CWB_FB_46714D,"2011-03-22 09:00:00",5.8,3.6,337,1013.2,20.9,24.2,0.49,4.3,168,8,,,,,,
Vector_CWB_FB_46714D,"2011-03-22 10:00:00",2.8,1.6,344,1013.7,21.4,24.2,0.71,4.3,281,4.5,,,,,,
Vector_CWB_FB_46714D,"2011-03-22 11:00:00",,,,1013.9,23,24.7,0.82,5,292,5.8,,,,,,
Vector_CWB_FB_46714D,"2011-03-22 12:00:00",6.4,4.6,299,1014,22.1,24.4,0.53,5.2,112,9.5,,,,,,
Vector_CWB_FB_46714D,"2011-03-22 13:00:00",6.4,5,323,1012.8,21.5,24,0.62,5.1,135,9.5,,,,,,
Vector_CWB_FB_46714D,"2011-03-22 14:00:00",7.3,5.8,319,1012.3,21.6,24.2,0.78,4.9,258,5.2,,,,,,
Vector_CWB_FB_46714D,"2011-03-22 15:00:00",7.5,4.6,337,1011.9,21.6,24.1,0.76,4.6,292,8,,,,,,
Vector_CWB_FB_46714D,"2011-03-22 16:00:00",4.6,2.4,203,1011.7,21.8,24.2,0.67,4.7,258,10.4,,,,,,
Vector_CWB_FB_46714D,"2011-03-22 17:00:00",3.8,2.3,194,1011.9,22.2,24.2,0.71,4.7,168,10.4,,,,,,
Vector_CWB_FB_46714D,"2011-03-22 18:00:00",6.6,4.2,264,1011.8,21.9,24.1,0.71,4.3,281,4.5,,,,,,
Vector_CWB_FB_46714D,"2011-03-22 19:00:00",5.9,4.7,295,1012.5,21.3,24.1,0.74,4.2,292,5.2,,,,,,
Vector_CWB_FB_46714D,"2011-03-22 20:00:00",6.5,4.9,318,1013.2,20.7,24.1,0.88,4.3,135,4.5,,,,,,
Vector_CWB_FB_46714D,"2011-03-22 21:00:00",7.5,5.7,323,1014.7,19.8,24.2,1.01,4.4,180,5.2,,,,,,
Vector_CWB_FB_46714D,"2011-03-22 22:00:00",7,5,329,1015.1,19.2,24,0.99,4.9,281,9.5,,,,,,
Vector_CWB_FB_46714D,"2011-03-22 23:00:00",5.6,4.6,328,1015.7,19.4,24.2,0.95,4.7,247,11.6,,,,,,
Vector_CWB_FB_46714D,"2011-03-23 00:00:00",4.4,2.9,337,1015.3,18.8,24.1,1,4.9,258,7.4,,,,,,
Vector_CWB_FB_46714D,"2011-03-23 01:00:00",,,,1015.2,19.4,24,0.76,5.2,112,7.4,,,,,,
Vector_CWB_FB_46714D,"2011-03-23 02:00:00",4.9,3.8,316,1016,19,24.1,1.03,5.3,270,8.7,,,,,,
Vector_CWB_FB_46714D,"2011-03-23 03:00:00",4,3,322,1015.6,18.4,24.1,0.65,5,236,10.4,,,,,,
Vector_CWB_FB_46714D,"2011-03-23 04:00:00",5.4,3.7,311,1015.9,18.5,24.1,0.6,5,281,8.7,,,,,,
Vector_CWB_FB_46714D,"2011-03-23 05:00:00",4.3,3.2,322,1016.5,18.4,24.1,0.62,5,281,9.5,,,,,,
Vector_CWB_FB_46714D,"2011-03-23 06:00:00",3.4,2.1,318,1016.5,18.4,24.1,0.55,4.7,270,7.4,,,,,,
Vector_CWB_FB_46714D,"2011-03-23 07:00:00",3.9,2.2,312,1017.1,18.8,24.1,0.56,4.5,258,6.9,,,,,,
Vector_CWB_FB_46714D,"2011-03-23 08:00:00",3.4,1.8,298,1017.7,18.9,24.1,0.63,4.2,303,4.3,,,,,,
Vector_CWB_FB_46714D,"2011-03-23 09:00:00",3.6,2.5,296,1018.2,19.3,24.1,0.58,4.1,303,6.1,,,,,,
Vector_CWB_FB_46714D,"2011-03-23 10:00:00",5.2,3.7,309,1017.9,19.1,24.2,0.84,4.7,202,5.2,,,,,,
Vector_CWB_FB_46714D,"2011-03-23 11:00:00",5.9,4.5,311,1017.7,19.4,24.2,0.63,4.7,292,10.4,,,,,,
Vector_CWB_FB_46714D,"2011-03-23 12:00:00",7.4,4.4,302,1017.2,19.7,24.4,0.57,4.8,258,8,,,,,,
Vector_CWB_FB_46714D,"2011-03-23 13:00:00",5.7,4.1,300,1016.3,20.1,24.4,0.5,4.7,247,5.4,,,,,,
Vector_CWB_FB_46714D,"2011-03-23 14:00:00",5.5,4.2,306,1015.4,20,24.3,0.5,4.8,270,8,,,,,,
Vector_CWB_FB_46714D,"2011-03-23 15:00:00",4.7,3.3,290,1014.5,19.6,24.3,0.63,4.9,270,6.9,,,,,,
Vector_CWB_FB_46714D,"2011-03-23 16:00:00",4.8,3.3,298,1014.1,19.7,24.2,0.64,5.2,236,7.4,,,,,,
Vector_CWB_FB_46714D,"2011-03-23 17:00:00",4.2,2.1,259,1014,19.8,24.1,0.78,5.1,236,10.4,,,,,,
Vector_CWB_FB_46714D,"2011-03-23 18:00:00",,,,1014.7,19.6,24.1,0.77,4.9,281,7.4,,,,,,
Vector_CWB_FB_46714D,"2011-03-23 19:00:00",3.4,2.4,256,1015,19.6,24.1,0.81,5,270,7.4,,,,,,
Vector_CWB_FB_46714D,"2011-03-23 20:00:00",2.6,1.8,306,1015.9,18.9,24.1,0.71,4.9,180,9.5,,,,,,
Vector_CWB_FB_46714D,"2011-03-23 21:00:00",2.8,1.9,272,1015.8,18.9,24,0.73,4.4,213,4.1,,,,,,
Vector_CWB_FB_46714D,"2011-03-23 22:00:00",3.9,2.6,223,1016.2,19.5,24,0.76,4.5,236,9.5,,,,,,
Vector_CWB_FB_46714D,"2011-03-23 23:00:00",3.1,1.8,154,1015.9,19.1,24,0.64,4.5,292,8,,,,,,
Vector_CWB_FB_46714D,"2011-03-24 00:00:00",,,,1016.1,19.6,24,0.63,4.6,123,8,,,,,,
Vector_CWB_FB_46714D,"2011-03-24 01:00:00",4.9,3.9,325,1016.6,18.9,24.1,0.46,4.8,168,7.4,,,,,,
Vector_CWB_FB_46714D,"2011-03-24 02:00:00",3.8,2.6,334,1016.3,18.7,24,0.58,5.1,258,8.7,,,,,,
Vector_CWB_FB_46714D,"2011-03-24 03:00:00",5.2,3.5,335,1015.9,18.8,23.9,0.67,5.2,258,8,,,,,,
Vector_CWB_FB_46714D,"2011-03-24 04:00:00",4.3,2.8,347,1016.1,18.6,23.9,0.57,4.6,270,6.1,,,,,,
Vector_CWB_FB_46714D,"2011-03-24 05:00:00",3.6,2,345,1016.4,18.4,24,0.62,4.5,270,6.9,,,,,,
Vector_CWB_FB_46714D,"2011-03-24 06:00:00",3,1.6,301,1016.7,18.6,23.9,0.63,4.8,258,6.9,,,,,,
Vector_CWB_FB_46714D,"2011-03-24 07:00:00",3,1.1,167,1017.1,18.3,23.9,0.57,4.4,270,8,,,,,,
Vector_CWB_FB_46714D,"2011-03-24 08:00:00",3.5,2.4,186,1017.1,19,23.9,0.55,4.5,303,6.5,,,,,,
Vector_CWB_FB_46714D,"2011-03-24 09:00:00",5.9,4.3,188,1016.8,20,23.9,0.6,4.3,303,6.9,,,,,,
Vector_CWB_FB_46714D,"2011-03-24 10:00:00",7.1,5.8,160,1017.9,21.5,24.3,0.69,4.6,303,6.9,,,,,,
Vector_CWB_FB_46714D,"2011-03-24 11:00:00",5.8,4.2,235,1017.2,21.3,24.3,0.82,4.8,303,6.5,,,,,,
Vector_CWB_FB_46714D,"2011-03-24 12:00:00",6.3,4.5,294,1016.9,20.6,24.4,0.59,4.8,281,7.4,,,,,,
Vector_CWB_FB_46714D,"2011-03-24 13:00:00",6.5,4.8,308,1015.9,20.3,24.5,0.51,5.1,135,7.4,,,,,,
Vector_CWB_FB_46714D,"2011-03-24 14:00:00",6.6,4.8,315,1015,20.2,24.4,0.45,5.1,168,8,,,,,,
Vector_CWB_FB_46714D,"2011-03-24 15:00:00",4.9,3.5,311,1014.4,20.3,24.3,0.42,4.9,303,7.4,,,,,,
Vector_CWB_FB_46714D,"2011-03-24 16:00:00",3.3,1.9,324,1014.2,20.3,24.2,0.64,5.2,123,6.5,,,,,,
Vector_CWB_FB_46714D,"2011-03-24 17:00:00",,,,1014.4,20.2,24.1,0.68,5.2,180,7.4,,,,,,
Vector_CWB_FB_46714D,"2011-03-24 18:00:00",,,,1014.3,20.5,24.1,0.74,5.3,258,6.9,,,,,,
Vector_CWB_FB_46714D,"2011-03-24 19:00:00",5.8,4.1,325,1015.2,20.3,24,0.73,5.1,270,6.9,,,,,,
Vector_CWB_FB_46714D,"2011-03-24 20:00:00",5.8,4.4,324,1015.3,19.8,23.8,0.8,4.9,157,7.4,,,,,,
Vector_CWB_FB_46714D,"2011-03-24 21:00:00",7.1,5.5,328,1015.5,19.3,23.7,0.71,4.6,270,6.1,,,,,,
Vector_CWB_FB_46714D,"2011-03-24 22:00:00",7.9,5.8,332,1017,19,24,0.7,4.5,292,8,,,,,,
Vector_CWB_FB_46714D,"2011-03-24 23:00:00",5.6,3.9,345,1017.4,19.3,24.1,0.74,4.7,258,6.9,,,,,,
Vector_CWB_FB_46714D,"2011-03-25 00:00:00",2.7,1.6,17,1017,19.3,24.2,0.56,5.1,146,9.5,,,,,,
Vector_CWB_FB_46714D,"2011-03-25 01:00:00",,,,1017.3,19.1,24.2,0.59,5.5,135,8,,,,,,
Vector_CWB_FB_46714D,"2011-03-25 02:00:00",4.3,2.4,307,1016.5,19.3,24,0.62,5.3,146,8,,,,,,
Vector_CWB_FB_46714D,"2011-03-25 03:00:00",6.3,4.5,332,1017.1,18.8,23.9,0.77,5.1,225,6.5,,,,,,
Vector_CWB_FB_46714D,"2011-03-25 04:00:00",5,3.4,339,1017,18.4,23.9,0.65,5,270,6.5,,,,,,
Vector_CWB_FB_46714D,"2011-03-25 05:00:00",4.3,3.2,351,1017.2,18.7,24,0.54,4.8,180,8,,,,,,
Vector_CWB_FB_46714D,"2011-03-25 06:00:00",3.7,2,21,1016.5,18.4,23.8,0.56,5,191,8,,,,,,
Vector_CWB_FB_46714D,"2011-03-25 07:00:00",,,,1017.9,19,23.9,0.51,4.6,157,8.7,,,,,,
Vector_CWB_FB_46714D,"2011-03-25 08:00:00",1.9,1.1,265,1018.6,19.5,23.8,0.5,4.7,191,8,,,,,,
Vector_CWB_FB_46714D,"2011-03-25 09:00:00",6.9,4.9,323,1018.6,18.8,23.9,0.52,4.7,281,6.5,,,,,,
Vector_CWB_FB_46714D,"2011-03-25 10:00:00",5.9,4.3,321,1019.2,19.2,24.1,0.54,4.5,270,7.4,,,,,,
Vector_CWB_FB_46714D,"2011-03-25 11:00:00",6.4,4.5,309,1018.7,19,24,0.56,4.3,135,7.4,,,,,,
Vector_CWB_FB_46714D,"2011-03-25 12:00:00",4.4,3.3,295,1017.7,19.3,24.3,0.51,4.3,270,6.5,,,,,,
Vector_CWB_FB_46714D,"2011-03-25 13:00:00",4.6,3.3,287,1016.7,19.9,24.3,0.62,5.1,146,8,,,,,,
Vector_CWB_FB_46714D,"2011-03-25 14:00:00",5.6,3.9,283,1016.6,20.3,24.6,0.51,5.2,180,8.7,,,,,,
Vector_CWB_FB_46714D,"2011-03-25 15:00:00",5.9,4.2,290,1015.8,20.5,24.4,0.59,5,168,8.7,,,,,,
Vector_CWB_FB_46714D,"2011-03-25 16:00:00",5.4,4.1,302,1015.8,20.6,24.4,0.64,4.7,270,6.5,,,,,,
Vector_CWB_FB_46714D,"2011-03-25 17:00:00",5.2,3.7,318,1015.9,20.4,24,0.7,4.8,270,6.5,,,,,,
Vector_CWB_FB_46714D,"2011-03-25 18:00:00",5.1,3.8,320,1016.5,20.2,23.9,0.61,4.3,191,8.7,,,,,,
Vector_CWB_FB_46714D,"2011-03-25 19:00:00",4,2.9,328,1016.7,20.2,23.9,0.6,4.5,270,4,,,,,,
Vector_CWB_FB_46714D,"2011-03-25 20:00:00",2.1,1.2,4,1017.7,20.2,24,0.7,4.3,146,4.7,,,,,,
Vector_CWB_FB_46714D,"2011-03-25 21:00:00",,,,1017.9,20.2,23.9,0.73,4.3,315,4.3,,,,,,
Vector_CWB_FB_46714D,"2011-03-25 22:00:00",4.1,2.3,236,1018.4,19.8,24.2,0.8,4.5,123,4.9,,,,,,
Vector_CWB_FB_46714D,"2011-03-25 23:00:00",,,,1017.7,20.1,24.1,0.81,4.4,146,5.2,,,,,,
Vector_CWB_FB_46714D,"2011-03-26 00:00:00",5.4,3,280,1017.3,19.9,24.2,0.7,4.8,123,5.2,,,,,,
Vector_CWB_FB_46714D,"2011-03-26 01:00:00",6.1,4.3,292,1017.1,20,24.2,0.81,5.3,146,10.4,,,,,,
Vector_CWB_FB_46714D,"2011-03-26 02:00:00",4.9,3.7,316,1016.8,19.5,24.1,0.88,5.1,247,8,,,,,,
Vector_CWB_FB_46714D,"2011-03-26 03:00:00",5.4,3.9,330,1017.1,19.4,23.9,0.84,5.3,258,5.8,,,,,,
Vector_CWB_FB_46714D,"2011-03-26 04:00:00",4.3,3.1,338,1016.8,19.3,24,0.89,5.3,247,6.9,,,,,,
Vector_CWB_FB_46714D,"2011-03-26 05:00:00",4.5,3,340,1017,19,24.1,0.8,5.1,270,6.9,,,,,,
Vector_CWB_FB_46714D,"2011-03-26 06:00:00",6.4,4,339,1017.5,18.8,24,0.75,4.9,202,8.7,,,,,,
Vector_CWB_FB_46714D,"2011-03-26 07:00:00",3.2,2.3,12,1017.9,18.5,23.9,0.66,4.6,270,5.2,,,,,,
Vector_CWB_FB_46714D,"2011-03-26 08:00:00",2.5,1.5,16,1017.9,18.6,23.8,0.77,4.9,168,9.5,,,,,,
Vector_CWB_FB_46714D,"2011-03-26 09:00:00",3,1.9,300,1019,19.2,23.9,0.66,4.5,270,7.4,,,,,,
Vector_CWB_FB_46714D,"2011-03-26 10:00:00",4.2,3,298,1018.7,19.4,24,0.64,4.5,191,9.5,,,,,,
Vector_CWB_FB_46714D,"2011-03-26 11:00:00",5.3,3.6,296,1018,19.3,24,0.68,4.7,258,6.1,,,,,,
Vector_CWB_FB_46714D,"2011-03-26 12:00:00",5.3,3.9,303,1017.6,19.7,24.2,0.67,4.6,292,6.5,,,,,,
Vector_CWB_FB_46714D,"2011-03-26 13:00:00",6.3,4.9,317,1017.1,19.7,24.3,0.7,4.6,292,7.4,,,,,,
Vector_CWB_FB_46714D,"2011-03-26 14:00:00",7.8,5.6,313,1015.9,19.6,24.2,0.61,4.4,281,6.5,,,,,,
Vector_CWB_FB_46714D,"2011-03-26 15:00:00",6.3,4.9,317,1015.2,19.4,24.1,0.67,4.7,157,9.5,,,,,,
Vector_CWB_FB_46714D,"2011-03-26 16:00:00",6.4,4.6,320,1015.3,19.5,24,0.63,5,180,8.7,,,,,,
Vector_CWB_FB_46714D,"2011-03-26 17:00:00",6.9,5,325,1015.8,19.4,24,0.91,5.2,157,10.4,,,,,,
Vector_CWB_FB_46714D,"2011-03-26 18:00:00",4.8,3.5,337,1015.8,19.4,24,0.9,5.2,281,8,,,,,,
Vector_CWB_FB_46714D,"2011-03-26 19:00:00",4.4,2.9,315,1016.1,19.5,24.1,0.77,5,168,8,,,,,,
Vector_CWB_FB_46714D,"2011-03-26 20:00:00",3.8,2.6,315,1016.5,19.5,24,0.77,4.7,292,6.5,,,,,,
Vector_CWB_FB_46714D,"2011-03-26 21:00:00",6,4.4,328,1017.1,18.8,24,0.79,5,180,10.4,,,,,,
Vector_CWB_FB_46714D,"2011-03-26 22:00:00",6.6,4.9,343,1017.1,17.9,23.9,0.72,4.5,146,10.4,,,,,,
Vector_CWB_FB_46714D,"2011-03-26 23:00:00",4.1,2.8,327,1017.4,18,24,0.92,5.1,157,9.5,,,,,,
Vector_CWB_FB_46714D,"2011-03-27 00:00:00",7.2,5.3,326,1017.4,18,24,0.9,5.2,146,9.5,,,,,,
Vector_CWB_FB_46714D,"2011-03-27 01:00:00",5.3,3.6,349,1016.4,17.7,23.9,0.83,5.4,180,8,,,,,,
Vector_CWB_FB_46714D,"2011-03-27 02:00:00",4.3,2.8,335,1016.5,17.9,24,0.92,5.4,146,10.4,,,,,,
Vector_CWB_FB_46714D,"2011-03-27 03:00:00",9,5.5,354,1016.9,17.5,24.1,1.01,5.2,146,10.4,,,,,,
Vector_CWB_FB_46714D,"2011-03-27 04:00:00",6.3,4.7,2,1016.3,17.4,23.9,0.94,5.1,202,8.7,,,,,,
Vector_CWB_FB_46714D,"2011-03-27 05:00:00",5,3.4,3,1016.5,17.2,24,0.77,5.2,258,7.4,,,,,,
Vector_CWB_FB_46714D,"2011-03-27 06:00:00",4.5,2.2,360,1016.6,17.3,24,0.74,5.1,236,8,,,,,,
Vector_CWB_FB_46714D,"2011-03-27 07:00:00",3.1,1.8,9,1016.5,17.4,24,0.75,5.1,281,7.4,,,,,,
Vector_CWB_FB_46714D,"2011-03-27 08:00:00",4.8,2.8,347,1017.4,17.5,24.1,0.64,5,292,6.1,,,,,,
Vector_CWB_FB_46714D,"2011-03-27 09:00:00",5.4,3.3,355,1017.7,17,24,0.75,5.3,292,9.5,,,,,,
Vector_CWB_FB_46714D,"2011-03-27 10:00:00",5.9,3.9,351,1018.1,17.9,24,0.68,4.8,112,9.5,,,,,,
Vector_CWB_FB_46714D,"2011-03-27 11:00:00",6.6,4.4,357,1017.5,18,24,0.76,5.3,101,8.7,,,,,,
Vector_CWB_FB_46714D,"2011-03-27 12:00:00",6.7,4.6,343,1016.5,18.2,24.1,0.67,5.3,168,9.5,,,,,,
Vector_CWB_FB_46714D,"2011-03-27 13:00:00",6.1,4,354,1015.9,18.4,24,0.56,4.9,168,8,,,,,,
Vector_CWB_FB_46714D,"2011-03-27 14:00:00",7.8,5.6,340,1014.2,17.6,24,0.63,4.8,270,8,,,,,,
Vector_CWB_FB_46714D,"2011-03-27 15:00:00",6.1,4.6,341,1013.7,17.9,24,0.61,4.9,281,6.1,,,,,,
Vector_CWB_FB_46714D,"2011-03-27 16:00:00",7.6,5.3,340,1013.6,17.5,23.9,0.62,4.7,270,8.7,,,,,,
Vector_CWB_FB_46714D,"2011-03-27 17:00:00",7.8,5.5,337,1014.2,17.2,23.9,0.63,5.4,135,9.5,,,,,,
Vector_CWB_FB_46714D,"2011-03-27 18:00:00",7.2,4.6,348,1015,17.2,24,0.67,5.2,168,9.5,,,,,,
Vector_CWB_FB_46714D,"2011-03-27 19:00:00",6,4.4,349,1015.5,17,24,0.85,5.1,247,6.9,,,,,,
Vector_CWB_FB_46714D,"2011-03-27 20:00:00",6.3,3.7,1,1015.9,17.1,23.9,0.78,4.9,191,9.5,,,,,,
Vector_CWB_FB_46714D,"2011-03-27 21:00:00",4.9,3.8,352,1017,17,24,0.72,4.8,225,9.5,,,,,,
Vector_CWB_FB_46714D,"2011-03-27 22:00:00",4.5,2.4,2,1017,16.4,23.9,0.83,4.9,258,6.1,,,,,,
Vector_CWB_FB_46714D,"2011-03-27 23:00:00",5.6,3.3,5,1016.9,16,23.9,0.77,4.7,191,10.4,,,,,,
Vector_CWB_FB_46714D,"2011-03-28 00:00:00",4.4,2.8,352,1017.5,15.8,24,0.82,4.8,270,6.1,,,,,,
Vector_CWB_FB_46714D,"2011-03-28 01:00:00",8.1,5.8,340,1017.1,15.7,23.9,0.84,4.8,247,6.9,,,,,,
Vector_CWB_FB_46714D,"2011-03-28 02:00:00",6.7,4.4,357,1017.7,15.7,24,0.77,4.9,247,8.7,,,,,,
Vector_CWB_FB_46714D,"2011-03-28 03:00:00",5.2,3.1,354,1016.5,15.5,23.9,0.77,4.9,146,9.5,,,,,,
Vector_CWB_FB_46714D,"2011-03-28 04:00:00",5.6,4.1,1,1015.6,15.3,23.8,0.67,4.6,225,8.7,,,,,,
Vector_CWB_FB_46714D,"2011-03-28 05:00:00",4.3,2.7,15,1016.1,15.2,23.9,0.8,5.4,247,7.4,,,,,,
Vector_CWB_FB_46714D,"2011-03-28 06:00:00",3.9,2.5,350,1016.6,15.5,23.9,0.66,5.1,202,9.5,,,,,,
Vector_CWB_FB_46714D,"2011-03-28 07:00:00",4.5,2.9,350,1017.2,15.7,23.9,0.69,5.3,236,6.9,,,,,,
Vector_CWB_FB_46714D,"2011-03-28 08:00:00",2.8,1.9,319,1017.5,16.4,23.9,0.67,5.1,157,8.7,,,,,,
Vector_CWB_FB_46714D,"2011-03-28 09:00:00",2.3,1.3,337,1017.3,16.6,23.9,0.56,4.7,315,8.7,,,,,,
Vector_CWB_FB_46714D,"2011-03-28 10:00:00",4,2.8,289,1018.4,17,24.1,0.52,4.5,168,10.4,,,,,,
Vector_CWB_FB_46714D,"2011-03-28 11:00:00",4.9,3.4,325,1018.1,17.3,24.1,0.59,5.1,135,10.4,,,,,,
Vector_CWB_FB_46714D,"2011-03-28 12:00:00",6.8,5.1,314,1017.5,17.7,24.1,0.6,4.9,247,10.4,,,,,,
Vector_CWB_FB_46714D,"2011-03-28 13:00:00",6.2,4.4,324,1016.4,17.5,24,0.54,4.7,270,6.9,,,,,,
Vector_CWB_FB_46714D,"2011-03-28 14:00:00",3.9,2.6,313,1015.9,18.3,24.1,0.54,5.1,168,7.4,,,,,,
Vector_CWB_FB_46714D,"2011-03-28 15:00:00",4.8,3.3,311,1015.9,18.9,24.1,0.52,5,168,9.5,,,,,,
Vector_CWB_FB_46714D,"2011-03-28 16:00:00",4.1,2.6,287,1015.4,19.2,24.1,0.56,5.6,157,8.7,,,,,,
Vector_CWB_FB_46714D,"2011-03-28 17:00:00",4.4,3,297,1015.8,19.3,24.1,0.56,5.5,146,8.7,,,,,,
Vector_CWB_FB_46714D,"2011-03-28 18:00:00",4.4,3.4,298,1015.5,19.2,24,0.6,6.1,157,9.5,,,,,,
Vector_CWB_FB_46714D,"2011-03-28 19:00:00",4.9,3.3,291,1016.6,19.8,24.1,0.68,5.5,146,8,,,,,,
Vector_CWB_FB_46714D,"2011-03-28 20:00:00",4.3,3.1,296,1017,20,24,0.75,5.6,191,9.5,,,,,,
Vector_CWB_FB_46714D,"2011-03-28 21:00:00",4.4,3.1,287,1017.5,19.9,24,0.81,5.3,191,10.4,,,,,,
Vector_CWB_FB_46714D,"2011-03-28 22:00:00",5,3.3,330,1016.6,19.2,23.8,0.86,5.4,168,10.4,,,,,,
Vector_CWB_FB_46714D,"2011-03-28 23:00:00",5.3,3.7,332,1017.2,18.6,23.7,0.85,5.3,191,8.7,,,,,,
Vector_CWB_FB_46714D,"2011-03-29 00:00:00",4,2.8,348,1017.9,19.2,23.9,0.92,5.2,258,7.4,,,,,,
Vector_CWB_FB_46714D,"2011-03-29 01:00:00",4,2.8,2,1017,19.2,23.8,0.88,5.8,157,8,,,,,,
Vector_CWB_FB_46714D,"2011-03-29 02:00:00",4.6,3.5,15,1016.1,18.8,23.8,0.92,6.4,135,10.4,,,,,,
Vector_CWB_FB_46714D,"2011-03-29 03:00:00",3.1,2.3,25,1016,18.7,23.9,0.85,6.1,123,8.7,,,,,,
Vector_CWB_FB_46714D,"2011-03-29 04:00:00",3.9,2.8,33,1015.8,19.2,23.9,1.06,6.7,135,10.4,,,,,,
Vector_CWB_FB_46714D,"2011-03-29 05:00:00",3.1,2,17,1016.1,18.4,23.9,0.94,6.4,135,8.7,,,,,,
Vector_CWB_FB_46714D,"2011-03-29 06:00:00",3,1.8,23,1017.1,18.5,23.8,0.94,6.2,146,9.5,,,,,,
Vector_CWB_FB_46714D,"2011-03-29 07:00:00",3.6,2.6,358,1018,19,23.9,0.93,6.1,157,9.5,,,,,,
Vector_CWB_FB_46714D,"2011-03-29 08:00:00",4.2,2.9,350,1018.3,19.1,23.9,0.9,6.1,168,10.4,,,,,,
Vector_CWB_FB_46714D,"2011-03-29 09:00:00",3.4,1.7,360,1018.5,19.7,23.9,0.84,5.4,146,10.4,,,,,,
Vector_CWB_FB_46714D,"2011-03-29 10:00:00",,,,1019.3,20.3,24.1,0.65,5,168,9.5,,,,,,
Vector_CWB_FB_46714D,"2011-03-29 11:00:00",4.2,2.9,314,1019.4,20.2,24.1,0.65,5.1,225,8,,,,,,
Vector_CWB_FB_46714D,"2011-03-29 12:00:00",3.1,2.1,297,1018.2,19.9,24.1,0.54,4.7,292,8.7,,,,,,
Vector_CWB_FB_46714D,"2011-03-29 13:00:00",3.6,2.8,299,1018.1,20.8,24.1,0.57,5.1,157,8.7,,,,,,
Vector_CWB_FB_46714D,"2011-03-29 14:00:00",2.9,1.8,292,1016,20.9,24,0.61,4.9,146,9.5,,,,,,
Vector_CWB_FB_46714D,"2011-03-29 15:00:00",3.2,2.2,269,1016.1,21.1,24.1,0.83,5.9,157,9.5,,,,,,
Vector_CWB_FB_46714D,"2011-03-29 16:00:00",2.9,1.7,251,1014.9,21.2,23.9,0.82,5.9,135,10.4,,,,,,
Vector_CWB_FB_46714D,"2011-03-29 17:00:00",2.9,2,265,1016.7,21.6,24,0.76,5.6,146,9.5,,,,,,
Vector_CWB_FB_46714D,"2011-03-29 18:00:00",3.7,2.5,234,1016.3,21.5,24,0.73,5.7,135,10.4,,,,,,
Vector_CWB_FB_46714D,"2011-03-29 19:00:00",4.7,2.9,208,1015.9,21.4,23.9,0.87,5.6,135,7.4,,,,,,
Vector_CWB_FB_46714D,"2011-03-29 20:00:00",5.6,4,112,1015.9,21.2,23.8,0.88,5.6,146,10.4,,,,,,
Vector_CWB_FB_46714D,"2011-03-29 21:00:00",5.7,4.2,122,1016.2,21.3,23.9,0.94,5.3,168,7.4,,,,,,
Vector_CWB_FB_46714D,"2011-03-29 22:00:00",4.3,3.3,112,1016,21.3,23.9,0.97,5.3,168,6.5,,,,,,
Vector_CWB_FB_46714D,"2011-03-29 23:00:00",3.1,1.5,157,1016.2,21.2,23.8,0.88,5.3,168,9.5,,,,,,
Vector_CWB_FB_46714D,"2011-03-30 00:00:00",4.1,2.5,114,1015.9,21.3,23.8,0.99,5.2,168,8.7,,,,,,
Vector_CWB_FB_46714D,"2011-03-30 01:00:00",3.8,2.6,113,1015.7,21.2,23.9,1.05,5.6,168,8.7,,,,,,
Vector_CWB_FB_46714D,"2011-03-30 02:00:00",3.5,2.4,102,1014.8,21,23.7,1.35,6.4,168,9.5,,,,,,
Vector_CWB_FB_46714D,"2011-03-30 03:00:00",4.9,3.6,89,1014.5,21.1,23.8,1.3,6.5,168,11.6,,,,,,
Vector_CWB_FB_46714D,"2011-03-30 04:00:00",5.1,4.1,66,1015.1,21,23.9,1.18,6.1,135,8.7,,,,,,
Vector_CWB_FB_46714D,"2011-03-30 05:00:00",3.8,2.4,104,1014.1,21,23.7,1.19,6.2,112,9.5,,,,,,
Vector_CWB_FB_46714D,"2011-03-30 06:00:00",3.5,2.3,106,1015.7,21.2,23.9,1.1,5.8,101,8,,,,,,
Vector_CWB_FB_46714D,"2011-03-30 07:00:00",7,4.6,77,1014.9,20.9,23.7,1.07,5.8,157,8.7,,,,,,
Vector_CWB_FB_46714D,"2011-03-30 08:00:00",6.8,5.6,81,1017.1,21.5,24,1.06,5.9,191,6.9,,,,,,
Vector_CWB_FB_46714D,"2011-03-30 09:00:00",6.5,5.2,85,1018.1,21.7,24,0.99,5.8,168,9.5,,,,,,
Vector_CWB_FB_46714D,"2011-03-30 10:00:00",5.1,3.6,85,1017.1,21.5,23.8,0.92,5.7,168,10.4,,,,,,
Vector_CWB_FB_46714D,"2011-03-30 11:00:00",4.8,3.6,58,1017.5,21.9,24,0.88,5.6,168,11.6,,,,,,
Vector_CWB_FB_46714D,"2011-03-30 12:00:00",3.9,2.5,22,1017.2,22.1,24,0.84,5.7,191,10.4,,,,,,
Vector_CWB_FB_46714D,"2011-03-30 13:00:00",4,2.3,317,1017.5,21.9,24.1,0.75,4.7,191,10.4,,,,,,
Vector_CWB_FB_46714D,"2011-03-30 14:00:00",5,3.4,321,1016.5,21.8,24.1,0.79,4.9,337,6.1,,,,,,
Vector_CWB_FB_46714D,"2011-03-30 15:00:00",5,3.6,310,1016.6,21.9,24.2,1.05,5.8,191,10.4,,,,,,
Vector_CWB_FB_46714D,"2011-03-30 16:00:00",5.9,4.2,304,1016.2,21.9,24.3,0.99,5.3,157,8.7,,,,,,
Vector_CWB_FB_46714D,"2011-03-30 17:00:00",2.9,1.4,290,1016.1,22,24.5,0.98,5.4,146,10.4,,,,,,
Vector_CWB_FB_46714D,"2011-03-30 18:00:00",,,,1014.4,21.1,24.1,1.16,6.1,146,9.5,,,,,,
Vector_CWB_FB_46714D,"2011-03-30 19:00:00",5.5,1.8,111,1016.5,21.6,24.5,1.1,6,146,10.4,,,,,,
Vector_CWB_FB_46714D,"2011-03-30 20:00:00",6.8,4.6,121,1015.7,21.1,24.4,1.04,5.9,146,9.5,,,,,,
Vector_CWB_FB_46714D,"2011-03-30 21:00:00",5.3,3.7,97,1014.9,20.8,24.2,0.96,5.5,157,10.4,,,,,,
Vector_CWB_FB_46714D,"2011-03-30 22:00:00",6.2,4.9,119,1016.7,21.2,24.7,1.06,5.8,157,8.7,,,,,,
Vector_CWB_FB_46714D,"2011-03-30 23:00:00",3.2,1.9,95,1016.1,20.7,24.4,0.88,5.2,292,6.5,,,,,,
Vector_CWB_FB_46714D,"2011-03-31 00:00:00",4.3,3.4,20,1016.9,21.1,24.4,0.87,5.6,146,9.5,,,,,,
Vector_CWB_FB_46714D,"2011-03-31 01:00:00",3.5,2.6,17,1017.2,21.1,24.4,0.91,5.6,146,8.7,,,,,,
Vector_CWB_FB_46714D,"2011-03-31 02:00:00",4.7,3.4,15,1016.4,20.8,24.4,0.88,5.5,146,8,,,,,,
Vector_CWB_FB_46714D,"2011-03-31 03:00:00",3.5,2.4,13,1013.3,19.8,24,1.01,5.7,168,10.4,,,,,,
Vector_CWB_FB_46714D,"2011-03-31 04:00:00",,,,1013.2,19.3,24,0.99,5.4,135,10.4,,,,,,
Vector_CWB_FB_46714D,"2011-03-31 05:00:00",,,,1013.7,19.2,24.7,0.87,5.1,146,7.4,,,,,,
Vector_CWB_FB_46714D,"2011-03-31 06:00:00",,,,1014.5,19.6,24.8,1.12,6.3,135,10.4,,,,,,
Vector_CWB_FB_46714D,"2011-03-31 07:00:00",,,,1015.2,19.9,25,0.83,5.7,123,8,,,,,,
Vector_CWB_FB_46714D,"2011-03-31 08:00:00",3.9,2.5,41,1015.9,20.2,24.8,0.84,5.8,135,8.7,,,,,,
Vector_CWB_FB_46714D,"2011-03-31 09:00:00",3.8,2.7,30,1016.3,20,24.8,0.8,5.7,168,6.5,,,,,,
Vector_CWB_FB_46714D,"2011-03-31 10:00:00",3.1,1.9,41,1016.1,20.2,24.6,0.86,5.7,146,10.4,,,,,,
Vector_CWB_FB_46714D,"2011-03-31 11:00:00",,,,1015.6,20.5,24.5,0.79,5.3,180,7.4,,,,,,
Vector_CWB_FB_46714D,"2011-03-31 12:00:00",4.4,2.2,352,1015.4,20.3,24.9,0.82,5.4,168,10.4,,,,,,
Vector_CWB_FB_46714D,"2011-03-31 13:00:00",4.9,3.5,324,1015.1,21,25.1,0.76,5.3,168,10.4,,,,,,
Vector_CWB_FB_46714D,"2011-03-31 14:00:00",4.8,3.1,310,1015.2,21.2,25.1,0.7,5,157,10.4,,,,,,
Vector_CWB_FB_46714D,"2011-03-31 15:00:00",4.3,2.3,311,1013.9,21.1,25,0.74,5.2,157,8.7,,,,,,
Vector_CWB_FB_46714D,"2011-03-31 16:00:00",2.1,1.3,211,1014.1,21.7,25,0.82,5.4,157,9.5,,,,,,
Vector_CWB_FB_46714D,"2011-03-31 17:00:00",,,,1014.5,21.5,25,0.81,5,180,8.7,,,,,,
Vector_CWB_FB_46714D,"2011-03-31 18:00:00",2.4,1.5,262,1013.9,21.1,24.9,0.91,5.6,157,9.5,,,,,,
Vector_CWB_FB_46714D,"2011-03-31 19:00:00",2.5,1.5,271,1014.9,21.1,24.9,0.81,5.4,123,6.5,,,,,,
Vector_CWB_FB_46714D,"2011-03-31 20:00:00",,,,1014.4,21,24.6,0.91,5.7,135,9.5,,,,,,
Vector_CWB_FB_46714D,"2011-03-31 21:00:00",,,,1015.6,21.5,24.9,0.93,5.1,157,6.5,,,,,,
Vector_CWB_FB_46714D,"2011-03-31 22:00:00",,,,1014.8,21.4,24.9,0.81,5.3,225,5.8,,,,,,
Vector_CWB_FB_46714D,"2011-03-31 23:00:00",3.2,1.9,34,1016,22.1,25,0.78,5.3,202,8,,,,,,
Vector_CWB_FB_46714D,"2011-04-01 00:00:00",2.5,1.8,338,1015,21.6,24.9,0.78,5.4,168,9.5,,,,,,
Vector_CWB_FB_46714D,"2011-04-01 01:00:00",3.4,2.2,343,1013.9,21.3,24.8,0.7,5.3,213,6.9,,,,,,
Vector_CWB_FB_46714D,"2011-04-01 02:00:00",4.8,3.7,9,1014.8,21,24.9,0.83,5.8,157,10.4,,,,,,
Vector_CWB_FB_46714D,"2011-04-01 03:00:00",5.3,3.9,17,1011.5,20.3,24.6,0.9,5.8,180,10.4,,,,,,
Vector_CWB_FB_46714D,"2011-04-01 04:00:00",4.9,3.3,7,1013.6,20.5,24.9,0.94,6.2,168,10.4,,,,,,
Vector_CWB_FB_46714D,"2011-04-01 05:00:00",5.6,3.8,5,1013.8,20.5,24.9,0.93,6,157,9.5,,,,,,
Vector_CWB_FB_46714D,"2011-04-01 06:00:00",5.5,4.1,10,1014.4,20.8,24.9,0.81,6.1,146,9.5,,,,,,
Vector_CWB_FB_46714D,"2011-04-01 07:00:00",4.1,3,30,1014.3,20.8,24.6,0.79,6,135,8,,,,,,
Vector_CWB_FB_46714D,"2011-04-01 08:00:00",4.4,3.1,53,1016.2,21.4,24.7,0.66,5.7,146,10.4,,,,,,
Vector_CWB_FB_46714D,"2011-04-01 09:00:00",2.2,1.3,100,1015.9,21.5,24.6,0.71,6.5,157,9.5,,,,,,
Vector_CWB_FB_46714D,"2011-04-01 10:00:00",5.9,3,192,1016.5,22.5,24.8,0.7,5.9,157,7.4,,,,,,
Vector_CWB_FB_46714D,"2011-04-01 11:00:00",4.3,3.2,293,1015.3,21.8,24.8,0.69,6.1,191,8.7,,,,,,
Vector_CWB_FB_46714D,"2011-04-01 12:00:00",6.2,4.8,309,1014.3,21.7,24.8,0.74,5.6,202,8,,,,,,
Vector_CWB_FB_46714D,"2011-04-01 13:00:00",5.5,4.1,299,1012.7,21.9,24.9,0.63,5.2,191,9.5,,,,,,
Vector_CWB_FB_46714D,"2011-04-01 14:00:00",5.3,4.1,302,1012.1,22,24.9,0.82,5.8,168,9.5,,,,,,
Vector_CWB_FB_46714D,"2011-04-01 15:00:00",6.1,4.6,308,1011.2,21.8,24.8,0.77,5.2,157,8,,,,,,
Vector_CWB_FB_46714D,"2011-04-01 16:00:00",5.4,4.3,326,1011,21.8,24.7,0.81,5.4,168,9.5,,,,,,
Vector_CWB_FB_46714D,"2011-04-01 17:00:00",6.2,4,337,1011,21.8,24.6,0.71,5.2,168,9.5,,,,,,
Vector_CWB_FB_46714D,"2011-04-01 18:00:00",6.2,4.4,339,1011,21.6,24.6,0.84,5.5,157,10.4,,,,,,
Vector_CWB_FB_46714D,"2011-04-01 19:00:00",3.1,1.8,332,1011.2,21.9,24.5,0.7,5.2,146,8,,,,,,
Vector_CWB_FB_46714D,"2011-04-01 20:00:00",2.1,1.3,312,1012.1,22.2,24.6,0.7,5.4,157,10.4,,,,,,
Vector_CWB_FB_46714D,"2011-04-01 21:00:00",,,,1012.5,22.2,24.6,0.71,5.7,135,10.4,,,,,,
Vector_CWB_FB_46714D,"2011-04-01 22:00:00",2.9,2.1,274,1014.9,22.8,24.5,0.7,6.2,157,10.4,,,,,,
Vector_CWB_FB_46714D,"2011-04-01 23:00:00",4.5,2.8,287,1015.1,22.5,24.5,0.77,5.3,157,6.9,,,,,,
Vector_CWB_FB_46714D,"2011-04-02 00:00:00",2.7,1.7,351,1014.2,22.3,24.4,0.84,5.2,202,10.4,,,,,,
Vector_CWB_FB_46714D,"2011-04-02 01:00:00",,,,1014,22.2,24.5,0.8,5.2,191,5.8,,,,,,
Vector_CWB_FB_46714D,"2011-04-02 02:00:00",2.3,1.5,342,1011.3,21.7,24.1,0.81,5.5,168,8.7,,,,,,
Vector_CWB_FB_46714D,"2011-04-02 03:00:00",2.2,1.4,358,1010.6,21.4,24.1,0.68,5.2,157,9.5,,,,,,
Vector_CWB_FB_46714D,"2011-04-02 04:00:00",2.6,1.9,9,1012.8,22.1,24.4,0.64,4.9,157,9.5,,,,,,
Vector_CWB_FB_46714D,"2011-04-02 05:00:00",2.4,1.8,11,1011.6,21.5,24.1,0.64,5.3,157,10.4,,,,,,
Vector_CWB_FB_46714D,"2011-04-02 06:00:00",3.9,2.4,13,1011.3,21,24,0.59,5.5,157,9.5,,,,,,
Vector_CWB_FB_46714D,"2011-04-02 07:00:00",4.6,3.8,38,1013.7,21.4,24.4,0.5,5.1,236,6.5,,,,,,
Vector_CWB_FB_46714D,"2011-04-02 08:00:00",3.4,2.6,43,1012.2,21,24.1,0.65,5.5,168,8,,,,,,
Vector_CWB_FB_46714D,"2011-04-02 09:00:00",2.6,2,54,1012.8,21.1,24.1,0.8,5.9,146,8,,,,,,
Vector_CWB_FB_46714D,"2011-04-02 10:00:00",5.1,2.2,189,1012.9,22.7,24.3,0.77,6.2,135,6.5,,,,,,
Vector_CWB_FB_46714D,"2011-04-02 11:00:00",5,3.7,302,1013.8,22.5,24.6,0.67,6.2,157,11.6,,,,,,
Vector_CWB_FB_46714D,"2011-04-02 12:00:00",5.3,4.1,310,1011.8,22.4,24.5,0.6,5.7,180,10.4,,,,,,
Vector_CWB_FB_46714D,"2011-04-02 13:00:00",5.2,3.9,299,1010.5,22.4,24.6,0.73,5.8,191,6.1,,,,,,
Vector_CWB_FB_46714D,"2011-04-02 14:00:00",5.6,4.2,302,1009.5,22.4,24.7,0.67,5.7,180,6.9,,,,,,
Vector_CWB_FB_46714D,"2011-04-02 15:00:00",4.7,3.6,294,1009.3,22.4,24.6,0.74,5.9,180,6.5,,,,,,
Vector_CWB_FB_46714D,"2011-04-02 16:00:00",3.9,3.3,284,1010.1,22.8,24.7,0.75,5.7,157,10.4,,,,,,
Vector_CWB_FB_46714D,"2011-04-02 17:00:00",3.6,2.7,283,1008.5,22.1,24.3,0.82,6.1,146,9.5,,,,,,
Vector_CWB_FB_46714D,"2011-04-02 18:00:00",2.7,2,265,1009.4,22,24.3,0.71,5.5,146,8.7,,,,,,
Vector_CWB_FB_46714D,"2011-04-02 19:00:00",2.4,1.6,267,1010.1,21.9,24.2,0.77,6.1,146,8,,,,,,
Vector_CWB_FB_46714D,"2011-04-02 20:00:00",2.1,1.5,243,1011.1,22.1,24.4,0.82,6.2,135,7.4,,,,,,
Vector_CWB_FB_46714D,"2011-04-02 21:00:00",6.9,5.6,140,1011.1,22.4,24.3,0.74,5.6,135,8,,,,,,
Vector_CWB_FB_46714D,"2011-04-02 22:00:00",7.2,5.4,143,1011,22.4,24.3,0.68,5.1,123,7.4,,,,,,
Vector_CWB_FB_46714D,"2011-04-02 23:00:00",5.9,4.6,121,1012.3,22.8,23.9,0.82,5.4,157,11.6,,,,,,
Vector_CWB_FB_46714D,"2011-04-03 00:00:00",3.3,2.5,95,1010.1,21.9,23.6,0.86,5.8,157,10.4,,,,,,
Vector_CWB_FB_46714D,"2011-04-03 01:00:00",2.2,1.5,121,1009.6,21.8,23.8,0.68,5.5,168,9.5,,,,,,
Vector_CWB_FB_46714D,"2011-04-03 02:00:00",3.3,2.5,45,1009.4,21.9,23.6,0.69,5.7,180,10.4,,,,,,
Vector_CWB_FB_46714D,"2011-04-03 03:00:00",3.1,2.3,14,1009.3,21.2,23.6,0.63,5.3,168,10.4,,,,,,
Vector_CWB_FB_46714D,"2011-04-03 04:00:00",3.9,2.4,24,1009.8,21,23.8,0.62,5.4,168,10.4,,,,,,
Vector_CWB_FB_46714D,"2011-04-03 05:00:00",5.2,4.2,31,1010.3,21,23.9,0.52,5.3,157,10.4,,,,,,
Vector_CWB_FB_46714D,"2011-04-03 06:00:00",4.5,3.8,35,1010.5,21.1,23.9,0.62,5.9,157,10.4,,,,,,
Vector_CWB_FB_46714D,"2011-04-03 07:00:00",5.4,4,37,1012.3,21.5,24.1,0.54,5.4,146,8.7,,,,,,
Vector_CWB_FB_46714D,"2011-04-03 08:00:00",4.6,3.7,28,1012.7,21.9,24,0.55,5.8,157,8.7,,,,,,
Vector_CWB_FB_46714D,"2011-04-03 09:00:00",4.7,2.7,340,1011.6,22,23.8,0.83,6.8,168,8,,,,,,
Vector_CWB_FB_46714D,"2011-04-03 10:00:00",3.8,2.3,326,1012.2,22.4,24.1,0.7,6.4,157,10.4,,,,,,
Vector_CWB_FB_46714D,"2011-04-03 11:00:00",4.8,3.5,296,1011.9,22.3,24.2,0.82,6.5,157,9.5,,,,,,
Vector_CWB_FB_46714D,"2011-04-03 12:00:00",5.3,4,294,1011.9,22.6,24.3,0.66,6.5,135,10.4,,,,,,
Vector_CWB_FB_46714D,"2011-04-03 13:00:00",5.4,4.3,287,1010,22.4,24.2,0.79,6.4,146,11.6,,,,,,
Vector_CWB_FB_46714D,"2011-04-03 14:00:00",5.8,4.4,290,1009.9,22.6,24.2,0.72,6.4,146,11.6,,,,,,
Vector_CWB_FB_46714D,"2011-04-03 15:00:00",6.2,4.8,311,1009.5,22.6,24.2,0.76,6.3,146,10.4,,,,,,
Vector_CWB_FB_46714D,"2011-04-03 16:00:00",5.3,4.3,305,1009.5,22.5,24,0.67,6.1,146,10.4,,,,,,
Vector_CWB_FB_46714D,"2011-04-03 17:00:00",5.4,4.1,314,1009.3,22.6,24,0.72,5.9,157,11.6,,,,,,
Vector_CWB_FB_46714D,"2011-04-03 18:00:00",5.3,4,324,1009.3,22.4,23.9,0.83,6.8,157,11.6,,,,,,
Vector_CWB_FB_46714D,"2011-04-03 19:00:00",4.8,2.9,325,1009.6,22.3,23.9,0.86,6.4,146,10.4,,,,,,
Vector_CWB_FB_46714D,"2011-04-03 20:00:00",3.4,2.3,332,1010,22.2,23.9,0.69,6.2,135,11.6,,,,,,
Vector_CWB_FB_46714D,"2011-04-03 21:00:00",3.6,2.3,338,1011.7,22.6,23.9,0.64,6.2,180,10.4,,,,,,
Vector_CWB_FB_46714D,"2011-04-03 22:00:00",,,,1012.1,22.7,24.2,0.55,6.1,168,11.6,,,,,,
Vector_CWB_FB_46714D,"2011-04-03 23:00:00",,,,1012.3,22.5,24.2,0.77,6.8,135,8,,,,,,
Vector_CWB_FB_46714D,"2011-04-04 00:00:00",3.2,2.3,171,1011.7,22.6,24.1,0.71,6.2,157,9.5,,,,,,
Vector_CWB_FB_46714D,"2011-04-04 01:00:00",3.5,2.5,285,1011.1,22.2,24,0.72,5.9,157,10.4,,,,,,
Vector_CWB_FB_46714D,"2011-04-04 02:00:00",4.1,3.1,324,1011.2,22.1,24.3,0.61,5.3,168,10.4,,,,,,
Vector_CWB_FB_46714D,"2011-04-04 03:00:00",5.2,3.7,340,1011.3,21.5,24.3,0.7,5.8,168,10.4,,,,,,
Vector_CWB_FB_46714D,"2011-04-04 04:00:00",4.6,3.4,339,1010.5,20.9,24,0.66,6.1,168,10.4,,,,,,
Vector_CWB_FB_46714D,"2011-04-04 05:00:00",5.7,3.7,357,1010.6,20.7,24.1,0.63,5.8,180,10.4,,,,,,
Vector_CWB_FB_46714D,"2011-04-04 06:00:00",6.6,4.4,351,1012,20.8,24.3,0.61,5.4,146,10.4,,,,,,
Vector_CWB_FB_46714D,"2011-04-04 07:00:00",2.9,2,35,1012.4,20.7,24.2,0.67,5.7,191,10.4,,,,,,
Vector_CWB_FB_46714D,"2011-04-04 08:00:00",3.6,2.5,79,1011.8,21,24,0.61,5.1,270,8.7,,,,,,
Vector_CWB_FB_46714D,"2011-04-04 09:00:00",,,,1012,21.3,24.3,0.72,5.5,168,9.5,,,,,,
Vector_CWB_FB_46714D,"2011-04-04 10:00:00",5.2,3.8,303,1012.6,21.4,24.2,0.76,5.6,123,10.4,,,,,,
Vector_CWB_FB_46714D,"2011-04-04 11:00:00",6.7,5.1,334,1013.6,21.3,24.5,0.81,5.9,168,6.5,,,,,,
Vector_CWB_FB_46714D,"2011-04-04 12:00:00",8,6.5,325,1011.5,21,24.3,0.8,5,157,6.9,,,,,,
Vector_CWB_FB_46714D,"2011-04-04 13:00:00",8.6,6.7,331,1010.6,21.3,24.3,0.85,4.9,180,10.4,,,,,,
Vector_CWB_FB_46714D,"2011-04-04 14:00:00",7.7,6,332,1010.2,21.6,24.3,0.86,4.6,236,6.5,,,,,,
Vector_CWB_FB_46714D,"2011-04-04 15:00:00",8.9,6.3,330,1009.3,21.6,24.2,0.94,4.9,281,5.8,,,,,,
Vector_CWB_FB_46714D,"2011-04-04 16:00:00",7.5,5.6,329,1009.4,21.7,24,0.93,4.9,157,11.6,,,,,,
Vector_CWB_FB_46714D,"2011-04-04 17:00:00",6.7,5,326,1010.3,21.1,23.9,0.92,5.1,123,10.4,,,,,,
Vector_CWB_FB_46714D,"2011-04-04 18:00:00",7.3,5.9,321,1011,20.2,23.8,0.93,4.9,292,7.4,,,,,,
Vector_CWB_FB_46714D,"2011-04-04 19:00:00",7.5,5.8,326,1011.4,20,23.8,1.05,5.5,180,8.7,,,,,,
Vector_CWB_FB_46714D,"2011-04-04 20:00:00",7,5.6,326,1012.1,19.8,23.6,0.82,4.8,157,10.4,,,,,,
Vector_CWB_FB_46714D,"2011-04-04 21:00:00",6,4,336,1012.6,19.5,23.6,0.84,4.9,135,11.6,,,,,,
Vector_CWB_FB_46714D,"2011-04-04 22:00:00",4.9,3,323,1013.1,19.4,23.7,0.76,5.2,90,11.6,,,,,,
Vector_CWB_FB_46714D,"2011-04-04 23:00:00",5.1,3.9,324,1013.4,19,23.8,0.69,5.4,123,6.9,,,,,,
Vector_CWB_FB_46714D,"2011-04-05 00:00:00",5.9,4.6,321,1013.7,18.6,23.8,0.67,5.5,157,10.4,,,,,,
Vector_CWB_FB_46714D,"2011-04-05 01:00:00",5,3.9,327,1015.2,19.2,24.1,0.82,5,270,8,,,,,,
Vector_CWB_FB_46714D,"2011-04-05 02:00:00",6.3,4.3,317,1013.8,18.5,23.8,0.84,4.9,247,5.4,,,,,,
Vector_CWB_FB_46714D,"2011-04-05 03:00:00",7.4,5.8,324,1013.1,18.3,23.6,0.61,4.8,191,10.4,,,,,,
Vector_CWB_FB_46714D,"2011-04-05 04:00:00",6,4.1,337,1012.5,18,23.6,0.63,5,270,8.7,,,,,,
Vector_CWB_FB_46714D,"2011-04-05 05:00:00",5.4,4.2,328,1013.6,18.4,23.6,0.65,5.1,270,6.9,,,,,,
Vector_CWB_FB_46714D,"2011-04-05 06:00:00",7.4,5.9,329,1015.6,18.7,23.7,0.7,4.9,202,8,,,,,,
Vector_CWB_FB_46714D,"2011-04-05 07:00:00",5.8,4.4,341,1015.9,18.8,23.8,0.72,5,281,6.5,,,,,,
Vector_CWB_FB_46714D,"2011-04-05 08:00:00",2.4,1.4,6,1016.4,19.3,23.9,0.61,4.7,292,5.8,,,,,,
Vector_CWB_FB_46714D,"2011-04-05 09:00:00",3.2,2,299,1015.8,19.5,23.7,0.55,4.5,270,6.5,,,,,,
Vector_CWB_FB_46714D,"2011-04-05 10:00:00",4.3,2.9,333,1015.8,18.8,23.7,0.58,4.6,247,7.4,,,,,,
Vector_CWB_FB_46714D,"2011-04-05 11:00:00",5,3.2,335,1016.4,19.5,23.8,0.63,5.2,236,6.5,,,,,,
Vector_CWB_FB_46714D,"2011-04-05 12:00:00",4.9,3.8,326,1015.4,19.3,23.8,0.59,5,247,6.5,,,,,,
Vector_CWB_FB_46714D,"2011-04-05 13:00:00",5.9,4.4,311,1014.4,19.7,23.7,0.67,4.7,270,6.1,,,,,,
Vector_CWB_FB_46714D,"2011-04-05 14:00:00",6.1,4.9,315,1015.1,20.1,24.1,0.85,4.7,270,7.4,,,,,,
Vector_CWB_FB_46714D,"2011-04-05 15:00:00",6.7,4.5,312,1014,20.1,24,0.8,4.8,281,10.4,,,,,,
Vector_CWB_FB_46714D,"2011-04-05 16:00:00",4.3,3,297,1013,19.8,23.8,0.71,4.8,281,6.9,,,,,,
Vector_CWB_FB_46714D,"2011-04-05 17:00:00",3.7,2.1,254,1014.4,20.2,24,0.79,4.9,270,6.9,,,,,,
Vector_CWB_FB_46714D,"2011-04-05 18:00:00",5,3.9,235,1014.3,20.4,24,0.75,4.5,315,9.5,,,,,,
Vector_CWB_FB_46714D,"2011-04-05 19:00:00",5,3.6,244,1014.3,20.4,23.8,0.72,4.5,303,4.5,,,,,,
Vector_CWB_FB_46714D,"2011-04-05 20:00:00",2.7,1.7,266,1014.8,20.8,23.8,0.88,4.3,303,5.8,,,,,,
Vector_CWB_FB_46714D,"2011-04-05 21:00:00",5.1,3.4,295,1013.3,20.3,23.5,0.86,4.3,168,8,,,,,,
Vector_CWB_FB_46714D,"2011-04-05 22:00:00",4.4,3.2,317,1015.3,20.7,23.8,0.71,4.4,315,7.4,,,,,,
Vector_CWB_FB_46714D,"2011-04-05 23:00:00",3.6,2.4,331,1013.5,20,23.5,0.65,4.9,146,8,,,,,,
Vector_CWB_FB_46714D,"2011-04-06 00:00:00",2.7,1.6,354,1013.5,20.2,23.6,0.55,5,135,8,,,,,,
Vector_CWB_FB_46714D,"2011-04-06 01:00:00",4,2.7,349,1015,20.7,23.9,0.66,5.2,168,8,,,,,,
Vector_CWB_FB_46714D,"2011-04-06 02:00:00",3.5,2.4,326,1014.8,20.6,23.9,0.71,4.8,180,8,,,,,,
Vector_CWB_FB_46714D,"2011-04-06 03:00:00",3.3,2.3,326,1014.6,20.6,23.8,0.68,4.9,270,6.9,,,,,,
Vector_CWB_FB_46714D,"2011-04-06 04:00:00",3.4,1.9,358,1014.6,20.4,23.8,0.7,5.3,191,8,,,,,,
Vector_CWB_FB_46714D,"2011-04-06 05:00:00",3,2,360,1015.1,20.4,23.7,0.76,5.2,258,8.7,,,,,,
Vector_CWB_FB_46714D,"2011-04-06 06:00:00",2.9,1.9,347,1015.4,20.5,23.7,0.71,4.8,281,8.7,,,,,,
Vector_CWB_FB_46714D,"2011-04-06 07:00:00",4.8,3.1,341,1016,20.5,23.7,0.63,4.6,146,8.7,,,,,,
Vector_CWB_FB_46714D,"2011-04-06 08:00:00",5.2,3.5,334,1016.6,20.5,23.6,0.65,4.6,258,6.9,,,,,,
Vector_CWB_FB_46714D,"2011-04-06 09:00:00",5.3,3.7,336,1017.1,20.7,23.5,0.6,4.7,180,6.9,,,,,,
Vector_CWB_FB_46714D,"2011-04-06 10:00:00",5.9,4,331,1016.6,20.6,23.5,0.59,4.8,292,6.5,,,,,,
Vector_CWB_FB_46714D,"2011-04-06 11:00:00",6.2,4.4,334,1016,20.5,23.5,0.56,4.7,112,10.4,,,,,,
Vector_CWB_FB_46714D,"2011-04-06 12:00:00",7.1,5.2,328,1016.4,21,23.5,0.53,4.5,168,6.5,,,,,,
Vector_CWB_FB_46714D,"2011-04-06 13:00:00",5.9,4.5,315,1015.3,21.1,23.5,0.48,4.8,135,9.5,,,,,,
Vector_CWB_FB_46714D,"2011-04-06 14:00:00",6.2,4.7,311,1013.9,20.9,23.5,0.6,5.2,146,10.4,,,,,,
Vector_CWB_FB_46714D,"2011-04-06 15:00:00",5.8,3.9,315,1013.4,21.1,23.6,0.72,4.7,270,5.8,,,,,,
Vector_CWB_FB_46714D,"2011-04-06 16:00:00",4.6,3.2,302,1013.2,21,23.7,0.68,4.9,258,5.8,,,,,,
Vector_CWB_FB_46714D,"2011-04-06 17:00:00",2.6,1.6,281,1013,21.3,23.7,0.71,5,225,10.4,,,,,,
Vector_CWB_FB_46714D,"2011-04-06 18:00:00",2.1,1.2,240,1012.8,21.2,23.6,0.71,4.7,236,8.7,,,,,,
Vector_CWB_FB_46714D,"2011-04-06 19:00:00",4.6,3.4,201,1013.2,21.4,23.8,0.72,5,135,8.7,,,,,,
Vector_CWB_FB_46714D,"2011-04-06 20:00:00",5.5,4.4,163,1012.5,21.3,23.7,0.69,4.7,292,6.5,,,,,,
Vector_CWB_FB_46714D,"2011-04-06 21:00:00",2.5,1.8,83,1012.7,21.5,23.7,0.71,4.5,337,7.4,,,,,,
Vector_CWB_FB_46714D,"2011-04-06 22:00:00",3.5,2.4,354,1013.5,21.4,23.7,0.68,4.8,146,6.5,,,,,,
Vector_CWB_FB_46714D,"2011-04-06 23:00:00",5.6,3.9,352,1013.6,20.9,23.7,0.62,4.9,123,8.7,,,,,,
Vector_CWB_FB_46714D,"2011-04-07 00:00:00",4.9,3.8,354,1013.4,20.9,23.7,0.64,5.4,135,8,,,,,,
Vector_CWB_FB_46714D,"2011-04-07 01:00:00",3.2,2.1,346,1013.5,20.7,23.9,0.8,5.9,157,6.5,,,,,,
Vector_CWB_FB_46714D,"2011-04-07 02:00:00",2.5,1.6,8,1013,20.6,23.7,0.74,5.8,157,6.5,,,,,,
Vector_CWB_FB_46714D,"2011-04-07 03:00:00",3.2,2,31,1013,20.7,23.7,0.64,5.4,180,6.1,,,,,,
Vector_CWB_FB_46714D,"2011-04-07 04:00:00",4.2,3.1,26,1013.3,20.1,23.7,0.67,5.6,180,9.5,,,,,,
Vector_CWB_FB_46714D,"2011-04-07 05:00:00",4.2,3.2,22,1013.5,20,23.6,0.59,5.3,180,7.4,,,,,,
Vector_CWB_FB_46714D,"2011-04-07 06:00:00",4.2,2.9,23,1013.4,20,23.6,0.6,5.5,168,7.4,,,,,,
Vector_CWB_FB_46714D,"2011-04-07 07:00:00",3.2,2.2,33,1014.3,20.4,23.6,0.53,5.2,168,6.5,,,,,,
Vector_CWB_FB_46714D,"2011-04-07 08:00:00",3.9,3.2,50,1014.8,20.8,23.6,0.45,4.9,157,8,,,,,,
Vector_CWB_FB_46714D,"2011-04-07 09:00:00",3.7,2.8,67,1015.1,21,23.7,0.49,5.3,135,8.7,,,,,,
Vector_CWB_FB_46714D,"2011-04-07 10:00:00",,,,1015.8,22.4,24,0.46,5.5,180,6.9,,,,,,
Vector_CWB_FB_46714D,"2011-04-07 11:00:00",1.6,1.1,199,1015.4,22.6,24.7,0.38,5.3,168,7.4,,,,,,
Vector_CWB_FB_46714D,"2011-04-07 12:00:00",2.5,1.7,253,1014.6,22.5,,0.34,5.4,146,6.9,,,,,,
Vector_CWB_FB_46714D,"2011-04-07 13:00:00",3.2,2.3,271,1014.1,22.6,24.7,0.41,5.7,168,8.7,,,,,,
Vector_CWB_FB_46714D,"2011-04-07 14:00:00",3.7,2.7,274,1012.6,22.9,24.8,0.53,5.8,146,6.5,,,,,,
Vector_CWB_FB_46714D,"2011-04-07 15:00:00",4.4,3.4,284,1012.5,22.8,24.2,0.5,5.2,191,8.7,,,,,,
Vector_CWB_FB_46714D,"2011-04-07 16:00:00",3.5,2.8,293,1011.9,22.7,24.4,0.58,5,180,5.8,,,,,,
Vector_CWB_FB_46714D,"2011-04-07 17:00:00",6,4.4,327,1012.1,22.4,24.2,0.61,5,180,8,,,,,,
Vector_CWB_FB_46714D,"2011-04-07 18:00:00",5.1,4.2,331,1012.1,21.9,24.1,0.62,5,180,7.4,,,,,,
Vector_CWB_FB_46714D,"2011-04-07 19:00:00",3.9,2.6,336,1012.2,21.9,23.9,0.58,4.9,168,9.5,,,,,,
Vector_CWB_FB_46714D,"2011-04-07 20:00:00",1.9,1.3,321,1012.4,21.8,23.7,0.5,4.6,180,7.4,,,,,,
Vector_CWB_FB_46714D,"2011-04-07 21:00:00",,,,1013.3,22,23.7,0.49,4.8,157,10.4,,,,,,
Vector_CWB_FB_46714D,"2011-04-07 22:00:00",,,,1013.4,21.8,23.5,0.43,4.9,191,8.7,,,,,,
Vector_CWB_FB_46714D,"2011-04-07 23:00:00",,,,1013.3,21.7,23.5,0.5,5.9,168,8.7,,,,,,
Vector_CWB_FB_46714D,"2011-04-08 00:00:00",5.7,4.9,346,1013.9,22,23.7,0.47,5.8,135,7.4,,,,,,
Vector_CWB_FB_46714D,"2011-04-08 01:00:00",,,,1013.9,22,23.8,0.46,5.9,135,6.5,,,,,,
Vector_CWB_FB_46714D,"2011-04-08 02:00:00",1.7,1.3,13,1013.6,21.9,23.8,0.52,6,135,8.7,,,,,,
Vector_CWB_FB_46714D,"2011-04-08 03:00:00",2.1,1.5,53,1013.2,21.4,23.7,0.69,5.8,180,6.5,,,,,,
Vector_CWB_FB_46714D,"2011-04-08 04:00:00",1.7,1.2,31,1013.5,21.3,23.6,0.5,5.1,168,5.4,,,,,,
Vector_CWB_FB_46714D,"2011-04-08 05:00:00",1.7,1.3,41,1013.9,21.1,23.5,0.52,5.3,168,8.7,,,,,,
Vector_CWB_FB_46714D,"2011-04-08 06:00:00",2.2,1.6,35,1014.2,20.9,23.5,0.47,5.1,180,5.2,,,,,,
Vector_CWB_FB_46714D,"2011-04-08 07:00:00",2.1,1.5,39,1014.8,21.4,23.3,0.46,5,168,8,,,,,,
Vector_CWB_FB_46714D,"2011-04-08 08:00:00",2.9,2.3,58,1015.7,22.1,23.3,0.4,4.9,157,7.4,,,,,,
Vector_CWB_FB_46714D,"2011-04-08 09:00:00",1.9,1.3,71,1015.9,22.2,23.5,0.35,4.6,146,7.4,,,,,,
Vector_CWB_FB_46714D,"2011-04-08 10:00:00",6.6,4,280,1016.4,22.5,23.9,0.45,5.2,168,6.5,,,,,,
Vector_CWB_FB_46714D,"2011-04-08 11:00:00",3.9,3.1,292,1016.4,22.9,24.4,0.39,5.3,157,6.5,,,,,,
Vector_CWB_FB_46714D,"2011-04-08 12:00:00",2.6,2.1,281,1015.5,23.4,24.3,0.38,5.3,135,6.5,,,,,,
Vector_CWB_FB_46714D,"2011-04-08 13:00:00",3.8,2.9,280,1014.6,24.3,24.5,0.52,5.7,123,6.5,,,,,,
Vector_CWB_FB_46714D,"2011-04-08 14:00:00",5.2,4.1,306,1014.2,23.6,24.4,0.58,5.4,157,5.8,,,,,,
Vector_CWB_FB_46714D,"2011-04-08 15:00:00",5.5,4.2,318,1013.5,23.2,24.4,0.56,4.8,146,8,,,,,,
Vector_CWB_FB_46714D,"2011-04-08 16:00:00",5.1,3.9,308,1013.1,23.3,24.2,0.72,4.8,180,5.8,,,,,,
Vector_CWB_FB_46714D,"2011-04-08 17:00:00",3.7,2.9,301,1013.4,22.8,24,0.82,5.1,157,9.5,,,,,,
Vector_CWB_FB_46714D,"2011-04-08 18:00:00",3.6,2.8,286,1013.8,22.7,23.9,0.8,5.1,146,8.7,,,,,,
Vector_CWB_FB_46714D,"2011-04-08 19:00:00",2.4,1.8,278,1013.5,22.7,23.8,0.62,4.6,157,6.9,,,,,,
Vector_CWB_FB_46714D,"2011-04-08 20:00:00",3.2,2.4,294,1014.6,22.8,23.7,0.6,4.6,146,8.7,,,,,,
Vector_CWB_FB_46714D,"2011-04-08 21:00:00",4.5,3.5,306,1014.3,22.5,23.4,0.57,5,135,10.4,,,,,,
Vector_CWB_FB_46714D,"2011-04-08 22:00:00",3.1,2.3,312,1014.9,22.3,23.5,0.5,5,123,9.5,,,,,,
Vector_CWB_FB_46714D,"2011-04-08 23:00:00",1.8,1.1,239,1015,22.6,23.5,0.44,5,146,8,,,,,,
Vector_CWB_FB_46714D,"2011-04-09 00:00:00",2.6,1.9,315,1015,22.5,23.9,0.48,5.3,135,9.5,,,,,,
Vector_CWB_FB_46714D,"2011-04-09 01:00:00",3.6,2.7,323,1014.6,22.3,23.8,0.4,4.9,135,7.4,,,,,,
Vector_CWB_FB_46714D,"2011-04-09 02:00:00",3.5,2.7,332,1014.1,22,23.8,0.5,5.1,168,8,,,,,,
Vector_CWB_FB_46714D,"2011-04-09 03:00:00",4.1,2.9,343,1014.2,21.8,23.6,0.57,4.9,135,5.8,,,,,,
Vector_CWB_FB_46714D,"2011-04-09 04:00:00",3.5,2.6,351,1014.8,21.7,23.5,0.54,5,157,7.4,,,,,,
Vector_CWB_FB_46714D,"2011-04-09 05:00:00",,,,1015.4,21.9,23.6,0.61,5.1,157,5.8,,,,,,
Vector_CWB_FB_46714D,"2011-04-09 06:00:00",,,,1015.9,21.8,23.4,0.55,4.7,180,6.5,,,,,,
Vector_CWB_FB_46714D,"2011-04-09 07:00:00",1.9,1.4,320,1016.2,21.7,23.5,0.59,5,168,8,,,,,,
Vector_CWB_FB_46714D,"2011-04-09 08:00:00",1.9,1.2,329,1017.2,22.1,23.6,0.6,4.7,191,6.5,,,,,,
Vector_CWB_FB_46714D,"2011-04-09 09:00:00",3.5,1.8,309,1017.6,22.5,23.8,0.63,5,168,6.9,,,,,,
Vector_CWB_FB_46714D,"2011-04-09 10:00:00",1.9,1.1,290,1017.4,22.8,24.1,0.65,5.1,180,8,,,,,,
Vector_CWB_FB_46714D,"2011-04-09 11:00:00",2.8,2,268,1017.2,22.8,24.5,0.68,5.3,146,8.7,,,,,,
Vector_CWB_FB_46714D,"2011-04-09 12:00:00",3.2,2.5,277,1016.7,22.9,24.2,0.64,5.4,168,6.5,,,,,,
Vector_CWB_FB_46714D,"2011-04-09 13:00:00",3.8,3,289,1015.8,23,24.5,0.53,5.1,146,5.8,,,,,,
Vector_CWB_FB_46714D,"2011-04-09 14:00:00",3.4,2.6,285,1015.2,23.1,24.5,0.5,5.2,146,6.1,,,,,,
Vector_CWB_FB_46714D,"2011-04-09 15:00:00",4.2,3.2,293,1014.6,23.1,24.1,0.61,5.2,135,7.4,,,,,,
Vector_CWB_FB_46714D,"2011-04-09 16:00:00",4.4,3.6,299,1014.4,22.9,24.2,0.58,4.7,112,5.8,,,,,,
Vector_CWB_FB_46714D,"2011-04-09 17:00:00",5.3,4.1,310,1014.1,22.6,24.1,0.62,4.8,135,9.5,,,,,,
Vector_CWB_FB_46714D,"2011-04-09 18:00:00",4.6,3.5,326,1014.6,22.4,23.9,0.62,4.7,168,5.2,,,,,,
Vector_CWB_FB_46714D,"2011-04-09 19:00:00",4.1,3,324,1014.9,22.3,23.9,0.63,4.7,191,5.4,,,,,,
Vector_CWB_FB_46714D,"2011-04-09 20:00:00",2.9,2.2,297,1015.2,22.3,23.8,0.55,4.4,168,4.9,,,,,,
Vector_CWB_FB_46714D,"2011-04-09 21:00:00",2.2,1.7,316,1015.6,22.3,23.7,0.53,4.4,146,4.7,,,,,,
Vector_CWB_FB_46714D,"2011-04-09 22:00:00",1.9,1.3,312,1015.9,22.6,23.9,0.54,4.5,157,6.1,,,,,,
Vector_CWB_FB_46714D,"2011-04-09 23:00:00",2,1.4,316,1015.5,22.2,23.9,0.5,4.5,135,6.1,,,,,,
Vector_CWB_FB_46714D,"2011-04-10 00:00:00",2.3,1.7,304,1015.6,22.4,24,0.44,4.7,135,6.1,,,,,,
Vector_CWB_FB_46714D,"2011-04-10 01:00:00",2.5,1.8,312,1015,22.2,23.9,0.51,5.3,146,6.9,,,,,,
Vector_CWB_FB_46714D,"2011-04-10 02:00:00",3.3,2.3,330,1015.1,22.2,23.9,0.6,5.3,146,6.1,,,,,,
Vector_CWB_FB_46714D,"2011-04-10 03:00:00",2.2,1.6,314,1014.5,22.1,23.8,0.6,5.1,180,6.1,,,,,,
Vector_CWB_FB_46714D,"2011-04-10 04:00:00",3,2.2,320,1014.9,22.1,23.4,0.54,5,191,6.1,,,,,,
Vector_CWB_FB_46714D,"2011-04-10 05:00:00",2.8,1.9,318,1015.3,21.9,23.5,0.49,4.8,157,4.9,,,,,,
Vector_CWB_FB_46714D,"2011-04-10 06:00:00",3.2,2.3,335,1015.3,21.9,23.6,0.52,4.6,191,6.1,,,,,,
Vector_CWB_FB_46714D,"2011-04-10 07:00:00",4.8,3.5,346,1015.9,21.7,23.7,0.5,4.6,157,4.3,,,,,,
Vector_CWB_FB_46714D,"2011-04-10 08:00:00",4.2,3,341,1016.6,22.1,23.7,0.42,4.3,225,8,,,,,,
Vector_CWB_FB_46714D,"2011-04-10 09:00:00",4.4,3.2,342,1016.8,22,23.7,0.43,4.6,180,8.7,,,,,,
Vector_CWB_FB_46714D,"2011-04-10 10:00:00",4.7,3.5,339,1016.3,22.3,23.7,0.4,4.1,247,6.1,,,,,,
Vector_CWB_FB_46714D,"2011-04-10 11:00:00",5,3,335,1016.4,22.8,23.8,0.39,4.8,270,5.8,,,,,,
Vector_CWB_FB_46714D,"2011-04-10 12:00:00",5.1,4,311,1015.7,22.8,24,0.37,4.6,157,7.4,,,,,,
Vector_CWB_FB_46714D,"2011-04-10 13:00:00",4.7,4,305,1014.5,22.8,24,0.37,4.7,146,7.4,,,,,,
Vector_CWB_FB_46714D,"2011-04-10 14:00:00",5,4.2,309,1013.8,23,24.1,0.37,4.7,157,7.4,,,,,,
Vector_CWB_FB_46714D,"2011-04-10 15:00:00",4.9,4,306,1012.9,23.2,24.2,0.46,5.2,146,8,,,,,,
Vector_CWB_FB_46714D,"2011-04-10 16:00:00",3.9,2.9,301,1012,23.2,24.1,0.57,5.3,135,6.5,,,,,,
Vector_CWB_FB_46714D,"2011-04-10 17:00:00",2.1,1.6,278,1011.7,23,24.1,0.45,4.5,157,5.2,,,,,,
Vector_CWB_FB_46714D,"2011-04-10 18:00:00",1.7,1.1,305,1011.8,22.5,23.9,0.43,4.1,135,8.7,,,,,,
Vector_CWB_FB_46714D,"2011-04-10 19:00:00",,,,1011.7,22.3,23.8,0.42,4.1,146,4.7,,,,,,
Vector_CWB_FB_46714D,"2011-04-10 20:00:00",,,,1013,22.6,23.9,0.45,4.3,326,5.8,,,,,,
Vector_CWB_FB_46714D,"2011-04-10 21:00:00",,,,1013,22.3,23.8,0.36,4.1,157,6.5,,,,,,
Vector_CWB_FB_46714D,"2011-04-10 22:00:00",,,,1012.8,22,23.5,0.38,4.3,146,6.5,,,,,,
Vector_CWB_FB_46714D,"2011-04-10 23:00:00",,,,1012.6,22,23.5,0.37,4.2,168,6.9,,,,,,
Vector_CWB_FB_46714D,"2011-04-11 00:00:00",,,,1012.6,21.8,23.7,0.39,4.7,146,8,,,,,,
Vector_CWB_FB_46714D,"2011-04-11 01:00:00",,,,1012.5,22,23.8,0.39,4.8,135,8,,,,,,
Vector_CWB_FB_46714D,"2011-04-11 02:00:00",,,,1012.2,22,23.9,0.41,5,146,6.5,,,,,,
Vector_CWB_FB_46714D,"2011-04-11 03:00:00",,,,1012.2,22,23.8,0.33,4.6,146,6.5,,,,,,
Vector_CWB_FB_46714D,"2011-04-11 04:00:00",2.3,1.9,175,1011.9,22.1,23.7,0.36,4.9,135,5.2,,,,,,
Vector_CWB_FB_46714D,"2011-04-11 05:00:00",2.1,1.6,138,1012,22.1,23.6,0.41,4.9,180,6.5,,,,,,
Vector_CWB_FB_46714D,"2011-04-11 06:00:00",1.6,1.1,141,1012.7,22.4,23.7,0.36,4.6,202,4.7,,,,,,
Vector_CWB_FB_46714D,"2011-04-11 07:00:00",,,,1013.2,22.3,23.7,0.35,4.4,157,9.5,,,,,,
Vector_CWB_FB_46714D,"2011-04-11 08:00:00",,,,1014,23.2,23.8,0.32,4.2,258,4.5,,,,,,
Vector_CWB_FB_46714D,"2011-04-11 09:00:00",2.4,1.3,328,1014.2,22.9,23.9,0.29,3.9,22,3.4,,,,,,
Vector_CWB_FB_46714D,"2011-04-11 10:00:00",2.8,1.9,283,1014.4,23.3,24,0.3,4.2,180,7.4,,,,,,
Vector_CWB_FB_46714D,"2011-04-11 11:00:00",3.3,2.4,293,1014.1,23,24.2,0.25,4.2,180,4.7,,,,,,
Vector_CWB_FB_46714D,"2011-04-11 12:00:00",5.3,4.4,306,1013.4,22.9,24.2,0.25,4.2,45,4.9,,,,,,
Vector_CWB_FB_46714D,"2011-04-11 13:00:00",6.6,5.6,310,1012.5,22.9,24,0.23,4.3,101,6.9,,,,,,
Vector_CWB_FB_46714D,"2011-04-11 14:00:00",7.1,5.6,308,1011.1,22.9,23.8,0.27,3.5,101,2.6,,,,,,
Vector_CWB_FB_46714D,"2011-04-11 15:00:00",7.4,5.7,314,1010.5,22.9,23.7,0.33,3.5,292,2.8,,,,,,
Vector_CWB_FB_46714D,"2011-04-11 16:00:00",7,5.5,316,1010.5,22.9,23.9,0.36,3.2,292,2.6,,,,,,
Vector_CWB_FB_46714D,"2011-04-11 17:00:00",6.9,5.1,321,1010.1,22.8,24.1,0.38,3.5,292,3.1,,,,,,
Vector_CWB_FB_46714D,"2011-04-11 18:00:00",5.3,4.1,320,1010.6,22.8,23.8,0.39,3.6,112,3.6,,,,,,
Vector_CWB_FB_46714D,"2011-04-11 19:00:00",4.3,3.3,305,1010.8,22.6,23.7,0.45,3.6,292,3.8,,,,,,
Vector_CWB_FB_46714D,"2011-04-11 20:00:00",4.6,3.6,294,1011.8,22.9,23.7,0.49,3.8,281,4.5,,,,,,
Vector_CWB_FB_46714D,"2011-04-11 21:00:00",4.7,3.6,218,1012,23,23.7,0.52,4,247,5.2,,,,,,
Vector_CWB_FB_46714D,"2011-04-11 22:00:00",2.7,1.8,251,1012.2,23,23.9,0.54,3.8,292,4.9,,,,,,
Vector_CWB_FB_46714D,"2011-04-11 23:00:00",3.6,2.6,274,1012.2,23.1,23.8,0.5,3.9,292,4.7,,,,,,
Vector_CWB_FB_46714D,"2011-04-12 00:00:00",4.5,3.6,317,1012,22.6,23.7,0.54,4.1,123,4.1,,,,,,
Vector_CWB_FB_46714D,"2011-04-12 01:00:00",4.7,3.1,329,1012,22.5,23.8,0.59,4.8,112,5.8,,,,,,
Vector_CWB_FB_46714D,"2011-04-12 02:00:00",3.4,2.3,325,1011.4,22.4,23.7,0.61,4.6,270,5.4,,,,,,
Vector_CWB_FB_46714D,"2011-04-12 03:00:00",4.1,3.2,321,1011.1,22.1,23.7,0.53,4.4,270,7.4,,,,,,
Vector_CWB_FB_46714D,"2011-04-12 04:00:00",4.1,3.2,321,1011.2,21.7,23.7,0.57,4.8,270,8.7,,,,,,
Vector_CWB_FB_46714D,"2011-04-12 05:00:00",3,2,311,1012,21.7,23.6,0.56,4.6,281,5.4,,,,,,
Vector_CWB_FB_46714D,"2011-04-12 06:00:00",2.5,1.7,318,1012.6,21.6,23.7,0.51,4.3,281,5.8,,,,,,
Vector_CWB_FB_46714D,"2011-04-12 07:00:00",2.6,1.9,304,1013.6,21.7,23.7,0.52,4.7,157,7.4,,,,,,
Vector_CWB_FB_46714D,"2011-04-12 08:00:00",2.4,1.7,291,1014.3,22,23.7,0.43,4.4,236,3.7,,,,,,
Vector_CWB_FB_46714D,"2011-04-12 09:00:00",3.2,2.6,282,1014.9,22.1,23.7,0.43,4.2,191,5.2,,,,,,
Vector_CWB_FB_46714D,"2011-04-12 10:00:00",3.8,2.9,303,1015,21.9,23.8,0.45,4.3,281,3.7,,,,,,
Vector_CWB_FB_46714D,"2011-04-12 11:00:00",4.5,3.5,305,1014.9,21.8,23.8,0.43,4.1,281,3.8,,,,,,
Vector_CWB_FB_46714D,"2011-04-12 12:00:00",4.5,3.3,305,1014.8,22,23.9,0.43,4.1,281,4.7,,,,,,
Vector_CWB_FB_46714D,"2011-04-12 13:00:00",4.6,3.5,307,1013.9,22.1,24,0.49,4.3,270,4.9,,,,,,
Vector_CWB_FB_46714D,"2011-04-12 14:00:00",4.6,3.3,305,1012.8,22.2,24,0.42,4.1,292,5.4,,,,,,
Vector_CWB_FB_46714D,"2011-04-12 15:00:00",5,3.5,307,1012.2,22.2,23.8,0.47,4.2,270,4.1,,,,,,
Vector_CWB_FB_46714D,"2011-04-12 16:00:00",5.1,4,327,1012.2,22.1,23.9,0.47,4.1,281,6.5,,,,,,
Vector_CWB_FB_46714D,"2011-04-12 17:00:00",3.4,2.2,319,1012.2,22.2,23.7,0.49,4.2,168,8.7,,,,,,
Vector_CWB_FB_46714D,"2011-04-12 18:00:00",,,,1012.5,22.2,23.8,0.55,4.4,112,5.8,,,,,,
Vector_CWB_FB_46714D,"2011-04-12 19:00:00",4.2,3,148,1013.4,22.1,23.8,0.61,4.4,292,5.8,,,,,,
Vector_CWB_FB_46714D,"2011-04-12 20:00:00",6.4,4.5,129,1013.7,22.1,23.7,0.68,4.2,292,5.2,,,,,,
Vector_CWB_FB_46714D,"2011-04-12 21:00:00",3.8,2.8,124,1014.2,22.1,23.5,0.67,4,247,4.1,,,,,,
Vector_CWB_FB_46714D,"2011-04-12 22:00:00",5.1,4.1,124,1014.5,22.1,23.4,0.66,4,213,7.4,,,,,,
Vector_CWB_FB_46714D,"2011-04-12 23:00:00",4.6,3.1,115,1014.2,22.1,23.4,0.68,4,270,4.7,,,,,,
Vector_CWB_FB_46714D,"2011-04-13 00:00:00",2.3,1.5,71,1013.9,22.3,23.5,0.68,4.2,270,6.5,,,,,,
Vector_CWB_FB_46714D,"2011-04-13 01:00:00",,,,1013.5,22.2,23.5,0.63,4.2,112,4.1,,,,,,
Vector_CWB_FB_46714D,"2011-04-13 02:00:00",,,,1013,22.2,23.5,0.61,4.2,157,4.9,,,,,,
Vector_CWB_FB_46714D,"2011-04-13 03:00:00",2.5,1.7,341,1012.4,21.8,23.5,0.57,4.3,258,5.4,,,,,,
Vector_CWB_FB_46714D,"2011-04-13 04:00:00",3.2,2.4,3,1012.6,21.6,23.5,0.49,4.5,202,7.4,,,,,,
Vector_CWB_FB_46714D,"2011-04-13 05:00:00",2.1,1.1,350,1012.8,21.6,23.5,0.5,4.8,258,6.1,,,,,,
Vector_CWB_FB_46714D,"2011-04-13 06:00:00",3.6,2.5,349,1013,21.6,23.4,0.43,4.5,202,6.9,,,,,,
Vector_CWB_FB_46714D,"2011-04-13 07:00:00",2.5,1.3,3,1013.8,22,23.5,0.42,4.5,202,6.9,,,,,,
Vector_CWB_FB_46714D,"2011-04-13 08:00:00",2.4,1.9,53,1014.5,22,23.6,0.42,4.5,213,4.9,,,,,,
Vector_CWB_FB_46714D,"2011-04-13 09:00:00",,,,1015.1,22.4,23.7,0.42,4.2,101,4.3,,,,,,
Vector_CWB_FB_46714D,"2011-04-13 10:00:00",1.7,1.1,85,1014.7,22.6,23.9,0.4,4.2,281,5.2,,,,,,
Vector_CWB_FB_46714D,"2011-04-13 11:00:00",,,,1014.3,24.1,,0.38,3.9,112,3.7,,,,,,
Vector_CWB_FB_46714D,"2011-04-13 12:00:00",2.4,1.6,235,1014.2,24.1,,0.39,4.1,315,5.4,,,,,,
Vector_CWB_FB_46714D,"2011-04-13 13:00:00",3.1,2.5,255,1013,23.4,24.6,0.37,4.2,270,6.5,,,,,,
Vector_CWB_FB_46714D,"2011-04-13 14:00:00",4,3.2,286,1012.2,23.6,24.3,0.4,4.3,292,5.8,,,,,,
Vector_CWB_FB_46714D,"2011-04-13 15:00:00",3.9,3,301,1012,23.3,24.1,0.34,4.2,292,6.5,,,,,,
Vector_CWB_FB_46714D,"2011-04-13 16:00:00",3.5,2.6,298,1011.5,22.9,24,0.34,4.4,303,5.8,,,,,,
Vector_CWB_FB_46714D,"2011-04-13 17:00:00",3.6,2.7,305,1013,23.2,24.1,0.35,4.2,157,7.4,,,,,,
Vector_CWB_FB_46714D,"2011-04-13 18:00:00",2.8,2.1,311,1011.8,22.6,24.4,0.38,4.9,180,8,,,,,,
Vector_CWB_FB_46714D,"2011-04-13 19:00:00",,,,1012.4,22.6,24.3,0.39,5,157,6.1,,,,,,
Vector_CWB_FB_46714D,"2011-04-13 20:00:00",,,,1014.7,23.1,24.5,0.4,4.7,191,6.5,,,,,,
Vector_CWB_FB_46714D,"2011-04-13 21:00:00",6.2,5.1,151,1012.8,22.7,23.8,0.42,4.5,236,4.9,,,,,,
Vector_CWB_FB_46714D,"2011-04-13 22:00:00",5.2,4.3,148,1013.1,22.8,24.1,0.43,4,213,5.8,,,,,,
Vector_CWB_FB_46714D,"2011-04-13 23:00:00",5.1,4.3,134,1012.2,22.8,23.9,0.44,4.2,213,6.5,,,,,,
Vector_CWB_FB_46714D,"2011-04-14 00:00:00",7.4,5.9,143,1011.2,22.8,23.7,0.52,4.1,191,4.3,,,,,,
Vector_CWB_FB_46714D,"2011-04-14 01:00:00",7.9,6.6,140,1010.5,22.5,23.6,0.53,4.2,168,6.9,,,,,,
Vector_CWB_FB_46714D,"2011-04-14 02:00:00",7.9,6.3,131,1009.7,22.6,23.5,0.53,4.1,168,4.7,,,,,,
Vector_CWB_FB_46714D,"2011-04-14 03:00:00",6,4.9,127,1009.4,22.5,23.6,0.46,3.8,146,3.7,,,,,,
Vector_CWB_FB_46714D,"2011-04-14 04:00:00",5.4,4.4,141,1009.9,22.6,23.8,0.49,4.1,157,4.7,,,,,,
Vector_CWB_FB_46714D,"2011-04-14 05:00:00",3.1,2.2,55,1010.9,23,23.8,0.56,4.7,168,6.5,,,,,,
Vector_CWB_FB_46714D,"2011-04-14 06:00:00",3,1.8,41,1011.5,22.5,23.9,0.54,4.7,180,4.9,,,,,,
Vector_CWB_FB_46714D,"2011-04-14 07:00:00",3,2.3,75,1012,22.7,23.9,0.53,4.7,157,5.8,,,,,,
Vector_CWB_FB_46714D,"2011-04-14 08:00:00",2.8,2.1,69,1012.4,22.8,23.9,0.54,5.1,157,5.8,,,,,,
Vector_CWB_FB_46714D,"2011-04-14 09:00:00",2.4,1.9,76,1012.5,23.1,24.1,0.5,4.9,168,6.1,,,,,,
Vector_CWB_FB_46714D,"2011-04-14 10:00:00",,,,1012.3,24.7,24.6,0.56,4.9,180,5.8,,,,,,
Vector_CWB_FB_46714D,"2011-04-14 11:00:00",3,2.1,269,1011.9,23.8,24.4,0.47,4.7,202,5.4,,,,,,
Vector_CWB_FB_46714D,"2011-04-14 12:00:00",2.9,2.3,233,1010.9,23.7,24.3,0.45,4.3,191,6.1,,,,,,
Vector_CWB_FB_46714D,"2011-04-14 13:00:00",3,2.2,235,1010,24,24.7,0.37,4.4,180,4.9,,,,,,
Vector_CWB_FB_46714D,"2011-04-14 14:00:00",2.9,2.3,204,1009,24.3,25.2,0.42,4.5,337,6.5,,,,,,
Vector_CWB_FB_46714D,"2011-04-14 15:00:00",3.1,2.3,192,1008.3,24.1,25,0.37,4.2,123,4.9,,,,,,
Vector_CWB_FB_46714D,"2011-04-14 16:00:00",2.7,1.8,190,1007.8,24.3,25.2,0.36,4.2,135,6.5,,,,,,
Vector_CWB_FB_46714D,"2011-04-14 17:00:00",3.5,2.7,159,1007.8,24.2,25,0.32,4,180,8,,,,,,
Vector_CWB_FB_46714D,"2011-04-14 18:00:00",3.9,3.1,153,1008.1,23.8,25,0.38,4.7,112,8.7,,,,,,
Vector_CWB_FB_46714D,"2011-04-14 19:00:00",5.9,4.6,149,1008.4,23.8,24.5,0.41,4.6,123,6.5,,,,,,
Vector_CWB_FB_46714D,"2011-04-14 20:00:00",6.6,5.2,154,1008.4,23.7,24.6,0.5,4,146,3.8,,,,,,
Vector_CWB_FB_46714D,"2011-04-14 21:00:00",7.4,6.1,150,1009,23.6,24.3,0.52,4.2,168,4,,,,,,
Vector_CWB_FB_46714D,"2011-04-14 22:00:00",8,6.6,154,1009,23.3,24.1,0.68,4.3,180,6.1,,,,,,
Vector_CWB_FB_46714D,"2011-04-14 23:00:00",8.6,7,148,1008.6,23.3,24.2,0.77,4.5,202,6.1,,,,,,
Vector_CWB_FB_46714D,"2011-04-15 00:00:00",9.4,7.5,148,1008.2,23.2,24.4,0.83,4.3,236,4.9,,,,,,
Vector_CWB_FB_46714D,"2011-04-15 01:00:00",9.7,7.4,155,1008,23.4,24.4,0.81,4.1,191,4.7,,,,,,
Vector_CWB_FB_46714D,"2011-04-15 02:00:00",8.2,6.8,145,1007.2,23.1,24.3,0.65,4.2,180,5.4,,,,,,
Vector_CWB_FB_46714D,"2011-04-15 03:00:00",7.3,5.9,152,1006.8,23.3,24.1,0.68,4.2,213,5.2,,,,,,
Vector_CWB_FB_46714D,"2011-04-15 04:00:00",6.7,5.7,143,1006.6,23.1,24.5,0.66,4.1,157,4.5,,,,,,
Vector_CWB_FB_46714D,"2011-04-15 05:00:00",6,5,143,1006.7,23.2,24.5,0.67,4.4,180,5.8,,,,,,
Vector_CWB_FB_46714D,"2011-04-15 06:00:00",4.1,3.3,127,1007.2,23.1,24.3,0.62,4.7,157,6.1,,,,,,
Vector_CWB_FB_46714D,"2011-04-15 07:00:00",6,4.8,132,1007.8,23.3,24.7,0.73,4.8,135,6.5,,,,,,
Vector_CWB_FB_46714D,"2011-04-15 08:00:00",3.7,2.9,116,1008.5,23.6,24.6,0.72,5.1,146,6.1,,,,,,
Vector_CWB_FB_46714D,"2011-04-15 09:00:00",4.6,3.3,145,1009.1,23.9,24.7,0.66,4.9,146,5.4,,,,,,
Vector_CWB_FB_46714D,"2011-04-15 10:00:00",3.2,2.5,141,1009.2,24.3,24.6,0.6,5.1,191,6.1,,,,,,
Vector_CWB_FB_46714D,"2011-04-15 11:00:00",3.7,2.8,160,1009.1,24.6,24.8,0.64,4.8,168,5.8,,,,,,
Vector_CWB_FB_46714D,"2011-04-15 12:00:00",4,3.2,172,1008.3,24.5,24.9,0.62,4.6,168,5.8,,,,,,
Vector_CWB_FB_46714D,"2011-04-15 13:00:00",4.8,4,186,1006.9,24.3,25.1,0.53,4.3,213,4.7,,,,,,
Vector_CWB_FB_46714D,"2011-04-15 14:00:00",4.2,3.4,192,1006.1,24.5,25.2,0.48,4.1,202,5.2,,,,,,
Vector_CWB_FB_46714D,"2011-04-15 15:00:00",3.5,2.8,180,1005.4,24.7,24.9,0.44,4.1,213,4.9,,,,,,
Vector_CWB_FB_46714D,"2011-04-15 16:00:00",3,2.3,173,1004.9,24.6,24.7,0.42,4.4,135,6.5,,,,,,
Vector_CWB_FB_46714D,"2011-04-15 17:00:00",3.1,2.4,167,1004.8,24.5,25.3,0.32,4.1,123,5.2,,,,,,
Vector_CWB_FB_46714D,"2011-04-15 18:00:00",3.1,2.4,157,1005.2,24.4,25.5,0.41,4.3,135,8,,,,,,
Vector_CWB_FB_46714D,"2011-04-15 19:00:00",3,2.3,153,1005.5,24.3,25.8,0.42,4.2,168,5.2,,,,,,
Vector_CWB_FB_46714D,"2011-04-15 20:00:00",4.2,3.2,146,1006.4,24.3,25.6,0.53,4.8,146,6.5,,,,,,
Vector_CWB_FB_46714D,"2011-04-15 21:00:00",4.5,3.5,145,1007.1,24.4,25.5,0.48,5,146,6.9,,,,,,
Vector_CWB_FB_46714D,"2011-04-15 22:00:00",3.9,3.2,174,1007.3,24.3,24.2,0.49,4.8,191,6.1,,,,,,
Vector_CWB_FB_46714D,"2011-04-15 23:00:00",4.4,3.2,162,1007.4,24.3,25.2,0.55,4.8,191,6.5,,,,,,
Vector_CWB_FB_46714D,"2011-04-16 00:00:00",4,2.9,165,1006.9,24.2,25,0.61,4.7,191,5.8,,,,,,
Vector_CWB_FB_46714D,"2011-04-16 01:00:00",3.8,3.1,156,1006.3,24.2,24.5,0.55,4.2,180,6.1,,,,,,
Vector_CWB_FB_46714D,"2011-04-16 02:00:00",3.2,2.5,170,1006,24,24.7,0.53,4.3,180,5.2,,,,,,
Vector_CWB_FB_46714D,"2011-04-16 03:00:00",3,2.3,169,1006,24.1,24.8,0.5,4.3,168,5.2,,,,,,
Vector_CWB_FB_46714D,"2011-04-16 04:00:00",2.8,2.1,186,1005.6,23.9,24.9,0.36,4.1,146,5.8,,,,,,
Vector_CWB_FB_46714D,"2011-04-16 05:00:00",2.4,1.6,188,1006.3,23.9,25,0.34,4.2,146,6.1,,,,,,
Vector_CWB_FB_46714D,"2011-04-16 06:00:00",,,,1006.8,23.9,25.2,0.36,4,191,4.1,,,,,,
Vector_CWB_FB_46714D,"2011-04-16 07:00:00",,,,1007,24.1,25.3,0.36,3.9,157,4.1,,,,,,
Vector_CWB_FB_46714D,"2011-04-16 08:00:00",,,,1008.1,25.2,25.5,0.33,4.1,123,6.5,,,,,,
Vector_CWB_FB_46714D,"2011-04-16 09:00:00",1.6,1.1,97,1008.4,24.5,25.3,0.33,5,123,7.4,,,,,,
Vector_CWB_FB_46714D,"2011-04-16 10:00:00",1.6,1.2,106,1009.2,24.8,24.8,0.35,5,135,6.9,,,,,,
Vector_CWB_FB_46714D,"2011-04-16 11:00:00",,,,1008.3,25.1,25.6,0.3,5.2,180,7.4,,,,,,
Vector_CWB_FB_46714D,"2011-04-16 12:00:00",3.2,2.3,297,1008.1,25.2,25.8,0.34,5,191,5.8,,,,,,
Vector_CWB_FB_46714D,"2011-04-16 13:00:00",4.5,3.4,305,1007.2,24.8,25.2,0.27,4.5,191,5.2,,,,,,
Vector_CWB_FB_46714D,"2011-04-16 14:00:00",5.1,4.2,309,1006.7,24.9,25.2,0.25,4.1,236,6.9,,,,,,
Vector_CWB_FB_46714D,"2011-04-16 15:00:00",9.3,7.4,326,1005.6,24.1,24.9,0.32,3.6,281,2.9,,,,,,
Vector_CWB_FB_46714D,"2011-04-16 16:00:00",8.7,6.2,316,1004.7,24.3,24.7,0.35,3.2,292,2.9,,,,,,
Vector_CWB_FB_46714D,"2011-04-16 17:00:00",8.2,6.3,317,1004.8,24.4,25,0.37,3.3,292,3,,,,,,
Vector_CWB_FB_46714D,"2011-04-16 18:00:00",8.3,6.9,309,1004.6,23.8,24.9,0.42,3.1,292,2.9,,,,,,
Vector_CWB_FB_46714D,"2011-04-16 19:00:00",7.6,6.2,310,1005.3,23.6,25.1,0.31,3.3,281,3.2,,,,,,
Vector_CWB_FB_46714D,"2011-04-16 20:00:00",6.8,5.6,308,1005.8,23.7,25.1,0.46,3.1,270,3.1,,,,,,
Vector_CWB_FB_46714D,"2011-04-16 21:00:00",5.5,4.2,312,1006.3,23.7,24.7,0.38,3.2,247,2.9,,,,,,
Vector_CWB_FB_46714D,"2011-04-16 22:00:00",4,3.1,317,1007.1,23.9,25.2,0.28,3.6,236,3.4,,,,,,
Vector_CWB_FB_46714D,"2011-04-16 23:00:00",3.4,2.5,322,1007.1,23.9,24.9,0.33,3.4,78,3.3,,,,,,
Vector_CWB_FB_46714D,"2011-04-17 00:00:00",3.2,2,334,1006.6,23.7,24.2,0.32,4.2,191,8.7,,,,,,
Vector_CWB_FB_46714D,"2011-04-17 01:00:00",4,3,8,1006.7,23.5,24.7,0.32,4,247,4,,,,,,
Vector_CWB_FB_46714D,"2011-04-17 02:00:00",3.4,2.6,28,1005.9,22.9,24.4,0.39,3.9,258,4.1,,,,,,
Vector_CWB_FB_46714D,"2011-04-17 03:00:00",4.8,4,25,1005.2,22.9,24.3,0.39,3.8,247,4,,,,,,
Vector_CWB_FB_46714D,"2011-04-17 04:00:00",3.8,3.1,19,1005.2,23,24.5,0.37,3.7,90,3.8,,,,,,
Vector_CWB_FB_46714D,"2011-04-17 05:00:00",4.8,3.8,14,1005.1,23.2,24.6,0.34,3.5,67,3.7,,,,,,
Vector_CWB_FB_46714D,"2011-04-17 06:00:00",3.9,2.9,354,1005.9,23.4,25.1,0.33,3.7,225,3.8,,,,,,
Vector_CWB_FB_46714D,"2011-04-17 07:00:00",,,,1006.3,23.7,25.3,0.34,3.7,135,4.1,,,,,,
Vector_CWB_FB_46714D,"2011-04-17 08:00:00",,,,1006.7,24.3,25.1,0.39,3.6,67,3.7,,,,,,
Vector_CWB_FB_46714D,"2011-04-17 09:00:00",1.9,1.5,274,1007.3,24.6,25.1,0.31,3.7,90,3.7,,,,,,
Vector_CWB_FB_46714D,"2011-04-17 10:00:00",1.8,1.3,271,1007,25.7,25.1,0.3,4.1,112,3.7,,,,,,
Vector_CWB_FB_46714D,"2011-04-17 11:00:00",,,,1006.6,26,25.3,0.29,4.2,90,7.4,,,,,,
Vector_CWB_FB_46714D,"2011-04-17 12:00:00",,,,1005.9,25.1,24.6,0.31,4.4,247,8,,,,,,
Vector_CWB_FB_46714D,"2011-04-17 13:00:00",7,5.7,285,1006.4,25,25.1,0.4,3.9,247,3.7,,,,,,
Vector_CWB_FB_46714D,"2011-04-17 14:00:00",6.6,5.5,291,1005.1,24.8,24.8,0.5,3.5,247,3.6,,,,,,
Vector_CWB_FB_46714D,"2011-04-17 15:00:00",7.1,5.8,293,1004.2,24.6,24.7,0.54,3.7,270,3.6,,,,,,
Vector_CWB_FB_46714D,"2011-04-17 16:00:00",5.6,4.6,306,1003.9,24.2,24.7,0.69,3.6,281,3.4,,,,,,
Vector_CWB_FB_46714D,"2011-04-17 17:00:00",4.8,4,300,1003.7,24.1,24.9,0.58,3.8,258,4,,,,,,
Vector_CWB_FB_46714D,"2011-04-17 18:00:00",5.1,4.1,278,1004.2,24.2,25.1,0.6,3.7,258,3.8,,,,,,
Vector_CWB_FB_46714D,"2011-04-17 19:00:00",5.4,4.5,284,1004.7,24.6,25.4,0.49,4,258,4.1,,,,,,
Vector_CWB_FB_46714D,"2011-04-17 20:00:00",5.6,4.8,270,1005.4,24.8,25.7,0.45,4,135,4.7,,,,,,
Vector_CWB_FB_46714D,"2011-04-17 21:00:00",7.1,6,264,1005.2,24.3,25.6,0.48,3.9,101,4.1,,,,,,
Vector_CWB_FB_46714D,"2011-04-17 22:00:00",6.3,5.3,260,1005.4,24.3,25.7,0.38,3.7,112,4.3,,,,,,
Vector_CWB_FB_46714D,"2011-04-17 23:00:00",5.7,4.5,289,1004.3,23.6,25,0.34,3.8,123,7.4,,,,,,
Vector_CWB_FB_46714D,"2011-04-18 00:00:00",8.2,6.5,352,1004.9,22.3,24.1,0.43,4.2,236,4.5,,,,,,
Vector_CWB_FB_46714D,"2011-04-18 01:00:00",7.2,4.9,348,1005.7,22.1,24.6,0.51,3.7,258,7.4,,,,,,
Vector_CWB_FB_46714D,"2011-04-18 02:00:00",5.8,4.6,10,1003,21.7,24.7,0.42,4,236,8.7,,,,,,
Vector_CWB_FB_46714D,"2011-04-18 03:00:00",6.2,4.4,326,1003.8,22.3,24.5,0.38,3.9,281,4.5,,,,,,
Vector_CWB_FB_46714D,"2011-04-18 04:00:00",5.6,4.6,304,1003.6,22.6,24.3,0.48,3.8,258,4.3,,,,,,
Vector_CWB_FB_46714D,"2011-04-18 05:00:00",4.6,2.6,338,1004.6,22.7,24.3,0.43,3.7,281,5.2,,,,,,
Vector_CWB_FB_46714D,"2011-04-18 06:00:00",7,4.2,333,1004.7,22.1,24.5,0.37,3.8,112,4.7,,,,,,
Vector_CWB_FB_46714D,"2011-04-18 07:00:00",5.5,3.8,350,1005.6,22.3,25.2,0.33,3.8,135,4.7,,,,,,
Vector_CWB_FB_46714D,"2011-04-18 08:00:00",2.4,1.7,356,1006.2,22.1,25.4,0.31,3.9,123,4.3,,,,,,
Vector_CWB_FB_46714D,"2011-04-18 09:00:00",1.6,1.1,44,1006.6,22.4,25.7,0.31,4.1,101,4,,,,,,
Vector_CWB_FB_46714D,"2011-04-18 10:00:00",,,,1008.1,24,25.9,0.24,4.4,135,7.4,,,,,,
Vector_CWB_FB_46714D,"2011-04-18 11:00:00",4.5,3.3,233,1006.5,23.4,25.4,0.26,4.8,146,6.5,,,,,,
Vector_CWB_FB_46714D,"2011-04-18 12:00:00",6.9,5.4,143,1007.3,23.2,24.9,0.31,4.4,281,4.5,,,,,,
Vector_CWB_FB_46714D,"2011-04-18 13:00:00",5.7,3.5,170,1005.8,22.4,24.5,0.52,4.1,225,4.7,,,,,,
Vector_CWB_FB_46714D,"2011-04-18 14:00:00",3.2,2.3,256,1006.2,21.7,24.2,0.39,3.9,236,4.9,,,,,,
Vector_CWB_FB_46714D,"2011-04-18 15:00:00",5.1,4,237,1005.9,22.3,24.7,0.41,4.2,236,5.2,,,,,,
Vector_CWB_FB_46714D,"2011-04-18 16:00:00",5.1,3.7,249,1005.4,22.8,24.6,0.45,4,247,3.8,,,,,,
Vector_CWB_FB_46714D,"2011-04-18 17:00:00",,,,,,,,,,,,,,,,
Vector_CWB_FB_46714D,"2011-04-18 18:00:00",2.4,1.6,173,1006.3,22.5,24.3,0.51,3.8,168,3.8,,,,,,
Vector_CWB_FB_46714D,"2011-04-18 19:00:00",,,,,,,,,,,,,,,,
Vector_CWB_FB_46714D,"2011-04-18 20:00:00",,,,,,,,,,,,,,,,
Vector_CWB_FB_46714D,"2011-04-18 21:00:00",,,,,,,,,,,,,,,,
Vector_CWB_FB_46714D,"2011-04-18 22:00:00",,,,,,,,,,,,,,,,
Vector_CWB_FB_46714D,"2011-04-18 23:00:00",,,,,,,,,,,,,,,,
Vector_CWB_FB_46714D,"2011-04-19 00:00:00",,,,,,,,,,,,,,,,
Vector_CWB_FB_46714D,"2011-04-19 01:00:00",,,,,,,,,,,,,,,,
Vector_CWB_FB_46714D,"2011-04-19 02:00:00",,,,,,,,,,,,,,,,
Vector_CWB_FB_46714D,"2011-04-19 03:00:00",,,,,,,,,,,,,,,,
Vector_CWB_FB_46714D,"2011-04-19 04:00:00",,,,,,,,,,,,,,,,
Vector_CWB_FB_46714D,"2011-04-19 05:00:00",,,,,,,,,,,,,,,,
Vector_CWB_FB_46714D,"2011-04-19 06:00:00",,,,,,,,,,,,,,,,
Vector_CWB_FB_46714D,"2011-04-19 07:00:00",,,,,,,,,,,,,,,,
Vector_CWB_FB_46714D,"2011-04-19 08:00:00",,,,,,,,,,,,,,,,
Vector_CWB_FB_46714D,"2011-04-19 09:00:00",3.9,2.8,141,1012.4,23.8,,0.47,3.6,247,5.2,,,,,,
Vector_CWB_FB_46714D,"2011-04-19 10:00:00",2.8,1.4,161,1011.7,23.9,,0.37,3.7,123,3.3,,,,,,
Vector_CWB_FB_46714D,"2011-04-19 11:00:00",5.1,1.8,211,1011.8,24.9,25.7,0.41,4.2,123,4.3,,,,,,
Vector_CWB_FB_46714D,"2011-04-19 12:00:00",4,2.6,148,1012.4,24.5,25.8,0.42,4.4,135,6.5,,,,,,
Vector_CWB_FB_46714D,"2011-04-19 13:00:00",6.2,5.5,212,1012.2,24.9,25.3,0.6,4.6,281,6.9,,,,,,
Vector_CWB_FB_46714D,"2011-04-19 14:00:00",2.5,1.2,204,1011.8,24.8,25.5,0.55,4.3,236,5.8,,,,,,
Vector_CWB_FB_46714D,"2011-04-19 15:00:00",4.7,3.6,157,1011,24.2,25.3,0.53,4.2,247,5.8,,,,,,
Vector_CWB_FB_46714D,"2011-04-19 16:00:00",8.5,6.1,119,1010.6,24.1,25.4,0.57,4.2,270,5.4,,,,,,
Vector_CWB_FB_46714D,"2011-04-19 17:00:00",6.3,4.9,131,1010.4,23.4,25.2,0.64,4.2,292,4.3,,,,,,
Vector_CWB_FB_46714D,"2011-04-19 18:00:00",7.4,5.9,125,1011.3,23,25.1,0.75,4.2,303,4.5,,,,,,
Vector_CWB_FB_46714D,"2011-04-19 19:00:00",4.8,3.7,110,1012,23.2,25.1,0.86,4.1,135,4.7,,,,,,
Vector_CWB_FB_46714D,"2011-04-19 20:00:00",7.5,5.9,120,1012.3,22.7,25,0.72,3.9,292,4.5,,,,,,
Vector_CWB_FB_46714D,"2011-04-19 21:00:00",6.5,5.1,85,1013.2,23.2,25.6,0.72,4.2,112,3.8,,,,,,
Vector_CWB_FB_46714D,"2011-04-19 22:00:00",7.8,5.8,116,1013.4,22.7,25.5,0.75,4.7,101,5.2,,,,,,
Vector_CWB_FB_46714D,"2011-04-19 23:00:00",5.8,3.7,123,1013.5,22.7,25.5,0.67,4.7,112,5.2,,,,,,
Vector_CWB_FB_46714D,"2011-04-20 00:00:00",4.3,2.8,131,1013.6,22.6,25.1,0.7,4.9,236,5.4,,,,,,
Vector_CWB_FB_46714D,"2011-04-20 01:00:00",3.9,2.8,119,1013.2,22.7,25.2,0.61,4.7,225,5.4,,,,,,
Vector_CWB_FB_46714D,"2011-04-20 02:00:00",4,2.5,107,1012.8,22.7,25.1,0.68,4.7,213,7.4,,,,,,
Vector_CWB_FB_46714D,"2011-04-20 03:00:00",5,3.4,130,1012.6,22.6,25,0.6,4.6,202,7.4,,,,,,
Vector_CWB_FB_46714D,"2011-04-20 04:00:00",,,,1012.7,22.5,24.9,0.75,4.7,180,6.1,,,,,,
Vector_CWB_FB_46714D,"2011-04-20 05:00:00",3.4,2.1,83,1013.5,22.5,24.8,0.61,4.2,157,5.2,,,,,,
Vector_CWB_FB_46714D,"2011-04-20 06:00:00",,,,1013.7,22.1,24.8,0.65,4.4,146,7.4,,,,,,
Vector_CWB_FB_46714D,"2011-04-20 07:00:00",2.3,1.5,127,1014.8,22.7,25.1,0.52,4.3,112,4.5,,,,,,
Vector_CWB_FB_46714D,"2011-04-20 08:00:00",2.2,1.7,112,1015.4,23,25.2,0.51,4.4,180,7.4,,,,,,
Vector_CWB_FB_46714D,"2011-04-20 09:00:00",2.7,1.5,132,1015.3,23.1,25.4,0.53,4.2,168,6.1,,,,,,
Vector_CWB_FB_46714D,"2011-04-20 10:00:00",3.3,1.6,189,1015.2,23.4,25,0.55,4.3,247,6.1,,,,,,
Vector_CWB_FB_46714D,"2011-04-20 11:00:00",3.5,2,200,1015.5,23.5,25.9,0.45,4.1,101,6.5,,,,,,
Vector_CWB_FB_46714D,"2011-04-20 12:00:00",3.2,2.2,217,1014.9,23.6,25.9,0.46,4.5,123,6.1,,,,,,
Vector_CWB_FB_46714D,"2011-04-20 13:00:00",2.6,1.7,272,1014.2,24.5,25.8,0.5,4.5,135,8.7,,,,,,
Vector_CWB_FB_46714D,"2011-04-20 14:00:00",4.5,2.9,282,1013.7,24,25.6,0.64,4.5,112,8.7,,,,,,
Vector_CWB_FB_46714D,"2011-04-20 15:00:00",3.8,2.3,253,1012.9,23.8,25.4,0.59,4.3,281,6.9,,,,,,
Vector_CWB_FB_46714D,"2011-04-20 16:00:00",10.1,8.7,134,1012.4,23.2,25,0.69,3.9,191,4.5,,,,,,
Vector_CWB_FB_46714D,"2011-04-20 17:00:00",8.3,6.6,124,1012.2,22.7,24.9,0.69,4,225,4.7,,,,,,
Vector_CWB_FB_46714D,"2011-04-20 18:00:00",8.3,6.9,129,1012.6,22.7,24.9,0.86,4,135,4.7,,,,,,
Vector_CWB_FB_46714D,"2011-04-20 19:00:00",9.1,7.5,118,1012.8,22.5,24.8,0.95,4.1,135,4.7,,,,,,
Vector_CWB_FB_46714D,"2011-04-20 20:00:00",8.2,6.6,113,1013,22.2,24.5,0.81,4.1,123,4.9,,,,,,
Vector_CWB_FB_46714D,"2011-04-20 21:00:00",8.3,5.9,103,1015.3,22.9,25.8,0.89,4.6,101,4.9,,,,,,
Vector_CWB_FB_46714D,"2011-04-20 22:00:00",5.5,4.4,91,1014.5,22.7,25.6,0.81,4.5,90,5.2,,,,,,
Vector_CWB_FB_46714D,"2011-04-20 23:00:00",7.4,5.8,85,1013.6,22.7,25.4,0.89,4.7,112,5.2,,,,,,
Vector_CWB_FB_46714D,"2011-04-21 00:00:00",7,5.9,89,1013.1,22.5,24.8,0.73,4.8,168,6.5,,,,,,
Vector_CWB_FB_46714D,"2011-04-21 01:00:00",5.9,4.9,103,1014.1,22.5,25.2,0.59,5.1,191,5.2,,,,,,
Vector_CWB_FB_46714D,"2011-04-21 02:00:00",8.5,6.6,113,1013,22.1,25.1,0.59,5.1,236,8,,,,,,
Vector_CWB_FB_46714D,"2011-04-21 03:00:00",7,5.3,125,1011.8,21.8,24.8,0.55,4.6,191,6.5,,,,,,
Vector_CWB_FB_46714D,"2011-04-21 04:00:00",6.9,5.3,115,1011.8,21.5,24.7,0.62,4.2,180,6.5,,,,,,
Vector_CWB_FB_46714D,"2011-04-21 05:00:00",5.7,3.8,117,1012.8,21.7,24.8,0.64,4.4,157,4.7,,,,,,
Vector_CWB_FB_46714D,"2011-04-21 06:00:00",3.3,2.4,83,1013.4,22,24.9,0.53,4.2,157,4.3,,,,,,
Vector_CWB_FB_46714D,"2011-04-21 07:00:00",3.2,2.4,68,1013.9,22.1,24.9,0.47,4.2,135,7.4,,,,,,
Vector_CWB_FB_46714D,"2011-04-21 08:00:00",4.1,3.1,114,1014.2,22.2,24.8,0.41,4.7,146,7.4,,,,,,
Vector_CWB_FB_46714D,"2011-04-21 09:00:00",4.4,2.5,122,1014.2,22.4,24.8,0.43,4.1,292,6.1,,,,,,
Vector_CWB_FB_46714D,"2011-04-21 10:00:00",2.6,1.3,113,1014.2,22.9,24.9,0.44,3.7,337,3.2,,,,,,
Vector_CWB_FB_46714D,"2011-04-21 11:00:00",2,1.1,294,1013.8,23.3,25.2,0.41,4.2,202,7.4,,,,,,
Vector_CWB_FB_46714D,"2011-04-21 12:00:00",5.6,2.6,284,1013.7,24.7,25.4,0.43,4.6,191,6.5,,,,,,
Vector_CWB_FB_46714D,"2011-04-21 13:00:00",,,,1012.9,24.3,26,0.43,5,135,7.4,,,,,,
Vector_CWB_FB_46714D,"2011-04-21 14:00:00",,,,1012.2,23.8,25.5,0.46,4.9,135,7.4,,,,,,
Vector_CWB_FB_46714D,"2011-04-21 15:00:00",3.3,2.2,214,1011.2,23.5,25.4,0.56,4.7,236,8,,,,,,
Vector_CWB_FB_46714D,"2011-04-21 16:00:00",2.1,1.3,248,1010.9,24.1,25.6,0.45,4.4,,3.8,,,,,,
Vector_CWB_FB_46714D,"2011-04-21 17:00:00",,,,1011.8,24.3,25.2,0.39,4.2,281,4.9,,,,,,
Vector_CWB_FB_46714D,"2011-04-21 18:00:00",4.4,1.7,101,1011.9,24.1,25,0.45,4.3,168,6.1,,,,,,
Vector_CWB_FB_46714D,"2011-04-21 19:00:00",3.3,2.5,337,1011.5,23.9,24.8,0.58,4.3,168,4,,,,,,
Vector_CWB_FB_46714D,"2011-04-21 20:00:00",2.3,1.5,15,1012.5,23.7,24.9,0.67,4.6,180,6.9,,,,,,
Vector_CWB_FB_46714D,"2011-04-21 21:00:00",6.5,4.9,121,1013.3,23.7,25.4,0.67,4.6,123,5.4,,,,,,
Vector_CWB_FB_46714D,"2011-04-21 22:00:00",5.9,4.8,115,1013.2,23.9,25.6,0.65,4.6,112,6.5,,,,,,
Vector_CWB_FB_46714D,"2011-04-21 23:00:00",7.3,5.7,112,1012.7,23.8,25.3,0.61,4.3,157,5.4,,,,,,
Vector_CWB_FB_46714D,"2011-04-22 00:00:00",6,4.9,120,1012.4,23.6,25.3,0.63,4.8,123,6.9,,,,,,
Vector_CWB_FB_46714D,"2011-04-22 01:00:00",5.2,4.2,130,1011.5,23.6,25.2,0.53,5.3,180,6.9,,,,,,
Vector_CWB_FB_46714D,"2011-04-22 02:00:00",4.9,3.8,136,1010.9,23.5,25,0.53,5.6,213,6.9,,,,,,
Vector_CWB_FB_46714D,"2011-04-22 03:00:00",3.4,2.8,79,1010.4,23.2,25,0.53,5.1,180,6.9,,,,,,
Vector_CWB_FB_46714D,"2011-04-22 04:00:00",3.9,2.9,71,1009.9,23.1,24.9,0.46,5,168,6.1,,,,,,
Vector_CWB_FB_46714D,"2011-04-22 05:00:00",2.9,2.2,69,1010,23,24.9,0.43,5.1,168,6.1,,,,,,
Vector_CWB_FB_46714D,"2011-04-22 06:00:00",2.8,2.2,56,1010,22.9,25,0.43,4.8,157,6.5,,,,,,
Vector_CWB_FB_46714D,"2011-04-22 07:00:00",2.9,2.1,76,1010.5,23.3,24.9,0.37,4.5,180,7.4,,,,,,
Vector_CWB_FB_46714D,"2011-04-22 08:00:00",3.3,2.5,79,1010.9,23.3,25,0.37,4.5,146,5.8,,,,,,
Vector_CWB_FB_46714D,"2011-04-22 09:00:00",2.6,1.8,100,1010.5,23.5,25,0.34,4.2,213,4.9,,,,,,
Vector_CWB_FB_46714D,"2011-04-22 10:00:00",2.3,1.5,82,1010.4,23.9,25.2,0.47,4.7,146,6.1,,,,,,
Vector_CWB_FB_46714D,"2011-04-22 11:00:00",,,,1009.8,24.8,25.4,0.42,4.4,180,6.1,,,,,,
Vector_CWB_FB_46714D,"2011-04-22 12:00:00",5.4,4.7,153,1008.8,25.2,25.6,0.42,4.4,270,8.7,,,,,,
Vector_CWB_FB_46714D,"2011-04-22 13:00:00",2.2,1.4,172,1007.7,25,26.1,0.4,5,191,8.7,,,,,,
Vector_CWB_FB_46714D,"2011-04-22 14:00:00",3.3,2.6,233,1007.3,24.5,25.6,0.45,5,168,6.5,,,,,,
Vector_CWB_FB_46714D,"2011-04-22 15:00:00",4.9,4.1,263,1007.7,25,25.7,0.41,5,123,6.1,,,,,,
Vector_CWB_FB_46714D,"2011-04-22 16:00:00",5.5,4.3,274,1006.4,24.4,25.4,0.39,4.7,168,5.4,,,,,,
Vector_CWB_FB_46714D,"2011-04-22 17:00:00",4.4,3.4,283,1005.6,24.1,24.8,0.41,4.1,247,4.9,,,,,,
Vector_CWB_FB_46714D,"2011-04-22 18:00:00",6.1,4.2,304,1006.6,24.1,25.1,0.43,4.1,202,4.3,,,,,,
Vector_CWB_FB_46714D,"2011-04-22 19:00:00",4.3,2.9,348,1007.3,23.3,25.2,0.39,3.9,202,5.4,,,,,,
Vector_CWB_FB_46714D,"2011-04-22 20:00:00",4.3,3.1,335,1008.1,23.6,25.1,0.42,3.9,213,4.3,,,,,,
Vector_CWB_FB_46714D,"2011-04-22 21:00:00",4.1,2.6,327,1007.8,23.5,24.8,0.42,4.2,191,4.3,,,,,,
Vector_CWB_FB_46714D,"2011-04-22 22:00:00",8.3,7.1,324,1009.9,24.4,25.7,0.36,4.4,146,5.2,,,,,,
Vector_CWB_FB_46714D,"2011-04-22 23:00:00",5.9,3.6,330,1007.5,23.7,25.1,0.39,4.3,135,6.5,,,,,,
Vector_CWB_FB_46714D,"2011-04-23 00:00:00",4.8,3.2,340,1007.2,23.6,25,0.35,4.6,135,7.4,,,,,,
Vector_CWB_FB_46714D,"2011-04-23 01:00:00",5.6,3.6,344,1008.8,24.1,25.4,0.31,4.6,101,6.5,,,,,,
Vector_CWB_FB_46714D,"2011-04-23 02:00:00",4.3,3.2,353,1007,23.6,24.9,0.37,4.1,168,7.4,,,,,,
Vector_CWB_FB_46714D,"2011-04-23 03:00:00",4,2.6,336,1008.1,24.1,25.4,0.37,3.8,146,6.9,,,,,,
Vector_CWB_FB_46714D,"2011-04-23 04:00:00",4.7,3.4,344,1008.1,23.5,25.1,0.34,3.8,180,6.5,,,,,,
Vector_CWB_FB_46714D,"2011-04-23 05:00:00",6.4,4.2,346,1008.3,22.7,24.9,0.31,3.8,202,5.4,,,,,,
Vector_CWB_FB_46714D,"2011-04-23 06:00:00",4.7,3.4,340,1008.7,22.5,24.9,0.34,3.8,281,4.7,,,,,,
Vector_CWB_FB_46714D,"2011-04-23 07:00:00",7.1,5.1,345,1008.2,21.8,24.6,0.38,3.6,112,3.3,,,,,,
Vector_CWB_FB_46714D,"2011-04-23 08:00:00",5.2,3.7,18,1010.4,22.5,24.9,0.42,3.8,101,4.3,,,,,,
Vector_CWB_FB_46714D,"2011-04-23 09:00:00",2,1.5,34,1010.9,22.9,24.9,0.42,4,101,6.1,,,,,,
Vector_CWB_FB_46714D,"2011-04-23 10:00:00",4,2.2,341,1009.9,22.5,24.9,0.47,4.5,281,7.4,,,,,,
Vector_CWB_FB_46714D,"2011-04-23 11:00:00",3.4,2.6,297,1010.7,23.4,25.6,0.47,5.2,270,8.7,,,,,,
Vector_CWB_FB_46714D,"2011-04-23 12:00:00",4.2,3.4,287,1010.5,23.6,25.7,0.55,5.3,281,8,,,,,,
Vector_CWB_FB_46714D,"2011-04-23 13:00:00",5.7,4.6,277,1010.3,23.7,25.6,0.69,4.2,281,6.1,,,,,,
Vector_CWB_FB_46714D,"2011-04-23 14:00:00",4.9,3.9,280,1009.9,23.5,25.5,0.5,4.2,123,4.7,,,,,,
Vector_CWB_FB_46714D,"2011-04-23 15:00:00",4.7,3.3,261,1009.7,23.9,25.4,0.56,4.7,292,8.7,,,,,,
Vector_CWB_FB_46714D,"2011-04-23 16:00:00",5.4,3.6,142,1009.4,23.7,24.9,0.75,4.5,123,4.3,,,,,,
Vector_CWB_FB_46714D,"2011-04-23 17:00:00",6.5,4.8,133,1009.4,23.3,25.1,0.92,4.6,247,5.8,,,,,,
Vector_CWB_FB_46714D,"2011-04-23 18:00:00",4.5,2.5,145,1009.4,23.3,25,0.71,4.8,281,8,,,,,,
Vector_CWB_FB_46714D,"2011-04-23 19:00:00",4.5,3.3,135,1009.6,23.2,24.9,0.91,5.3,281,9.5,,,,,,
Vector_CWB_FB_46714D,"2011-04-23 20:00:00",6,4.8,125,1010.9,23.5,24.9,0.66,4.6,270,9.5,,,,,,
Vector_CWB_FB_46714D,"2011-04-23 21:00:00",4.7,3.8,96,1010.6,23.4,24.8,0.69,4.4,146,4.9,,,,,,
Vector_CWB_FB_46714D,"2011-04-23 22:00:00",3.7,3,47,1010.8,23.5,25.4,0.62,4.6,101,6.5,,,,,,
Vector_CWB_FB_46714D,"2011-04-23 23:00:00",2.7,1.8,102,1011.3,23.7,25.5,0.53,4.3,123,4.3,,,,,,
Vector_CWB_FB_46714D,"2011-04-24 00:00:00",2.9,2.1,113,1011,23.8,25.2,0.52,4.4,135,5.2,,,,,,
Vector_CWB_FB_46714D,"2011-04-24 01:00:00",3.2,2.1,114,1010.5,23.8,25.1,0.58,4.5,135,6.1,,,,,,
Vector_CWB_FB_46714D,"2011-04-24 02:00:00",5,4,71,1010.8,24.1,25.3,0.55,4.9,112,6.9,,,,,,
Vector_CWB_FB_46714D,"2011-04-24 03:00:00",5.7,3.8,53,1009.6,23.8,24.9,0.45,4.8,112,6.1,,,,,,
Vector_CWB_FB_46714D,"2011-04-24 04:00:00",4.3,3.2,23,1009.4,23.3,24.8,0.51,4.8,123,6.5,,,,,,
Vector_CWB_FB_46714D,"2011-04-24 05:00:00",4.3,3.2,325,1010.3,23.2,24.7,0.52,4.4,225,5.4,,,,,,
Vector_CWB_FB_46714D,"2011-04-24 06:00:00",7.2,5.7,308,1010.5,23.3,24.6,0.53,4.5,270,4.9,,,,,,
Vector_CWB_FB_46714D,"2011-04-24 07:00:00",6.8,5.5,296,1012.3,23.4,25,0.68,3.7,258,4.1,,,,,,
Vector_CWB_FB_46714D,"2011-04-24 08:00:00",6,4.8,295,1010.5,22.8,24.6,0.79,3.7,270,4.1,,,,,,
Vector_CWB_FB_46714D,"2011-04-24 09:00:00",5.4,4,298,1013.3,23.4,25.1,0.58,3.5,270,3.7,,,,,,
Vector_CWB_FB_46714D,"2011-04-24 10:00:00",4.6,3.4,286,1013.1,23.3,25.1,0.53,3.5,90,3.4,,,,,,
Vector_CWB_FB_46714D,"2011-04-24 11:00:00",5.3,3.6,158,1011.6,23,25.4,0.52,3.7,123,3.7,,,,,,
Vector_CWB_FB_46714D,"2011-04-24 12:00:00",3,1.9,185,1010.9,23.1,25.3,0.58,3.6,292,3.7,,,,,,
Vector_CWB_FB_46714D,"2011-04-24 13:00:00",2.2,1.3,212,1010.3,24.2,25.5,0.5,3.6,123,3.7,,,,,,
Vector_CWB_FB_46714D,"2011-04-24 14:00:00",5.2,4.2,228,1009.4,23,25.4,0.33,3.7,112,5.4,,,,,,
Vector_CWB_FB_46714D,"2011-04-24 15:00:00",4.6,3.5,215,1009,23.2,25.3,0.29,4,123,4,,,,,,
Vector_CWB_FB_46714D,"2011-04-24 16:00:00",5.2,3.8,221,1009.6,22.9,25.3,0.33,4.2,191,6.5,,,,,,
Vector_CWB_FB_46714D,"2011-04-24 17:00:00",4.7,3.4,229,1009.6,22.8,25.1,0.36,4.4,247,6.9,,,,,,
Vector_CWB_FB_46714D,"2011-04-24 18:00:00",4.4,3.4,232,1009.6,22.7,24.4,0.32,4.1,146,6.9,,,,,,
Vector_CWB_FB_46714D,"2011-04-24 19:00:00",4.5,2.9,226,1012.1,23.5,24.9,0.32,4.4,225,5.8,,,,,,
Vector_CWB_FB_46714D,"2011-04-24 20:00:00",5.1,3.8,135,1010.5,22.8,24.2,0.56,3.7,281,3.6,,,,,,
Vector_CWB_FB_46714D,"2011-04-24 21:00:00",,,,1010.8,23,24.6,0.47,3.7,213,3.7,,,,,,
Vector_CWB_FB_46714D,"2011-04-24 22:00:00",2.8,1.6,66,1010.9,22.8,24.6,0.49,3.9,281,3.6,,,,,,
Vector_CWB_FB_46714D,"2011-04-24 23:00:00",,,,1011,22.6,24.7,0.45,4.2,180,6.9,,,,,,
Vector_CWB_FB_46714D,"2011-04-25 00:00:00",2.9,2,10,1010.4,22.5,24.6,0.41,4.4,180,5.8,,,,,,
Vector_CWB_FB_46714D,"2011-04-25 01:00:00",3.6,2.9,24,1010.1,22.5,24.6,0.43,4.5,202,6.1,,,,,,
Vector_CWB_FB_46714D,"2011-04-25 02:00:00",4.5,3.5,28,1009.1,22.2,24.6,0.38,4.3,180,5.8,,,,,,
Vector_CWB_FB_46714D,"2011-04-25 03:00:00",4,3.1,43,1009.6,22.1,24.9,0.3,4.5,101,5.4,,,,,,
Vector_CWB_FB_46714D,"2011-04-25 04:00:00",3.6,2.8,46,1010,21.9,24.9,0.33,4.7,247,5.4,,,,,,
Vector_CWB_FB_46714D,"2011-04-25 05:00:00",4.5,3.1,43,1010.3,21.8,24.7,0.33,4.7,191,5.8,,,,,,
Vector_CWB_FB_46714D,"2011-04-25 06:00:00",3.2,2.7,67,1010.3,21.9,24.7,0.3,4.4,258,6.1,,,,,,
Vector_CWB_FB_46714D,"2011-04-25 07:00:00",2.9,2.2,60,1010.9,22.7,24.7,0.29,4.2,247,5.4,,,,,,
Vector_CWB_FB_46714D,"2011-04-25 08:00:00",2.4,1.7,55,1011.8,22.5,24.7,0.32,4.4,157,6.9,,,,,,
Vector_CWB_FB_46714D,"2011-04-25 09:00:00",3,2.1,75,1012.4,22.7,24.9,0.26,4.1,168,4.9,,,,,,
Vector_CWB_FB_46714D,"2011-04-25 10:00:00",4.8,1.7,115,1012.1,23.6,25.4,0.23,4.1,225,5.4,,,,,,
Vector_CWB_FB_46714D,"2011-04-25 11:00:00",3.1,2,278,1011.8,23.8,25.4,0.24,4.1,281,5.8,,,,,,
Vector_CWB_FB_46714D,"2011-04-25 12:00:00",3.8,2.9,294,1011.6,23.5,25.3,0.24,4.3,135,5.4,,,,,,
Vector_CWB_FB_46714D,"2011-04-25 13:00:00",4.9,4,294,1010.6,23.7,25.4,0.23,4,270,5.8,,,,,,
Vector_CWB_FB_46714D,"2011-04-25 14:00:00",5.4,3.8,302,1010,23.8,25.5,0.21,4,157,6.9,,,,,,
Vector_CWB_FB_46714D,"2011-04-25 15:00:00",3,2.3,280,1008.6,24.1,25.4,,,,,,,,,,
Vector_CWB_FB_46714D,"2011-04-25 16:00:00",2.9,2.3,278,1008.7,24.5,25.5,,,,,,,,,,
Vector_CWB_FB_46714D,"2011-04-25 17:00:00",3.5,2.6,290,1009.7,24.4,25.7,,,,,,,,,,
Vector_CWB_FB_46714D,"2011-04-25 18:00:00",3.4,2.7,301,1010.5,24.1,25.8,,,,,,,,,,
Vector_CWB_FB_46714D,"2011-04-25 19:00:00",3.6,2.6,335,1010.3,23.7,25.4,,,,,,,,,,
Vector_CWB_FB_46714D,"2011-04-25 20:00:00",2.7,2.1,326,1011,23.6,25.3,,,,,,,,,,
Vector_CWB_FB_46714D,"2011-04-25 21:00:00",1.9,1.1,326,1011.1,23.5,24.6,,,,,,,,,,
Vector_CWB_FB_46714D,"2011-04-25 22:00:00",,,,1010.2,23.6,24.7,0.21,4.5,213,5.4,,,,,,
Vector_CWB_FB_46714D,"2011-04-25 23:00:00",3.2,2.4,198,1010.1,23.6,24.7,0.21,4.3,191,6.5,,,,,,
Vector_CWB_FB_46714D,"2011-04-26 00:00:00",2,1.1,352,1009.7,23.8,25.3,0.22,4.4,123,5.4,,,,,,
Vector_CWB_FB_46714D,"2011-04-26 01:00:00",1.8,1.1,323,1008.4,23.7,25.1,0.26,4.1,135,4.5,,,,,,
Vector_CWB_FB_46714D,"2011-04-26 02:00:00",,,,1008,23.6,24.9,0.29,4.1,258,4.9,,,,,,
Vector_CWB_FB_46714D,"2011-04-26 03:00:00",,,,1007.2,23.3,24.4,0.26,4,90,5.4,,,,,,
Vector_CWB_FB_46714D,"2011-04-26 04:00:00",,,,1007.3,23.5,24.4,0.26,4.2,180,5.8,,,,,,
Vector_CWB_FB_46714D,"2011-04-26 05:00:00",,,,1007.1,23,24.4,0.25,4.5,202,5.8,,,,,,
Vector_CWB_FB_46714D,"2011-04-26 06:00:00",2.6,2,37,1007.1,23.2,24.5,0.26,4.6,191,5.4,,,,,,
Vector_CWB_FB_46714D,"2011-04-26 07:00:00",2.6,2.1,50,1008.2,23.2,24.5,0.25,4.5,202,4.9,,,,,,
Vector_CWB_FB_46714D,"2011-04-26 08:00:00",3.2,2.6,40,1008.3,23.3,24.5,0.24,4.6,180,5.2,,,,,,
Vector_CWB_FB_46714D,"2011-04-26 09:00:00",2.1,1.8,59,1009.8,24.3,24.9,0.21,4.5,202,4.7,,,,,,
Vector_CWB_FB_46714D,"2011-04-26 10:00:00",4.9,1.1,82,1009.3,25.1,25.1,,,,,,,,,,
Vector_CWB_FB_46714D,"2011-04-26 11:00:00",,,,1008.1,24.8,25.6,,,,,,,,,,
Vector_CWB_FB_46714D,"2011-04-26 12:00:00",2.4,1.6,186,1008.1,25.3,26.1,,,,,,,,,,
Vector_CWB_FB_46714D,"2011-04-26 13:00:00",1.9,1.5,237,1006.8,26,25.6,,,,,,,,,,
Vector_CWB_FB_46714D,"2011-04-26 14:00:00",3,2.5,263,1007.3,25.2,25.5,0.22,4.4,112,5.8,,,,,,
Vector_CWB_FB_46714D,"2011-04-26 15:00:00",3.8,3,287,1006.6,25.2,25.4,0.22,4.1,202,6.1,,,,,,
Vector_CWB_FB_46714D,"2011-04-26 16:00:00",3.8,3.1,287,1005.8,25.2,25.3,,,,,,,,,,
Vector_CWB_FB_46714D,"2011-04-26 17:00:00",4.4,3.5,295,1005.4,25.3,25.1,,,,,,,,,,
Vector_CWB_FB_46714D,"2011-04-26 18:00:00",4.1,3.3,307,1005.3,24.7,25.1,0.23,4.9,146,6.5,,,,,,
Vector_CWB_FB_46714D,"2011-04-26 19:00:00",2.7,2.1,313,1005.5,24.2,24.9,,,,,,,,,,
Vector_CWB_FB_46714D,"2011-04-26 20:00:00",2.7,2.1,336,1006.3,24.1,24.8,0.28,4.1,270,4.1,,,,,,
Vector_CWB_FB_46714D,"2011-04-26 21:00:00",2.1,1.5,344,1006.1,23.9,24.6,0.24,4.4,202,4.9,,,,,,
Vector_CWB_FB_46714D,"2011-04-26 22:00:00",3.3,2.4,332,1006.8,23.9,24.5,0.25,4.5,191,5.8,,,,,,
Vector_CWB_FB_46714D,"2011-04-26 23:00:00",2.7,2,318,1006.6,23.9,24.6,0.23,4.4,135,4.9,,,,,,
Vector_CWB_FB_46714D,"2011-04-27 00:00:00",2.7,2.2,320,1006.4,24,24.9,0.23,4.5,123,5.8,,,,,,
Vector_CWB_FB_46714D,"2011-04-27 01:00:00",1.7,1.1,332,1005.9,23.8,24.9,0.26,4.3,180,4.9,,,,,,
Vector_CWB_FB_46714D,"2011-04-27 02:00:00",1.8,1.4,330,1005.1,23.8,24.8,0.26,4.4,180,5.4,,,,,,
Vector_CWB_FB_46714D,"2011-04-27 03:00:00",2.6,1.9,325,1004.9,23.8,24.6,0.26,4.3,180,4.1,,,,,,
Vector_CWB_FB_46714D,"2011-04-27 04:00:00",2.7,1.9,343,1005,23.9,24.8,0.24,4.2,112,4.1,,,,,,
Vector_CWB_FB_46714D,"2011-04-27 05:00:00",4.2,3.1,323,1004.8,23.8,24.5,0.25,4.1,168,5.8,,,,,,
Vector_CWB_FB_46714D,"2011-04-27 06:00:00",5.2,3.7,328,1006.1,24.3,24.8,0.21,4.1,225,4.9,,,,,,
Vector_CWB_FB_46714D,"2011-04-27 07:00:00",5.4,4.2,325,1006.9,24.4,24.8,,,,,,,,,,
Vector_CWB_FB_46714D,"2011-04-27 08:00:00",5.6,4.3,325,1007.3,24.5,24.7,0.22,4.1,247,5.2,,,,,,
Vector_CWB_FB_46714D,"2011-04-27 09:00:00",6.8,5.1,320,1006.5,24.2,24.5,,,,,,,,,,
Vector_CWB_FB_46714D,"2011-04-27 10:00:00",7,5.3,319,1006.4,24,24.4,0.21,3.8,225,4.5,,,,,,
Vector_CWB_FB_46714D,"2011-04-27 11:00:00",7.6,6.5,309,1005.7,23.8,24.4,0.29,3.3,281,2.6,,,,,,
Vector_CWB_FB_46714D,"2011-04-27 12:00:00",6.4,5.3,307,1005.8,24.2,24.5,0.38,3.1,112,2.9,,,,,,
Vector_CWB_FB_46714D,"2011-04-27 13:00:00",7.6,6.3,300,1004.7,24,24.5,0.35,3.2,247,3.2,,,,,,
Vector_CWB_FB_46714D,"2011-04-27 14:00:00",7.8,6.7,290,1004.2,24,24.5,0.41,3.2,258,3.2,,,,,,
Vector_CWB_FB_46714D,"2011-04-27 15:00:00",7.5,6.2,286,1003.5,24.3,24.7,0.42,3.2,270,3.2,,,,,,
Vector_CWB_FB_46714D,"2011-04-27 16:00:00",7.7,6.6,292,1002.8,24.3,24.7,0.4,3.2,247,3.2,,,,,,
Vector_CWB_FB_46714D,"2011-04-27 17:00:00",7.3,6.2,292,1003.1,24.1,24.9,0.33,3.2,270,3.2,,,,,,
Vector_CWB_FB_46714D,"2011-04-27 18:00:00",5.1,3.9,293,1004,24.2,24.9,0.3,3.4,270,3.4,,,,,,
Vector_CWB_FB_46714D,"2011-04-27 19:00:00",2.8,1.8,304,1004.2,23.9,24.7,0.3,3.5,78,4,,,,,,
Vector_CWB_FB_46714D,"2011-04-27 20:00:00",2.2,1.3,325,1004.8,24,24.8,0.38,3.6,270,3.4,,,,,,
Vector_CWB_FB_46714D,"2011-04-27 21:00:00",,,,1005.6,23.8,24.7,0.32,3.5,258,4.1,,,,,,
Vector_CWB_FB_46714D,"2011-04-27 22:00:00",,,,1006,23.5,24.5,0.3,3.6,258,4.1,,,,,,
Vector_CWB_FB_46714D,"2011-04-27 23:00:00",,,,1007.7,23.8,24.7,0.29,3.8,258,4.1,,,,,,
Vector_CWB_FB_46714D,"2011-04-28 00:00:00",,,,1005.7,23.1,24.7,0.31,3.7,258,4.1,,,,,,
Vector_CWB_FB_46714D,"2011-04-28 01:00:00",,,,1005.7,23,24.7,0.34,3.6,258,4.7,,,,,,
Vector_CWB_FB_46714D,"2011-04-28 02:00:00",,,,1006,23,24.8,0.32,3.7,78,4.1,,,,,,
Vector_CWB_FB_46714D,"2011-04-28 03:00:00",1.5,1.2,353,1005.9,23.2,24.8,0.29,3.7,258,4.1,,,,,,
Vector_CWB_FB_46714D,"2011-04-28 04:00:00",2.1,1.5,19,1007.4,23.5,24.8,0.3,4,258,4.5,,,,,,
Vector_CWB_FB_46714D,"2011-04-28 05:00:00",2.6,2,13,1007,22.8,24.7,0.3,3.9,78,4.1,,,,,,
Vector_CWB_FB_46714D,"2011-04-28 06:00:00",2.4,1.8,17,1008.1,23,24.7,0.28,3.8,123,4.3,,,,,,
Vector_CWB_FB_46714D,"2011-04-28 07:00:00",1.7,1.2,49,1009.4,23.4,24.7,0.28,3.9,247,4.5,,,,,,
Vector_CWB_FB_46714D,"2011-04-28 08:00:00",1.9,1.5,64,1010.2,23.6,24.8,0.29,4,247,4.3,,,,,,
Vector_CWB_FB_46714D,"2011-04-28 09:00:00",1.9,1.5,53,1010.8,24.2,25,0.26,4,258,4.5,,,,,,
Vector_CWB_FB_46714D,"2011-04-28 10:00:00",5.6,2.5,152,1010.7,25,25.5,0.22,4,270,4.7,,,,,,
Vector_CWB_FB_46714D,"2011-04-28 11:00:00",2.2,1.8,276,1010.6,24.9,25.7,0.25,4.1,270,4.5,,,,,,
Vector_CWB_FB_46714D,"2011-04-28 12:00:00",3,2.6,283,1010.2,25,25.8,0.23,4.1,281,4.7,,,,,,
Vector_CWB_FB_46714D,"2011-04-28 13:00:00",3.6,2.9,296,1009.6,24.8,25.8,0.27,3.9,270,4.5,,,,,,
Vector_CWB_FB_46714D,"2011-04-28 14:00:00",3.8,3.2,298,1008.9,24.8,25.3,0.26,3.9,270,4.3,,,,,,
Vector_CWB_FB_46714D,"2011-04-28 15:00:00",3.6,2.8,309,1009.3,24.8,25.2,0.25,4,258,3.8,,,,,,
Vector_CWB_FB_46714D,"2011-04-28 16:00:00",2.7,2.1,303,1009,24.8,25.5,0.23,4,135,4.3,,,,,,
Vector_CWB_FB_46714D,"2011-04-28 17:00:00",4.2,2.7,329,1009.1,24.6,25.6,,,,,,,,,,
Vector_CWB_FB_46714D,"2011-04-28 18:00:00",2.9,2.3,307,1009.4,24.5,25.5,,,,,,,,,,
Vector_CWB_FB_46714D,"2011-04-28 19:00:00",,,,1010,24.5,26,,,,,,,,,,
Vector_CWB_FB_46714D,"2011-04-28 20:00:00",2.4,1.9,283,1010.5,24.4,25.6,0.21,4.4,112,8.7,,,,,,
Vector_CWB_FB_46714D,"2011-04-28 21:00:00",2.6,1.8,313,1010.8,24.2,25.3,0.29,3.9,123,3.7,,,,,,
Vector_CWB_FB_46714D,"2011-04-28 22:00:00",6.9,6.2,327,1011.6,24.3,25.2,0.31,4.2,258,6.1,,,,,,
Vector_CWB_FB_46714D,"2011-04-28 23:00:00",,,,1011.2,24.4,25.2,0.24,3.9,168,4.3,,,,,,
Vector_CWB_FB_46714D,"2011-04-29 00:00:00",,,,1010.6,24.3,25.3,0.28,3.9,281,4.7,,,,,,
Vector_CWB_FB_46714D,"2011-04-29 01:00:00",1.8,1.1,209,1010.3,24.4,25.1,0.27,4.3,270,4.5,,,,,,
Vector_CWB_FB_46714D,"2011-04-29 02:00:00",1.8,1.4,267,1009.7,24.5,25.2,0.3,4.1,281,4.7,,,,,,
Vector_CWB_FB_46714D,"2011-04-29 03:00:00",2.5,1.9,282,1009.2,24.3,25.2,0.31,4.1,281,5.8,,,,,,
Vector_CWB_FB_46714D,"2011-04-29 04:00:00",2.8,2.2,298,1009.5,24.4,25.2,0.29,3.9,315,5.8,,,,,,
Vector_CWB_FB_46714D,"2011-04-29 05:00:00",,,,1009.3,24.3,25.1,0.29,4,270,5.2,,,,,,
Vector_CWB_FB_46714D,"2011-04-29 06:00:00",1.7,1.1,124,1009.7,24.2,25.1,0.28,4.1,303,6.1,,,,,,
Vector_CWB_FB_46714D,"2011-04-29 07:00:00",2,1.5,206,1010.5,24.3,25.6,0.29,4.2,101,4.9,,,,,,
Vector_CWB_FB_46714D,"2011-04-29 08:00:00",4.2,3.5,273,1011.8,24.5,25.5,0.26,4,213,6.5,,,,,,
Vector_CWB_FB_46714D,"2011-04-29 09:00:00",4.4,3.5,306,1012.6,24.8,25.7,0.28,4,135,5.2,,,,,,
Vector_CWB_FB_46714D,"2011-04-29 10:00:00",,,,1012.1,24.6,25.7,0.3,4,146,5.2,,,,,,
Vector_CWB_FB_46714D,"2011-04-29 11:00:00",2.2,1.8,89,1011.5,24.7,25.7,0.32,4.1,270,5.8,,,,,,
Vector_CWB_FB_46714D,"2011-04-29 12:00:00",2.4,1.6,182,1010.7,24.9,25.6,0.28,3.8,67,3.7,,,,,,
Vector_CWB_FB_46714D,"2011-04-29 13:00:00",2.9,1.5,148,1010,25.3,25.4,0.32,3.7,168,6.1,,,,,,
Vector_CWB_FB_46714D,"2011-04-29 14:00:00",3.2,1.5,140,1008.4,24.9,25.2,0.5,3.5,146,4,,,,,,
Vector_CWB_FB_46714D,"2011-04-29 15:00:00",6.2,4.9,320,1008.6,23.9,25,0.37,3.6,123,3.6,,,,,,
Vector_CWB_FB_46714D,"2011-04-29 16:00:00",4.4,2.9,344,1008.2,23.9,25.3,0.35,3.9,146,4,,,,,,
Vector_CWB_FB_46714D,"2011-04-29 17:00:00",3.3,2.5,2,1007.8,23.6,25.3,0.32,3.6,281,6.5,,,,,,
Vector_CWB_FB_46714D,"2011-04-29 18:00:00",2.3,1.8,63,1008.3,23.8,25.3,0.27,3.8,135,5.2,,,,,,
Vector_CWB_FB_46714D,"2011-04-29 19:00:00",4.2,3.1,132,1007.8,24.2,25.4,0.24,4,135,5.2,,,,,,
Vector_CWB_FB_46714D,"2011-04-29 20:00:00",6.6,5.4,142,1008.9,25.1,25.5,0.29,3.4,303,2.7,,,,,,
Vector_CWB_FB_46714D,"2011-04-29 21:00:00",10,8.1,134,1008.4,25.2,25.3,0.88,3.8,135,4.1,,,,,,
Vector_CWB_FB_46714D,"2011-04-29 22:00:00",7.7,6.4,135,1008.9,25,25.1,0.83,3.9,123,4.5,,,,,,
Vector_CWB_FB_46714D,"2011-04-29 23:00:00",6.8,5.5,132,1009.1,24.9,25,0.75,3.8,123,4.3,,,,,,
Vector_CWB_FB_46714D,"2011-04-30 00:00:00",6.7,5.1,103,1008.9,25,24.9,0.62,3.7,135,4.3,,,,,,
Vector_CWB_FB_46714D,"2011-04-30 01:00:00",9.1,7.4,128,1007.9,25.1,25.1,0.59,3.7,157,4.3,,,,,,
Vector_CWB_FB_46714D,"2011-04-30 02:00:00",9.5,7.8,127,1007.2,25.1,25.1,0.69,3.7,146,4.1,,,,,,
Vector_CWB_FB_46714D,"2011-04-30 03:00:00",8.6,6.7,132,1007.2,25.2,25.1,0.68,3.7,157,4.3,,,,,,
Vector_CWB_FB_46714D,"2011-04-30 04:00:00",8,6.3,138,1006.9,25.3,25.1,0.75,3.7,146,4.3,,,,,,
Vector_CWB_FB_46714D,"2011-04-30 05:00:00",8,6.2,146,1006.5,25,25.1,0.72,3.7,135,3.8,,,,,,
Vector_CWB_FB_46714D,"2011-04-30 06:00:00",8.3,6.8,143,1007.5,25.3,25.1,0.69,3.6,146,3.8,,,,,,
Vector_CWB_FB_46714D,"2011-04-30 07:00:00",7.5,5.7,145,1008,25.2,25.1,0.66,3.6,157,3.6,,,,,,
Vector_CWB_FB_46714D,"2011-04-30 08:00:00",8.8,7.4,151,1008.1,25.2,25.2,0.72,3.6,146,3.8,,,,,,
Vector_CWB_FB_46714D,"2011-04-30 09:00:00",9.6,7.9,153,1008.4,25.2,25.4,0.82,3.8,123,4.1,,,,,,
Vector_CWB_FB_46714D,"2011-04-30 10:00:00",8.9,7.2,152,1008.7,25.2,25.3,0.93,3.8,135,4.1,,,,,,
Vector_CWB_FB_46714D,"2011-04-30 11:00:00",10.1,8.2,155,1008.9,25.7,25.4,0.78,3.7,157,4.1,,,,,,
Vector_CWB_FB_46714D,"2011-04-30 12:00:00",9.3,7.3,156,1008.1,25.4,25.3,0.8,3.7,157,4,,,,,,
Vector_CWB_FB_46714D,"2011-04-30 13:00:00",7.2,6.1,151,1007.6,25.3,25.3,0.87,3.9,157,4.1,,,,,,
Vector_CWB_FB_46714D,"2011-04-30 14:00:00",7.3,5.8,157,1006.8,25.2,25.3,0.77,3.9,191,4.3,,,,,,
Vector_CWB_FB_46714D,"2011-04-30 15:00:00",4.4,3.6,164,1007.8,25.3,25.4,0.59,3.8,168,4,,,,,,
Vector_CWB_FB_46714D,"2011-04-30 16:00:00",2.8,2,168,1007.5,25.1,25.5,0.52,4,180,6.9,,,,,,
Vector_CWB_FB_46714D,"2011-04-30 17:00:00",2.6,1.9,146,1007.6,25.1,25.6,0.64,4.4,168,6.1,,,,,,
Vector_CWB_FB_46714D,"2011-04-30 18:00:00",,,,1007.7,24.8,25.5,0.58,4.3,168,6.5,,,,,,
Vector_CWB_FB_46714D,"2011-04-30 19:00:00",,,,1008.5,24.8,25.3,0.59,4.5,191,5.2,,,,,,
Vector_CWB_FB_46714D,"2011-04-30 20:00:00",2.7,2,110,1008.1,24.6,25.2,0.62,4.8,135,5.8,,,,,,
Vector_CWB_FB_46714D,"2011-04-30 21:00:00",3.1,2.3,131,1008.4,24.7,25.3,0.6,5,146,6.1,,,,,,
Vector_CWB_FB_46714D,"2011-04-30 22:00:00",2.6,1.9,131,1009.9,25,25.4,0.65,5,123,5.8,,,,,,
Vector_CWB_FB_46714D,"2011-04-30 23:00:00",,,,1009.2,24.8,25.2,0.6,4.8,135,5.8,,,,,,
Vector_CWB_FB_46714D,"2011-05-01 00:00:00",1.9,1.4,152,1009.2,25,25.4,0.61,4.8,157,5.4,,,,,,
Vector_CWB_FB_46714D,"2011-05-01 01:00:00",1.5,1.2,140,1009.1,25,25.3,0.56,4.8,157,6.5,,,,,,
Vector_CWB_FB_46714D,"2011-05-01 02:00:00",,,,1006.6,24.3,25.2,0.44,4.5,202,5.8,,,,,,
Vector_CWB_FB_46714D,"2011-05-01 03:00:00",,,,1006.6,24.3,25.1,0.37,4.6,168,6.9,,,,,,
Vector_CWB_FB_46714D,"2011-05-01 04:00:00",2.5,1.8,322,1008.5,24.7,25.3,0.39,4.4,168,6.9,,,,,,
Vector_CWB_FB_46714D,"2011-05-01 05:00:00",2.2,1.5,330,1006.8,24,25,0.44,4.3,326,6.9,,,,,,
Vector_CWB_FB_46714D,"2011-05-01 06:00:00",,,,1006.9,23.9,25,0.43,4.5,157,6.5,,,,,,
Vector_CWB_FB_46714D,"2011-05-01 07:00:00",2.2,1.7,333,1008.4,23.9,25.3,0.37,4.6,168,6.5,,,,,,
Vector_CWB_FB_46714D,"2011-05-01 08:00:00",2.8,2.3,270,1009.5,24,25.5,0.46,5,157,6.1,,,,,,
Vector_CWB_FB_46714D,"2011-05-01 09:00:00",4.4,3.4,295,1010.3,24.3,25.6,0.37,4.9,146,6.1,,,,,,
Vector_CWB_FB_46714D,"2011-05-01 10:00:00",3.7,2.8,299,1010.6,24.5,25.6,0.54,5,157,5.4,,,,,,
Vector_CWB_FB_46714D,"2011-05-01 11:00:00",6.1,4.8,306,1010.2,24.8,25.6,0.42,4.7,157,6.1,,,,,,
Vector_CWB_FB_46714D,"2011-05-01 12:00:00",7.6,6,313,1009.5,24.9,25.7,0.34,4.9,157,5.2,,,,,,
Vector_CWB_FB_46714D,"2011-05-01 13:00:00",8.1,6.2,324,1008.8,25.2,25.8,0.37,4.5,157,5.2,,,,,,
Vector_CWB_FB_46714D,"2011-05-01 14:00:00",7.7,6,322,1007.9,25.1,25.9,0.31,4,123,5.8,,,,,,
Vector_CWB_FB_46714D,"2011-05-01 15:00:00",7.2,5.7,320,1005.9,24.9,25.6,0.28,3.7,101,2.9,,,,,,
Vector_CWB_FB_46714D,"2011-05-01 16:00:00",7.6,6.6,311,1006.8,25.1,25.7,0.37,3.8,168,6.9,,,,,,
Vector_CWB_FB_46714D,"2011-05-01 17:00:00",6.7,5.4,308,1006.3,24.7,25.5,0.39,3.9,168,6.9,,,,,,
Vector_CWB_FB_46714D,"2011-05-01 18:00:00",6,4.8,308,1006.2,24.3,25.4,0.39,3.9,180,6.1,,,,,,
Vector_CWB_FB_46714D,"2011-05-01 19:00:00",3.7,3,312,1007.8,24.6,25.6,0.3,3.6,168,7.4,,,,,,
Vector_CWB_FB_46714D,"2011-05-01 20:00:00",4,3.1,320,1008,24.6,25.5,0.34,4.1,157,5.8,,,,,,
Vector_CWB_FB_46714D,"2011-05-01 21:00:00",3.6,2.8,316,1008.7,24.5,25.4,0.27,4.4,146,5.8,,,,,,
Vector_CWB_FB_46714D,"2011-05-01 22:00:00",3.8,3,327,1010,24.9,25.6,0.35,4.8,146,5.4,,,,,,
Vector_CWB_FB_46714D,"2011-05-01 23:00:00",3.6,2.8,325,1010.1,24.7,25.5,0.32,4.9,157,5.2,,,,,,
Vector_CWB_FB_46714D,"2011-05-02 00:00:00",2.2,1.1,322,1009.8,24.6,25.5,0.29,4.5,135,6.1,,,,,,
Vector_CWB_FB_46714D,"2011-05-02 01:00:00",,,,1008.6,24.2,25.5,0.29,4,157,6.5,,,,,,
Vector_CWB_FB_46714D,"2011-05-02 02:00:00",,,,1008.6,24.4,25.6,0.3,4.1,168,6.1,,,,,,
Vector_CWB_FB_46714D,"2011-05-02 03:00:00",2.3,1.7,306,1008.5,24.4,25.5,0.32,4.4,168,8,,,,,,
Vector_CWB_FB_46714D,"2011-05-02 04:00:00",4.3,3.4,316,1008.8,24.3,25.5,0.29,4.7,146,7.4,,,,,,
Vector_CWB_FB_46714D,"2011-05-02 05:00:00",3,2.3,328,1008.5,24.4,25.4,0.25,4.6,258,6.9,,,,,,
Vector_CWB_FB_46714D,"2011-05-02 06:00:00",1.8,1.3,30,1008.4,24.2,25.4,0.29,4.6,168,8,,,,,,
Vector_CWB_FB_46714D,"2011-05-02 07:00:00",,,,1009.1,24.8,25.5,0.27,4.5,157,8,,,,,,
Vector_CWB_FB_46714D,"2011-05-02 08:00:00",2.2,1.8,277,1009.5,24.9,25.7,0.27,4.9,146,6.5,,,,,,
Vector_CWB_FB_46714D,"2011-05-02 09:00:00",,,,1009,25.1,26.1,0.23,5.3,157,6.9,,,,,,
Vector_CWB_FB_46714D,"2011-05-02 10:00:00",2,1.7,258,1009.6,25.4,26.5,0.26,5.4,157,7.4,,,,,,
Vector_CWB_FB_46714D,"2011-05-02 11:00:00",2.5,2,253,1009.4,25.9,26.6,0.34,5.5,157,8,,,,,,
Vector_CWB_FB_46714D,"2011-05-02 12:00:00",3.1,2.1,278,1008.8,25.6,26.9,0.29,5.2,168,6.9,,,,,,
Vector_CWB_FB_46714D,"2011-05-02 13:00:00",4.3,3.5,298,1008.9,25.6,26.6,0.31,5.4,157,8,,,,,,
Vector_CWB_FB_46714D,"2011-05-02 14:00:00",5.9,4.6,312,1007.8,25.4,26.2,0.31,5.5,157,6.5,,,,,,
Vector_CWB_FB_46714D,"2011-05-02 15:00:00",5.7,4.5,309,1007.1,25.3,26.2,0.3,4.8,135,8.7,,,,,,
Vector_CWB_FB_46714D,"2011-05-02 16:00:00",6,4.8,311,1004.7,24.4,25.8,0.33,4.6,157,8,,,,,,
Vector_CWB_FB_46714D,"2011-05-02 17:00:00",4.9,4.1,316,1005.1,24.4,25.6,0.31,4.3,180,8,,,,,,
Vector_CWB_FB_46714D,"2011-05-02 18:00:00",3.4,2.7,310,1005.4,24.3,25.8,0.36,4,135,7.4,,,,,,
Vector_CWB_FB_46714D,"2011-05-02 19:00:00",2.9,1.5,300,1005.2,24.3,25.8,0.31,4.4,123,6.9,,,,,,
Vector_CWB_FB_46714D,"2011-05-02 20:00:00",,,,1005.3,24.5,25.8,0.31,4.1,135,6.9,,,,,,
Vector_CWB_FB_46714D,"2011-05-02 21:00:00",,,,1006.4,24.4,25.9,0.26,4.6,157,8,,,,,,
Vector_CWB_FB_46714D,"2011-05-02 22:00:00",,,,1007.9,24.9,26,0.26,5,146,8.7,,,,,,
Vector_CWB_FB_46714D,"2011-05-02 23:00:00",1.5,1.1,91,1007.7,25,25.9,0.27,5.6,146,8.7,,,,,,
Vector_CWB_FB_46714D,"2011-05-03 00:00:00",,,,1007.2,24.7,25.9,0.31,5.8,146,8.7,,,,,,
Vector_CWB_FB_46714D,"2011-05-03 01:00:00",1.8,1.3,45,1006.2,24.9,25.8,0.34,5.7,236,8.7,,,,,,
Vector_CWB_FB_46714D,"2011-05-03 02:00:00",2.1,1.4,49,1006.1,24.5,25.7,0.31,5.2,135,9.5,,,,,,
Vector_CWB_FB_46714D,"2011-05-03 03:00:00",,,,1006,24.6,25.7,0.34,5,146,8,,,,,,
Vector_CWB_FB_46714D,"2011-05-03 04:00:00",,,,1006.7,24.6,25.7,0.38,5.2,292,8,,,,,,
Vector_CWB_FB_46714D,"2011-05-03 05:00:00",3.2,2.1,52,1006.2,24.4,25.6,0.38,5.1,168,8,,,,,,
Vector_CWB_FB_46714D,"2011-05-03 06:00:00",3.7,2.8,45,1007.7,24.1,25.7,0.39,5.4,315,8,,,,,,
Vector_CWB_FB_46714D,"2011-05-03 07:00:00",2.9,2.3,55,1008,25.5,26,0.36,5.3,292,6.9,,,,,,
Vector_CWB_FB_46714D,"2011-05-03 08:00:00",3.5,2.8,59,1008.4,25.1,26,0.32,5,303,7.4,,,,,,
Vector_CWB_FB_46714D,"2011-05-03 09:00:00",2.5,2,84,1008.7,26.4,26.3,0.39,5.4,180,8.7,,,,,,
Vector_CWB_FB_46714D,"2011-05-03 10:00:00",,,,1008.7,26.7,26.7,0.38,5.3,180,7.4,,,,,,
Vector_CWB_FB_46714D,"2011-05-03 11:00:00",,,,1008.6,27,26.3,0.36,4.9,168,9.5,,,,,,
Vector_CWB_FB_46714D,"2011-05-03 12:00:00",5.3,4.4,288,1007.6,26.2,26.5,0.35,5.2,168,8.7,,,,,,
Vector_CWB_FB_46714D,"2011-05-03 13:00:00",5.7,4.5,288,1007,26.3,26.9,0.35,5.2,180,8,,,,,,
Vector_CWB_FB_46714D,"2011-05-03 14:00:00",6.2,4.9,290,1005.2,25.8,27,0.36,4.8,146,6.9,,,,,,
Vector_CWB_FB_46714D,"2011-05-03 15:00:00",8.2,6.9,309,1004.4,25.3,26.8,0.43,4.2,135,9.5,,,,,,
Vector_CWB_FB_46714D,"2011-05-03 16:00:00",9.2,7.1,314,1005.6,25.7,26.8,0.49,3.9,281,3.7,,,,,,
Vector_CWB_FB_46714D,"2011-05-03 17:00:00",6.4,4.8,319,1004.6,25.3,26.4,0.47,4,270,3.7,,,,,,
Vector_CWB_FB_46714D,"2011-05-03 18:00:00",8.6,6.4,332,1006.5,25.1,26.4,0.45,4.2,258,5.8,,,,,,
Vector_CWB_FB_46714D,"2011-05-03 19:00:00",10,7.2,328,1006.2,24.4,26.2,0.56,4.3,281,4.3,,,,,,
Vector_CWB_FB_46714D,"2011-05-03 20:00:00",8.1,6.2,331,1006.8,24.4,26.2,0.5,4.1,168,6.1,,,,,,
Vector_CWB_FB_46714D,"2011-05-03 21:00:00",4.5,3.3,341,1007.3,24.7,26.2,0.51,4.4,168,6.5,,,,,,
Vector_CWB_FB_46714D,"2011-05-03 22:00:00",2.6,1.9,329,1008.1,25,26.2,0.42,4.6,157,6.1,,,,,,
Vector_CWB_FB_46714D,"2011-05-03 23:00:00",5.8,4.4,326,1008.3,24,26.2,0.35,4.5,135,8,,,,,,
Vector_CWB_FB_46714D,"2011-05-04 00:00:00",2.6,2,341,1008.4,24.4,26.3,0.46,4.7,123,5.4,,,,,,
Vector_CWB_FB_46714D,"2011-05-04 01:00:00",,,,1008,24.3,26.3,0.49,4.6,123,6.1,,,,,,
Vector_CWB_FB_46714D,"2011-05-04 02:00:00",,,,1008,24.7,26.3,0.41,4.4,292,4.7,,,,,,
Vector_CWB_FB_46714D,"2011-05-04 03:00:00",6.6,4.9,129,1007.8,25,26.3,0.61,3.6,123,4.1,,,,,,
Vector_CWB_FB_46714D,"2011-05-04 04:00:00",3.6,2.6,301,1006.2,23.5,25.8,0.54,3.8,135,4,,,,,,
Vector_CWB_FB_46714D,"2011-05-04 05:00:00",1.8,1.3,279,1006.5,23.7,25.9,0.51,3.7,303,3.8,,,,,,
Vector_CWB_FB_46714D,"2011-05-04 06:00:00",4.8,3.6,133,1006,24.1,25.7,0.44,3.5,303,3,,,,,,
Vector_CWB_FB_46714D,"2011-05-04 07:00:00",6.3,5.2,124,1006.5,24.4,25.8,0.57,3.5,135,2.9,,,,,,
Vector_CWB_FB_46714D,"2011-05-04 08:00:00",5.2,4.3,246,1006.8,24.3,25.9,0.55,3.7,281,3.1,,,,,,
Vector_CWB_FB_46714D,"2011-05-04 09:00:00",3.2,2.4,265,1007.1,24.4,26.1,0.49,4.5,303,6.5,,,,,,
Vector_CWB_FB_46714D,"2011-05-04 10:00:00",3.7,2.8,298,1007.9,24.5,26.3,0.53,4.9,270,6.9,,,,,,
Vector_CWB_FB_46714D,"2011-05-04 11:00:00",5.7,4.6,309,1008,24.4,26.3,0.46,5.3,270,8,,,,,,
Vector_CWB_FB_46714D,"2011-05-04 12:00:00",7.6,5.2,328,1007.3,24.2,26.2,0.45,5.4,236,7.4,,,,,,
Vector_CWB_FB_46714D,"2011-05-04 13:00:00",6.2,4.7,289,1007.1,24.6,26.2,0.4,4.7,135,9.5,,,,,,
Vector_CWB_FB_46714D,"2011-05-04 14:00:00",6.9,5.3,298,1006.7,24.4,26.1,0.48,5.4,146,10.4,,,,,,
Vector_CWB_FB_46714D,"2011-05-04 15:00:00",7.6,5.8,318,1006.2,24.3,26.1,0.47,4.8,157,10.4,,,,,,
Vector_CWB_FB_46714D,"2011-05-04 16:00:00",6.9,5.4,325,1005.9,24.4,26.1,0.39,4.6,168,7.4,,,,,,
Vector_CWB_FB_46714D,"2011-05-04 17:00:00",5.8,4.5,320,1006.6,24.8,26.1,0.44,4.8,157,6.9,,,,,,
Vector_CWB_FB_46714D,"2011-05-04 18:00:00",6,4.7,324,1006.1,24.3,26.1,0.4,4.6,292,7.4,,,,,,
Vector_CWB_FB_46714D,"2011-05-04 19:00:00",6.1,4.7,331,1006.8,24.4,26.1,0.51,4.4,270,6.9,,,,,,
Vector_CWB_FB_46714D,"2011-05-04 20:00:00",6.2,4.2,333,1007.3,24.4,26,0.55,4.3,281,4.7,,,,,,
Vector_CWB_FB_46714D,"2011-05-04 21:00:00",4.9,3.7,344,1007.6,24.5,26,0.54,4.2,292,5.2,,,,,,
Vector_CWB_FB_46714D,"2011-05-04 22:00:00",3.6,2.8,344,1008.1,24.9,26,0.4,4.4,146,6.1,,,,,,
Vector_CWB_FB_46714D,"2011-05-04 23:00:00",3.2,2.5,341,1009.5,25.3,26.3,0.31,4.9,213,7.4,,,,,,
Vector_CWB_FB_46714D,"2011-05-05 00:00:00",2.1,1.5,32,1008.9,24.9,26.3,0.27,5,281,7.4,,,,,,
Vector_CWB_FB_46714D,"2011-05-05 01:00:00",,,,1009,24.7,25.5,0.49,4.9,270,5.2,,,,,,
Vector_CWB_FB_46714D,"2011-05-05 02:00:00",1.8,1.3,1,1006.8,24.3,25.5,0.47,4.6,258,5.4,,,,,,
Vector_CWB_FB_46714D,"2011-05-05 03:00:00",,,,1006.2,24,25.9,0.42,4.6,281,5.2,,,,,,
Vector_CWB_FB_46714D,"2011-05-05 04:00:00",2.7,1.7,359,1006.4,24.1,25.6,0.34,4.3,281,4,,,,,,
Vector_CWB_FB_46714D,"2011-05-05 05:00:00",2.7,2.1,360,1006.9,24,25.9,0.36,4.1,281,4.1,,,,,,
Vector_CWB_FB_46714D,"2011-05-05 06:00:00",2.2,1.2,343,1007.2,24.2,25.9,0.39,4.1,303,8,,,,,,
Vector_CWB_FB_46714D,"2011-05-05 07:00:00",3.3,2.1,337,1007.3,24.6,25.9,0.52,4.4,292,6.9,,,,,,
Vector_CWB_FB_46714D,"2011-05-05 08:00:00",4.5,2.8,329,1007.9,24.8,26,0.46,4.5,281,5.4,,,,,,
Vector_CWB_FB_46714D,"2011-05-05 09:00:00",6,4.2,316,1007.8,24.7,26.1,0.47,5.2,281,6.5,,,,,,
Vector_CWB_FB_46714D,"2011-05-05 10:00:00",6.1,4.9,306,1007.7,24.7,26.1,0.41,4.6,258,6.1,,,,,,
Vector_CWB_FB_46714D,"2011-05-05 11:00:00",6.6,5.4,301,1007.8,24.7,26.2,0.36,4.7,146,7.4,,,,,,
Vector_CWB_FB_46714D,"2011-05-05 12:00:00",7.1,6.1,301,1007.6,24.7,26.3,0.41,4.8,247,6.1,,,,,,
Vector_CWB_FB_46714D,"2011-05-05 13:00:00",7.8,6.5,297,1006.8,24.6,25.9,0.37,4.7,146,6.1,,,,,,
Vector_CWB_FB_46714D,"2011-05-05 14:00:00",8.5,7.2,303,1007,24.5,26.1,0.36,4.3,157,6.1,,,,,,
Vector_CWB_FB_46714D,"2011-05-05 15:00:00",7.8,6.6,312,1008.9,25.1,26.3,0.46,3.8,168,6.5,,,,,,
Vector_CWB_FB_46714D,"2011-05-05 16:00:00",5.5,3.8,308,1006.7,24.6,25.7,0.45,4.1,270,4.3,,,,,,
Vector_CWB_FB_46714D,"2011-05-05 17:00:00",7.7,6.2,317,1006.3,24.4,25.4,0.4,4.2,213,6.9,,,,,,
Vector_CWB_FB_46714D,"2011-05-05 18:00:00",9.5,7.6,331,1008.7,24.6,25.6,0.43,4.1,258,3.8,,,,,,
Vector_CWB_FB_46714D,"2011-05-05 19:00:00",8.2,6,334,1006.6,23.5,25.2,0.4,4,236,4.5,,,,,,
Vector_CWB_FB_46714D,"2011-05-05 20:00:00",7.9,5.8,331,1007.4,23.6,25.1,0.42,4.4,258,5.8,,,,,,
Vector_CWB_FB_46714D,"2011-05-05 21:00:00",6.1,4.7,324,1008.1,23.9,25.1,0.32,3.9,270,3.7,,,,,,
Vector_CWB_FB_46714D,"2011-05-05 22:00:00",4.5,3.1,331,1008.4,24.1,25.2,0.36,3.9,191,6.5,,,,,,
Vector_CWB_FB_46714D,"2011-05-05 23:00:00",4,3,331,1009.7,24.6,25.6,0.26,4.2,191,6.1,,,,,,
Vector_CWB_FB_46714D,"2011-05-06 00:00:00",3.1,2.4,335,1010.1,24.7,25.7,0.22,5,146,10.4,,,,,,
Vector_CWB_FB_46714D,"2011-05-06 01:00:00",3.4,2.6,342,1009.4,24.5,25.3,0.26,4.3,258,4.5,,,,,,
Vector_CWB_FB_46714D,"2011-05-06 02:00:00",2,1.2,332,1008.7,24.4,25.6,0.3,4.5,258,5.2,,,,,,
Vector_CWB_FB_46714D,"2011-05-06 03:00:00",,,,1008.3,24.3,25.8,0.31,4.8,168,10.4,,,,,,
Vector_CWB_FB_46714D,"2011-05-06 04:00:00",1.9,1.2,283,1008.3,24.6,25.9,0.24,4.6,180,10.4,,,,,,
Vector_CWB_FB_46714D,"2011-05-06 05:00:00",1.5,1.2,280,1008.3,24.6,26,0.21,4.5,247,8,,,,,,
Vector_CWB_FB_46714D,"2011-05-06 06:00:00",2.4,1.7,288,1008.9,24.5,26,0.29,5,180,10.4,,,,,,
Vector_CWB_FB_46714D,"2011-05-06 07:00:00",2.1,1.4,301,1009.6,24.7,25.9,0.3,4.7,168,8,,,,,,
Vector_CWB_FB_46714D,"2011-05-06 08:00:00",3.3,2.3,337,1010,25.2,26,0.31,4.5,168,9.5,,,,,,
Vector_CWB_FB_46714D,"2011-05-06 09:00:00",2.8,1.5,311,1010.2,25.6,26.4,0.29,5.1,157,8.7,,,,,,
Vector_CWB_FB_46714D,"2011-05-06 10:00:00",4.9,3.7,302,1010.6,25,26.6,0.28,4.4,168,9.5,,,,,,
Vector_CWB_FB_46714D,"2011-05-06 11:00:00",4.8,3.6,307,1010.5,25.2,26.7,0.32,4.5,135,10.4,,,,,,
Vector_CWB_FB_46714D,"2011-05-06 12:00:00",4.8,3.7,302,1010.3,25.5,26.8,0.29,5,180,7.4,,,,,,
Vector_CWB_FB_46714D,"2011-05-06 13:00:00",5.3,4.3,307,1009.7,25.7,26.8,0.3,5.2,168,8.7,,,,,,
Vector_CWB_FB_46714D,"2011-05-06 14:00:00",6.7,5.7,312,1008.9,25.5,26.8,0.33,5.3,168,8.7,,,,,,
Vector_CWB_FB_46714D,"2011-05-06 15:00:00",7.2,5.8,310,1008.4,25.6,26.8,0.26,4.4,146,6.9,,,,,,
Vector_CWB_FB_46714D,"2011-05-06 16:00:00",8.5,6.7,329,1008.4,25.4,26.7,0.31,3.9,202,7.4,,,,,,
Vector_CWB_FB_46714D,"2011-05-06 17:00:00",8.9,7,333,1008,25.3,26.6,0.32,3.9,90,11.6,,,,,,
Vector_CWB_FB_46714D,"2011-05-06 18:00:00",9.2,7,335,1008.2,25.1,26.5,0.31,4,292,3.7,,,,,,
Vector_CWB_FB_46714D,"2011-05-06 19:00:00",6,4.5,338,1008.1,25,26.4,0.3,3.9,191,4.3,,,,,,
Vector_CWB_FB_46714D,"2011-05-06 20:00:00",5.2,4.1,334,1008.4,25.2,26.4,0.24,3.9,247,6.9,,,,,,
Vector_CWB_FB_46714D,"2011-05-06 21:00:00",4.9,3.8,333,1009.2,25.4,26.5,0.26,3.8,292,3.4,,,,,,
Vector_CWB_FB_46714D,"2011-05-06 22:00:00",2.8,1.5,319,1009.3,25.3,26.5,0.21,3.8,236,9.5,,,,,,
Vector_CWB_FB_46714D,"2011-05-06 23:00:00",3.1,2.6,320,1009.4,25.2,26.2,0.21,4.6,146,10.4,,,,,,
Vector_CWB_FB_46714D,"2011-05-07 00:00:00",2.4,2,334,1008.7,25.1,26.2,,,,,,,,,,
Vector_CWB_FB_46714D,"2011-05-07 01:00:00",,,,1008.2,25.1,26.1,,,,,,,,,,
Vector_CWB_FB_46714D,"2011-05-07 02:00:00",,,,1007.8,24.9,25.8,,,,,,,,,,
Vector_CWB_FB_46714D,"2011-05-07 03:00:00",,,,1007.7,24.7,26.1,,,,,,,,,,
Vector_CWB_FB_46714D,"2011-05-07 04:00:00",,,,1007.6,24.6,26.2,,,,,,,,,,
Vector_CWB_FB_46714D,"2011-05-07 05:00:00",,,,1007.8,24.8,26.3,,,,,,,,,,
Vector_CWB_FB_46714D,"2011-05-07 06:00:00",,,,1008.3,24.9,26.3,,,,,,,,,,
Vector_CWB_FB_46714D,"2011-05-07 07:00:00",,,,1009,25.4,26.4,0.21,4.8,258,6.5,,,,,,
Vector_CWB_FB_46714D,"2011-05-07 08:00:00",,,,1009.3,27.6,26.6,,,,,,,,,,
Vector_CWB_FB_46714D,"2011-05-07 09:00:00",2,1.4,94,1009.7,27.3,26.7,,,,,,,,,,
Vector_CWB_FB_46714D,"2011-05-07 10:00:00",,,,1009.6,26.9,27.2,0.21,5,191,7.4,,,,,,
Vector_CWB_FB_46714D,"2011-05-07 11:00:00",3.3,2.6,283,1009.1,26.1,26.8,,,,,,,,,,
Vector_CWB_FB_46714D,"2011-05-07 12:00:00",2.9,2.4,276,1008.5,26.2,27.2,0.21,4.9,303,6.1,,,,,,
Vector_CWB_FB_46714D,"2011-05-07 13:00:00",3.7,2.9,270,1008.3,26.2,27.5,0.22,5.1,146,7.4,,,,,,
Vector_CWB_FB_46714D,"2011-05-07 14:00:00",3.3,2.7,295,1007.7,26.3,27.6,0.21,4.9,168,7.4,,,,,,
Vector_CWB_FB_46714D,"2011-05-07 15:00:00",2.8,2.3,287,1007.7,26.5,27.9,0.24,5.7,191,9.5,,,,,,
Vector_CWB_FB_46714D,"2011-05-07 16:00:00",3.4,2.9,302,1007.5,26.5,27.5,,,,,,,,,,
Vector_CWB_FB_46714D,"2011-05-07 17:00:00",3.6,3,306,1007.7,26.8,27.2,,,,,,,,,,
Vector_CWB_FB_46714D,"2011-05-07 18:00:00",4.5,3.6,337,1007.7,26.5,27.2,,,,,,,,,,
Vector_CWB_FB_46714D,"2011-05-07 19:00:00",2.3,1.8,310,1007.9,26.2,26.6,,,,,,,,,,
Vector_CWB_FB_46714D,"2011-05-07 20:00:00",1.7,1.3,296,1008.8,25.9,26.6,,,,,,,,,,
Vector_CWB_FB_46714D,"2011-05-07 21:00:00",1.9,1.4,281,1009.4,25.7,26.6,0.21,4.2,213,6.9,,,,,,
Vector_CWB_FB_46714D,"2011-05-07 22:00:00",3.2,2,200,1009.9,26,26.7,0.22,4.4,112,6.9,,,,,,
Vector_CWB_FB_46714D,"2011-05-07 23:00:00",5.9,4.6,169,1009.7,26.4,26.6,0.27,3.9,146,7.4,,,,,,
Vector_CWB_FB_46714D,"2011-05-08 00:00:00",7.8,6.1,141,1009.3,26.4,26.4,0.55,3.4,146,3.3,,,,,,
Vector_CWB_FB_46714D,"2011-05-08 01:00:00",4.6,3.5,94,1009,25.8,26.4,0.47,3.8,123,4.5,,,,,,
Vector_CWB_FB_46714D,"2011-05-08 02:00:00",4.5,3,46,1008.5,25.8,26.5,0.35,3.7,123,4,,,,,,
Vector_CWB_FB_46714D,"2011-05-08 03:00:00",3.3,2.2,19,1008.3,25.7,26.5,0.36,3.9,146,4.5,,,,,,
Vector_CWB_FB_46714D,"2011-05-08 04:00:00",2.3,1.9,86,1008.1,25.7,26.4,0.3,4.2,168,4.3,,,,,,
Vector_CWB_FB_46714D,"2011-05-08 05:00:00",2.9,2.2,101,1008.1,25.9,26.4,0.31,4.1,202,4.1,,,,,,
Vector_CWB_FB_46714D,"2011-05-08 06:00:00",4.3,3.4,102,1008.2,26.3,26.4,0.26,4,168,3.7,,,,,,
Vector_CWB_FB_46714D,"2011-05-08 07:00:00",3.5,2.4,10,1008.4,26.5,26.4,0.39,3.8,168,8.7,,,,,,
Vector_CWB_FB_46714D,"2011-05-08 08:00:00",3.2,2.8,68,1008.9,26.1,26.6,0.38,4,225,3.6,,,,,,
Vector_CWB_FB_46714D,"2011-05-08 09:00:00",3.1,2.4,59,1008.6,26.6,26.8,0.35,3.9,157,4.5,,,,,,
Vector_CWB_FB_46714D,"2011-05-08 10:00:00",,,,1008.5,28,27.1,0.36,4.3,168,4.9,,,,,,
Vector_CWB_FB_46714D,"2011-05-08 11:00:00",4,3.3,296,1008.2,26.4,26.9,0.34,4.5,337,8.7,,,,,,
Vector_CWB_FB_46714D,"2011-05-08 12:00:00",4.9,4.2,306,1007.7,26.3,26.6,0.37,4.7,168,4.5,,,,,,
Vector_CWB_FB_46714D,"2011-05-08 13:00:00",5.6,4.4,304,1007.2,26.5,26.6,0.43,4.8,157,8.7,,,,,,
Vector_CWB_FB_46714D,"2011-05-08 14:00:00",7.9,5.7,320,1006.9,26.7,26.6,0.45,4.9,157,8.7,,,,,,
Vector_CWB_FB_46714D,"2011-05-08 15:00:00",7.9,5.9,330,1006.8,26.6,26.6,0.45,4.9,168,8.7,,,,,,
Vector_CWB_FB_46714D,"2011-05-08 16:00:00",7.4,5.6,327,1006.5,26.3,26.7,0.55,5.5,146,8.7,,,,,,
Vector_CWB_FB_46714D,"2011-05-08 17:00:00",6.8,5.1,324,1006.5,26.1,26.7,0.48,5.2,157,8,,,,,,
Vector_CWB_FB_46714D,"2011-05-08 18:00:00",6.8,5.2,332,1006.5,26,26.6,0.52,5.3,168,7.4,,,,,,
Vector_CWB_FB_46714D,"2011-05-08 19:00:00",5.7,4,334,1007.7,25.8,26.6,0.5,4.9,157,8.7,,,,,,
Vector_CWB_FB_46714D,"2011-05-08 20:00:00",5.7,4,333,1007.6,25.8,26.6,0.51,5.3,157,9.5,,,,,,
Vector_CWB_FB_46714D,"2011-05-08 21:00:00",5.3,4.2,328,1008.1,25.7,26.6,0.52,4.9,168,6.1,,,,,,
Vector_CWB_FB_46714D,"2011-05-08 22:00:00",4.8,3.6,319,1008.4,25.9,26.6,0.56,4.8,157,10.4,,,,,,
Vector_CWB_FB_46714D,"2011-05-08 23:00:00",2.8,2.2,297,1008.2,25.9,26.6,0.59,5.1,146,7.4,,,,,,
Vector_CWB_FB_46714D,"2011-05-09 00:00:00",5.3,3.7,101,1007.8,26.4,26.7,0.59,5.1,146,8.7,,,,,,
Vector_CWB_FB_46714D,"2011-05-09 01:00:00",4.7,2.8,318,1007.2,26.1,26.6,0.82,4.4,146,4,,,,,,
Vector_CWB_FB_46714D,"2011-05-09 02:00:00",5.1,3.6,329,1006.5,25.8,26.5,0.71,5.3,135,11.6,,,,,,
Vector_CWB_FB_46714D,"2011-05-09 03:00:00",3.9,2.7,338,1006.5,25.6,26,0.65,5.7,146,8.7,,,,,,
Vector_CWB_FB_46714D,"2011-05-09 04:00:00",,,,1006.6,25.5,25.8,0.6,5.4,157,10.4,,,,,,
Vector_CWB_FB_46714D,"2011-05-09 05:00:00",3.6,2.3,327,1006.4,25.7,26.2,0.6,5.4,168,11.6,,,,,,
Vector_CWB_FB_46714D,"2011-05-09 06:00:00",4.4,3,331,1007.1,25.8,26.1,0.45,4.7,180,10.4,,,,,,
Vector_CWB_FB_46714D,"2011-05-09 07:00:00",4.4,3.2,341,1007.4,25.9,26.1,0.52,4.9,168,10.4,,,,,,
Vector_CWB_FB_46714D,"2011-05-09 08:00:00",2.6,1.1,290,1007.3,26.5,26.6,0.57,5.2,146,10.4,,,,,,
Vector_CWB_FB_46714D,"2011-05-09 09:00:00",4.1,3.1,290,1007.1,26.2,26.7,0.61,5.5,146,10.4,,,,,,
Vector_CWB_FB_46714D,"2011-05-09 10:00:00",3.5,2.7,291,1007.3,26.1,27,0.74,6.1,157,11.6,,,,,,
Vector_CWB_FB_46714D,"2011-05-09 11:00:00",4.1,3,288,1007,26.6,27.3,0.75,7.2,168,10.4,,,,,,
Vector_CWB_FB_46714D,"2011-05-09 12:00:00",3.1,2.5,271,1006.7,27.2,27.5,0.7,6.5,146,10.4,,,,,,
Vector_CWB_FB_46714D,"2011-05-09 13:00:00",3.3,2.7,222,1006.2,27.2,27.4,0.78,6.3,168,9.5,,,,,,
Vector_CWB_FB_46714D,"2011-05-09 14:00:00",6.6,5.6,279,1005.2,27.4,27.4,0.64,5.9,157,8.7,,,,,,
Vector_CWB_FB_46714D,"2011-05-09 15:00:00",5.1,3.9,307,1004.4,27.3,27.3,0.78,4.8,157,10.4,,,,,,
Vector_CWB_FB_46714D,"2011-05-09 16:00:00",5.8,4.6,313,1004.5,27.1,27.1,0.72,5.5,135,10.4,,,,,,
Vector_CWB_FB_46714D,"2011-05-09 17:00:00",5.6,4.2,313,1004.8,26.9,27,0.66,5.8,135,10.4,,,,,,
Vector_CWB_FB_46714D,"2011-05-09 18:00:00",3.5,2.7,315,1005.3,27,27,0.56,5.4,135,9.5,,,,,,
Vector_CWB_FB_46714D,"2011-05-09 19:00:00",6.9,6.1,297,1005.8,26.7,27.1,0.47,5.2,157,9.5,,,,,,
Vector_CWB_FB_46714D,"2011-05-09 20:00:00",2.8,1.9,267,1006.2,26.7,27,0.53,5.7,157,11.6,,,,,,
Vector_CWB_FB_46714D,"2011-05-09 21:00:00",,,,1006,26.6,27.1,0.47,4.9,168,10.4,,,,,,
Vector_CWB_FB_46714D,"2011-05-09 22:00:00",2.6,1.8,322,1005.9,26.5,27,0.57,4.5,180,11.6,,,,,,
Vector_CWB_FB_46714D,"2011-05-09 23:00:00",5.1,4.7,288,1005.7,26.2,26.7,0.5,4.4,168,8.7,,,,,,
Vector_CWB_FB_46714D,"2011-05-10 00:00:00",2.5,1.7,331,1005.6,26,26.5,0.54,4.3,157,7.4,,,,,,
Vector_CWB_FB_46714D,"2011-05-10 01:00:00",4.7,3.3,336,1005.2,26,26.3,0.55,4.7,157,9.5,,,,,,
Vector_CWB_FB_46714D,"2011-05-10 02:00:00",3.8,2.8,351,1005.1,25.7,26.2,0.56,4.5,112,13.1,,,,,,
Vector_CWB_FB_46714D,"2011-05-10 03:00:00",2.9,2,356,1005.1,25.6,26.2,0.52,4.9,135,10.4,,,,,,
Vector_CWB_FB_46714D,"2011-05-10 04:00:00",1.7,1.2,68,1005.2,25.6,26,0.59,4.9,135,10.4,,,,,,
Vector_CWB_FB_46714D,"2011-05-10 05:00:00",3.3,2.5,104,1005.2,25.6,26.1,0.58,4.7,146,4.7,,,,,,
Vector_CWB_FB_46714D,"2011-05-10 06:00:00",2.1,1.6,333,1005.1,25.4,25.9,0.4,4.5,146,8.7,,,,,,
Vector_CWB_FB_46714D,"2011-05-10 07:00:00",4.3,3.4,350,1005,26.6,25.9,0.49,5.5,180,7.4,,,,,,
Vector_CWB_FB_46714D,"2011-05-10 08:00:00",5.9,4.4,345,1005.2,26.7,26.3,0.5,5.7,135,10.4,,,,,,
Vector_CWB_FB_46714D,"2011-05-10 09:00:00",6.8,4.7,332,1005.1,26.3,26.5,0.42,5,168,5.2,,,,,,
Vector_CWB_FB_46714D,"2011-05-10 10:00:00",7.5,5.6,332,1005.1,26.5,26.6,0.58,5.2,180,10.4,,,,,,
Vector_CWB_FB_46714D,"2011-05-10 11:00:00",10,7.3,327,1004.6,26.5,26.9,0.63,5,157,9.5,,,,,,
Vector_CWB_FB_46714D,"2011-05-10 12:00:00",10.2,7.6,332,1004.6,27.2,26.9,0.79,6,146,11.6,,,,,,
Vector_CWB_FB_46714D,"2011-05-10 13:00:00",11.5,7.8,325,1003.8,27.4,26.9,0.77,5.2,146,10.4,,,,,,
Vector_CWB_FB_46714D,"2011-05-10 14:00:00",12.1,9.2,323,1003.2,27.1,27,0.7,5.1,236,13.1,,,,,,
Vector_CWB_FB_46714D,"2011-05-10 15:00:00",13.1,9.6,320,1002.9,26.9,26.9,0.73,4.7,135,11.6,,,,,,
Vector_CWB_FB_46714D,"2011-05-10 16:00:00",10.7,8.3,324,1002.7,26.9,26.8,0.72,4.3,168,8,,,,,,
Vector_CWB_FB_46714D,"2011-05-10 17:00:00",10.9,7.7,330,1002.7,26.6,26.6,0.75,4.4,180,8,,,,,,
Vector_CWB_FB_46714D,"2011-05-10 18:00:00",9.2,6.8,335,1002.9,26.3,26.7,0.59,4.8,123,8,,,,,,
Vector_CWB_FB_46714D,"2011-05-10 19:00:00",7.1,5.6,327,1003.9,26.2,26.7,0.58,5.2,270,11.6,,,,,,
Vector_CWB_FB_46714D,"2011-05-10 20:00:00",6,4.8,322,1004.8,26.2,26.7,0.55,5.1,146,9.5,,,,,,
Vector_CWB_FB_46714D,"2011-05-10 21:00:00",5.4,4.5,306,1005.3,26.1,26.7,0.56,5,123,13.1,,,,,,
Vector_CWB_FB_46714D,"2011-05-10 22:00:00",3.3,2.6,303,1005.6,26.1,26.6,0.46,4.2,157,9.5,,,,,,
Vector_CWB_FB_46714D,"2011-05-10 23:00:00",3.7,3.1,304,1005.6,25.9,26.5,0.39,4.1,101,4.7,,,,,,
Vector_CWB_FB_46714D,"2011-05-11 00:00:00",2.9,2.2,324,1005.4,25.8,26.7,0.39,4.1,292,4.7,,,,,,
Vector_CWB_FB_46714D,"2011-05-11 01:00:00",1.9,1.5,357,1005.1,25.5,26.9,0.36,4.4,123,11.6,,,,,,
Vector_CWB_FB_46714D,"2011-05-11 02:00:00",3.1,2.4,18,1004.8,25.6,26.9,0.3,4,146,10.4,,,,,,
Vector_CWB_FB_46714D,"2011-05-11 03:00:00",4,2.9,4,1004.9,25.7,26.7,0.23,3.9,146,7.4,,,,,,
Vector_CWB_FB_46714D,"2011-05-11 04:00:00",4.6,3.3,8,1005,25.9,26.6,0.22,4.7,202,11.6,,,,,,
Vector_CWB_FB_46714D,"2011-05-11 05:00:00",4.2,2.7,343,1005.1,26,25.9,0.24,4.5,326,11.6,,,,,,
Vector_CWB_FB_46714D,"2011-05-11 06:00:00",3.7,2.5,356,1005.7,26.1,26.4,0.38,4.9,168,10.4,,,,,,
Vector_CWB_FB_46714D,"2011-05-11 07:00:00",4.6,3.4,339,1006.1,26.7,26.5,0.44,4.6,157,10.4,,,,,,
Vector_CWB_FB_46714D,"2011-05-11 08:00:00",5.3,3.3,315,1006.8,26.7,26.6,0.48,4.1,180,8,,,,,,
Vector_CWB_FB_46714D,"2011-05-11 09:00:00",5.6,4.2,315,1007.3,26.5,26.6,0.43,4.2,292,3.6,,,,,,
Vector_CWB_FB_46714D,"2011-05-11 10:00:00",5.8,4.7,306,1007.6,26.5,26.9,0.58,4.4,191,8,,,,,,
Vector_CWB_FB_46714D,"2011-05-11 11:00:00",5.7,4.6,308,1007.8,26.6,27.1,0.64,4.4,281,4.3,,,,,,
Vector_CWB_FB_46714D,"2011-05-11 12:00:00",5.9,4.6,305,1007,26.8,27.2,0.66,4.5,202,8,,,,,,
Vector_CWB_FB_46714D,"2011-05-11 13:00:00",5.4,4.6,289,1007,27,27.3,0.72,4.2,247,3.8,,,,,,
Vector_CWB_FB_46714D,"2011-05-11 14:00:00",4.9,4,282,1006.3,27.1,27.5,0.7,4.2,202,5.4,,,,,,
Vector_CWB_FB_46714D,"2011-05-11 15:00:00",6.2,5,274,1005.8,27.2,27.5,0.82,4.9,135,9.5,,,,,,
Vector_CWB_FB_46714D,"2011-05-11 16:00:00",5.8,4.9,278,1005.4,27.2,27.4,0.71,4.6,213,5.8,,,,,,
Vector_CWB_FB_46714D,"2011-05-11 17:00:00",4.9,4,276,1005.1,27.2,27.4,0.77,4.9,213,5.2,,,,,,
Vector_CWB_FB_46714D,"2011-05-11 18:00:00",6,5.2,266,1005.5,27.1,27.4,0.66,4.9,236,5.4,,,,,,
Vector_CWB_FB_46714D,"2011-05-11 19:00:00",5,4.1,276,1006.3,26.9,27.3,0.67,5,236,5.2,,,,,,
Vector_CWB_FB_46714D,"2011-05-11 20:00:00",6.3,5.4,263,1006.8,26.9,27.2,0.8,4.9,157,5.4,,,,,,
Vector_CWB_FB_46714D,"2011-05-11 21:00:00",5,4.1,265,1007.5,26.8,27.1,0.72,4.8,180,5.4,,,,,,
Vector_CWB_FB_46714D,"2011-05-11 22:00:00",5.1,4.3,281,1008.3,26.9,27.1,0.78,4.8,168,6.5,,,,,,
Vector_CWB_FB_46714D,"2011-05-11 23:00:00",4.4,3.7,284,1008.3,26.8,27.3,0.79,4.9,202,5.8,,,,,,
Vector_CWB_FB_46714D,"2011-05-12 00:00:00",3.6,3,304,1008.3,26.8,27.2,0.69,4.7,157,7.4,,,,,,
Vector_CWB_FB_46714D,"2011-05-12 01:00:00",4.1,3.4,310,1007.5,26.7,27.4,0.63,4.7,191,5.8,,,,,,
Vector_CWB_FB_46714D,"2011-05-12 02:00:00",4.5,3.6,307,1006.8,26.8,27.4,0.68,5,202,6.1,,,,,,
Vector_CWB_FB_46714D,"2011-05-12 03:00:00",3,2.3,323,1006.8,26.6,27.5,0.62,4.7,168,6.1,,,,,,
Vector_CWB_FB_46714D,"2011-05-12 04:00:00",3.5,2.8,318,1006.7,26.7,27.4,0.57,4.9,191,5.8,,,,,,
Vector_CWB_FB_46714D,"2011-05-12 05:00:00",3.5,2.6,328,1006.8,26.6,27.3,0.56,4.8,146,6.5,,,,,,
Vector_CWB_FB_46714D,"2011-05-12 06:00:00",3.1,2.4,344,1007.4,26.6,26.9,0.61,5,180,5.8,,,,,,
Vector_CWB_FB_46714D,"2011-05-12 07:00:00",4.5,3.1,333,1008.1,26.7,26.4,0.68,4.8,202,5.8,,,,,,
Vector_CWB_FB_46714D,"2011-05-12 08:00:00",5.9,4.6,330,1008.5,27.1,26.5,0.69,4.7,225,5.4,,,,,,
Vector_CWB_FB_46714D,"2011-05-12 09:00:00",5.6,4.2,314,1008.8,27.5,26.4,0.73,4.9,202,5.8,,,,,,
Vector_CWB_FB_46714D,"2011-05-12 10:00:00",4.1,2.9,305,1006.3,26.5,26,0.71,4.6,213,6.1,,,,,,
Vector_CWB_FB_46714D,"2011-05-12 11:00:00",3.2,2.4,281,1006.5,26.4,26.3,0.68,4.3,213,5.4,,,,,,
Vector_CWB_FB_46714D,"2011-05-12 12:00:00",3.2,2.1,277,1006,26.4,26.6,0.73,4.3,258,4.7,,,,,,
Vector_CWB_FB_46714D,"2011-05-12 13:00:00",4,3.1,272,1005.5,26.5,27,0.59,4.2,247,4.5,,,,,,
Vector_CWB_FB_46714D,"2011-05-12 14:00:00",5,4.1,269,1005,26.8,26.7,0.55,4.2,281,4.3,,,,,,
Vector_CWB_FB_46714D,"2011-05-12 15:00:00",4.7,3.9,282,1003.9,26.8,27.1,0.5,4.2,191,5.4,,,,,,
Vector_CWB_FB_46714D,"2011-05-12 16:00:00",5.1,4.2,283,1003.4,26.9,27.4,0.49,4.6,180,5.4,,,,,,
Vector_CWB_FB_46714D,"2011-05-12 17:00:00",3.6,2.8,297,1005,27.1,27,0.46,4.3,191,5.8,,,,,,
Vector_CWB_FB_46714D,"2011-05-12 18:00:00",1.9,1.5,299,1005.3,26.9,27.4,0.47,4.7,168,5.4,,,,,,
Vector_CWB_FB_46714D,"2011-05-12 19:00:00",,,,1006.2,26.6,27.7,0.51,4.6,180,5.2,,,,,,
Vector_CWB_FB_46714D,"2011-05-12 20:00:00",,,,1009,27.3,28,0.46,4.7,168,5.4,,,,,,
Vector_CWB_FB_46714D,"2011-05-12 21:00:00",,,,1010.2,27.3,28.3,0.44,4.6,180,5.2,,,,,,
Vector_CWB_FB_46714D,"2011-05-12 22:00:00",2.1,1.5,175,1010.5,27.3,27.7,0.41,4.3,157,4.5,,,,,,
Vector_CWB_FB_46714D,"2011-05-12 23:00:00",2,1.3,181,1010.5,27.1,26.8,0.52,4.5,191,5.8,,,,,,
Vector_CWB_FB_46714D,"2011-05-13 00:00:00",,,,1009.8,27.2,28,0.53,4.5,112,4.9,,,,,,
Vector_CWB_FB_46714D,"2011-05-13 01:00:00",2,1.5,271,1009.4,27.3,28.1,0.52,4.5,202,5.4,,,,,,
Vector_CWB_FB_46714D,"2011-05-13 02:00:00",1.9,1.5,297,1008.6,27.1,27.8,0.6,4.6,180,4.9,,,,,,
Vector_CWB_FB_46714D,"2011-05-13 03:00:00",2.6,2,305,1008.7,27.1,28,0.61,4.5,168,5.2,,,,,,
Vector_CWB_FB_46714D,"2011-05-13 04:00:00",,,,1008.8,27,28.1,0.58,4.5,213,4.7,,,,,,
Vector_CWB_FB_46714D,"2011-05-13 05:00:00",,,,1009,26.9,28.2,0.52,4.9,180,5.4,,,,,,
Vector_CWB_FB_46714D,"2011-05-13 06:00:00",,,,1009.5,26.9,28.2,0.51,5,157,5.4,,,,,,
Vector_CWB_FB_46714D,"2011-05-13 07:00:00",2.7,1.9,317,1009.7,27,27.9,0.57,5.4,168,8,,,,,,
Vector_CWB_FB_46714D,"2011-05-13 08:00:00",2.4,1.5,95,1009.9,27.2,27.8,0.53,5.2,157,6.9,,,,,,
Vector_CWB_FB_46714D,"2011-05-13 09:00:00",3.1,2.4,126,1010.3,27.5,27.5,0.62,5.1,202,6.9,,,,,,
Vector_CWB_FB_46714D,"2011-05-13 10:00:00",3.6,2.9,184,1010.2,27.5,27.6,0.65,5.2,191,6.9,,,,,,
Vector_CWB_FB_46714D,"2011-05-13 11:00:00",4.1,3.2,195,1010.1,27.5,27.8,0.61,5,202,7.4,,,,,,
Vector_CWB_FB_46714D,"2011-05-13 12:00:00",4.3,3.3,207,1009.7,27.9,27.8,0.67,5.1,225,8,,,,,,
Vector_CWB_FB_46714D,"2011-05-13 13:00:00",7.1,5.1,210,1009.1,27.4,27.6,0.63,5,247,7.4,,,,,,
Vector_CWB_FB_46714D,"2011-05-13 14:00:00",6.8,5.7,220,1008.7,27.6,27.8,0.58,4.7,258,6.9,,,,,,
Vector_CWB_FB_46714D,"2011-05-13 15:00:00",4.9,4,222,1008.2,26.9,28,0.62,4.5,258,6.9,,,,,,
Vector_CWB_FB_46714D,"2011-05-13 16:00:00",3.6,3.1,220,1008.1,27.8,28.4,0.56,4.9,247,6.5,,,,,,
Vector_CWB_FB_46714D,"2011-05-13 17:00:00",3.1,2.5,213,1008.5,27.9,28.5,0.63,5.2,225,7.4,,,,,,
Vector_CWB_FB_46714D,"2011-05-13 18:00:00",7.2,4.7,218,1009.3,27.7,28.8,0.5,5.2,202,8,,,,,,
Vector_CWB_FB_46714D,"2011-05-13 19:00:00",6.3,4.3,354,1010.2,27,28.8,0.5,5.4,202,6.9,,,,,,
Vector_CWB_FB_46714D,"2011-05-13 20:00:00",3.6,2.9,160,1010.9,26.5,28.8,0.6,5.7,202,7.4,,,,,,
Vector_CWB_FB_46714D,"2011-05-13 21:00:00",2.5,1.7,107,1011,26.1,28.7,0.52,5.5,180,6.5,,,,,,
Vector_CWB_FB_46714D,"2011-05-13 22:00:00",2.9,1.9,71,1011.3,26.4,28.6,0.53,5.5,191,7.4,,,,,,
Vector_CWB_FB_46714D,"2011-05-13 23:00:00",3.8,2.8,137,1011.2,26.6,28.2,0.63,5.7,157,7.4,,,,,,
Vector_CWB_FB_46714D,"2011-05-14 00:00:00",4.9,3.9,136,1010.4,26.6,28,0.77,5.5,236,7.4,,,,,,
Vector_CWB_FB_46714D,"2011-05-14 01:00:00",7.2,5.7,127,1009.8,26.5,27.5,0.85,4.6,236,7.4,,,,,,
Vector_CWB_FB_46714D,"2011-05-14 02:00:00",6.9,5.8,118,1009.2,26.5,27.5,0.95,4.6,236,6.5,,,,,,
Vector_CWB_FB_46714D,"2011-05-14 03:00:00",5.8,4.9,119,1009.3,26.6,27.7,0.92,4.4,281,6.5,,,,,,
Vector_CWB_FB_46714D,"2011-05-14 04:00:00",1.8,1.1,99,1009.4,26.5,27.9,0.95,4.7,281,7.4,,,,,,
Vector_CWB_FB_46714D,"2011-05-14 05:00:00",3,2.1,49,1009.7,26.5,27.9,0.77,4.6,258,7.4,,,,,,
Vector_CWB_FB_46714D,"2011-05-14 06:00:00",3.2,2.3,63,1010.5,26.1,27.8,0.72,4.8,281,6.5,,,,,,
Vector_CWB_FB_46714D,"2011-05-14 07:00:00",2.6,1.9,86,1011.3,26.2,27.9,0.6,4.8,270,6.9,,,,,,
Vector_CWB_FB_46714D,"2011-05-14 08:00:00",,,,1011.8,26.6,28,0.52,4.7,281,8,,,,,,
Vector_CWB_FB_46714D,"2011-05-14 09:00:00",1.9,1.2,107,1012.2,27.1,28.3,0.51,4.5,191,7.4,,,,,,
Vector_CWB_FB_46714D,"2011-05-14 10:00:00",4.3,1.3,186,1012.5,28.1,28.5,0.48,4.7,225,6.9,,,,,,
Vector_CWB_FB_46714D,"2011-05-14 11:00:00",,,,1012.7,27.9,29,0.46,4.7,56,7.4,,,,,,
Vector_CWB_FB_46714D,"2011-05-14 12:00:00",2.7,2,257,1011.9,27.9,28.9,0.48,5.1,292,7.4,,,,,,
Vector_CWB_FB_46714D,"2011-05-14 13:00:00",5.1,3.9,293,1011.1,27.2,28.5,0.6,4.9,258,7.4,,,,,,
Vector_CWB_FB_46714D,"2011-05-14 14:00:00",4.9,3.8,304,1011,27.2,28.4,0.62,5,258,6.1,,,,,,
Vector_CWB_FB_46714D,"2011-05-14 15:00:00",4.7,3.9,306,1010.5,27,28.8,0.54,4.8,258,7.4,,,,,,
Vector_CWB_FB_46714D,"2011-05-14 16:00:00",5.5,4.3,317,1010.6,26.7,28.1,0.59,4.5,292,6.9,,,,,,
Vector_CWB_FB_46714D,"2011-05-14 17:00:00",5.3,3.5,349,1010.4,27,28,0.59,4.8,258,6.9,,,,,,
Vector_CWB_FB_46714D,"2011-05-14 18:00:00",4.2,2.7,354,1010.9,26.9,27.9,0.56,4.6,247,7.4,,,,,,
Vector_CWB_FB_46714D,"2011-05-14 19:00:00",2.8,1.9,341,1011.4,27,28.2,0.48,4.8,258,7.4,,,,,,
Vector_CWB_FB_46714D,"2011-05-14 20:00:00",,,,1012,26.9,28.3,0.44,5,67,7.4,,,,,,
Vector_CWB_FB_46714D,"2011-05-14 21:00:00",,,,1012.4,27.1,28.1,0.39,5,236,8,,,,,,
Vector_CWB_FB_46714D,"2011-05-14 22:00:00",4.1,3.3,131,1012.9,26.9,28.3,0.44,5.4,213,7.4,,,,,,
Vector_CWB_FB_46714D,"2011-05-14 23:00:00",4.1,3.1,136,1012.7,26.7,28,0.51,5,213,6.9,,,,,,
Vector_CWB_FB_46714D,"2011-05-15 00:00:00",2.8,2.1,194,1012.4,26.8,28,0.5,4.4,202,7.4,,,,,,
Vector_CWB_FB_46714D,"2011-05-15 01:00:00",,,,1011.9,26.8,27.8,0.55,4.5,236,8,,,,,,
Vector_CWB_FB_46714D,"2011-05-15 02:00:00",,,,1011.7,26.9,27.7,0.59,4.7,258,7.4,,,,,,
Vector_CWB_FB_46714D,"2011-05-15 03:00:00",3.9,3.1,290,1011.8,26.8,27.5,0.67,4.9,270,5.8,,,,,,
Vector_CWB_FB_46714D,"2011-05-15 04:00:00",,,,1012,26.3,27.4,0.66,5,258,7.4,,,,,,
Vector_CWB_FB_46714D,"2011-05-15 05:00:00",1.6,1.2,32,1012,26.1,27.3,0.63,5.1,292,6.9,,,,,,
Vector_CWB_FB_46714D,"2011-05-15 06:00:00",2.5,1.9,30,1012.5,26.1,27.5,0.57,5.2,270,6.5,,,,,,
Vector_CWB_FB_46714D,"2011-05-15 07:00:00",1.9,1.1,18,1013.2,26.6,27.6,0.57,5.3,258,6.9,,,,,,
Vector_CWB_FB_46714D,"2011-05-15 08:00:00",2.7,1.9,71,1013.5,27.2,27.7,0.51,5.3,281,7.4,,,,,,
Vector_CWB_FB_46714D,"2011-05-15 09:00:00",2.7,1.5,308,1013.9,26.8,28,0.46,5.5,281,5.8,,,,,,
Vector_CWB_FB_46714D,"2011-05-15 10:00:00",2.8,2.3,299,1014.1,26.9,28.1,0.54,5.8,281,8.7,,,,,,
Vector_CWB_FB_46714D,"2011-05-15 11:00:00",3.7,3.1,303,1014,26.8,28.4,0.41,5.3,281,6.9,,,,,,
Vector_CWB_FB_46714D,"2011-05-15 12:00:00",4.8,4.1,309,1013.6,26.7,28.5,0.36,5.4,258,8,,,,,,
Vector_CWB_FB_46714D,"2011-05-15 13:00:00",6.5,5.5,311,1012.8,26.7,28.4,0.39,5.3,236,6.9,,,,,,
Vector_CWB_FB_46714D,"2011-05-15 14:00:00",7,5.5,315,1012.2,26.5,28.6,0.45,4.8,258,6.9,,,,,,
Vector_CWB_FB_46714D,"2011-05-15 15:00:00",7,5.6,329,1011.7,26.5,28.5,0.44,5,236,7.4,,,,,,
Vector_CWB_FB_46714D,"2011-05-15 16:00:00",7.7,6,330,1011.9,26.7,28.3,0.44,4.7,258,6.5,,,,,,
Vector_CWB_FB_46714D,"2011-05-15 17:00:00",8.1,6.2,318,1011.9,26.8,28,0.45,4.3,225,6.5,,,,,,
Vector_CWB_FB_46714D,"2011-05-15 18:00:00",7.1,5.9,326,1011.7,26.8,28.1,0.52,4.3,281,7.4,,,,,,
Vector_CWB_FB_46714D,"2011-05-15 19:00:00",7.4,5.8,334,1012.1,26.8,28.2,0.5,3.8,281,5.2,,,,,,
Vector_CWB_FB_46714D,"2011-05-15 20:00:00",6.9,5,336,1012.7,26.9,28.4,0.34,4.4,236,7.4,,,,,,
Vector_CWB_FB_46714D,"2011-05-15 21:00:00",5.9,4.4,330,1012.8,27.3,28.1,0.33,4.4,135,6.9,,,,,,
Vector_CWB_FB_46714D,"2011-05-15 22:00:00",5.7,4.3,333,1013.2,27.2,28.1,0.29,5,191,7.4,,,,,,
Vector_CWB_FB_46714D,"2011-05-15 23:00:00",6.5,4.4,339,1012.8,26.9,28,0.38,5,258,6.5,,,,,,
Vector_CWB_FB_46714D,"2011-05-16 00:00:00",6.2,4,339,1012.5,26.8,28,0.46,4.7,247,7.4,,,,,,
Vector_CWB_FB_46714D,"2011-05-16 01:00:00",7.6,5.2,337,1012.2,26.4,27.8,0.54,5,270,6.5,,,,,,
Vector_CWB_FB_46714D,"2011-05-16 02:00:00",6,4.4,353,1011.8,26.3,27.3,0.48,5,236,8,,,,,,
Vector_CWB_FB_46714D,"2011-05-16 03:00:00",5.4,4.1,356,1011.3,26.2,27.4,0.48,4.8,270,5.8,,,,,,
Vector_CWB_FB_46714D,"2011-05-16 04:00:00",3.7,2.7,26,1010.8,25.8,27.3,0.68,4.9,292,5.2,,,,,,
Vector_CWB_FB_46714D,"2011-05-16 05:00:00",2.4,1.8,4,1010.8,25.7,27.4,0.54,4.8,303,5.4,,,,,,
Vector_CWB_FB_46714D,"2011-05-16 06:00:00",6,4.3,336,1011.1,25.6,27.4,0.54,4.6,292,4.7,,,,,,
Vector_CWB_FB_46714D,"2011-05-16 07:00:00",5.5,4.3,332,1011.7,25.6,27.5,0.47,4.3,258,6.9,,,,,,
Vector_CWB_FB_46714D,"2011-05-16 08:00:00",5.4,3.8,338,1012,25.9,27.6,0.41,4.2,281,5.8,,,,,,
Vector_CWB_FB_46714D,"2011-05-16 09:00:00",5.9,3.9,339,1012.2,26.5,27.8,0.37,4,292,4.9,,,,,,
Vector_CWB_FB_46714D,"2011-05-16 10:00:00",7.5,6.1,310,1012.6,26.1,27.9,0.38,4.5,258,7.4,,,,,,
Vector_CWB_FB_46714D,"2011-05-16 11:00:00",8.3,6.8,315,1012.5,26.1,27.9,0.38,4,270,6.5,,,,,,
Vector_CWB_FB_46714D,"2011-05-16 12:00:00",8,6.8,314,1011.8,26.1,27.8,0.41,3.5,101,3,,,,,,
Vector_CWB_FB_46714D,"2011-05-16 13:00:00",9.2,7.3,318,1010.9,26.3,27.8,0.39,3.8,281,6.1,,,,,,
Vector_CWB_FB_46714D,"2011-05-16 14:00:00",9.3,7.4,325,1009.9,26.3,27.8,0.54,3.8,123,3.7,,,,,,
Vector_CWB_FB_46714D,"2011-05-16 15:00:00",10.2,7.4,327,1009.1,26.4,27.8,0.43,3.9,281,3.7,,,,,,
Vector_CWB_FB_46714D,"2011-05-16 16:00:00",9.3,7,329,1008.9,26.3,27.8,0.42,3.9,281,4,,,,,,
Vector_CWB_FB_46714D,"2011-05-16 17:00:00",8.6,6.4,336,1009,26.8,27.7,0.46,3.6,258,4.3,,,,,,
Vector_CWB_FB_46714D,"2011-05-16 18:00:00",8.8,6.8,322,1009.1,26.6,27.7,0.4,3.6,303,4.9,,,,,,
Vector_CWB_FB_46714D,"2011-05-16 19:00:00",8.7,6.7,319,1009.7,26.4,28.1,0.35,3.5,292,4.7,,,,,,
Vector_CWB_FB_46714D,"2011-05-16 20:00:00",7.1,6,313,1010.3,26.6,28.1,0.3,3.6,258,6.5,,,,,,
Vector_CWB_FB_46714D,"2011-05-16 21:00:00",8.1,6.7,314,1010.7,26.1,28,0.26,3.4,281,2.6,,,,,,
Vector_CWB_FB_46714D,"2011-05-16 22:00:00",7.3,5.7,306,1011.1,26.3,27.7,0.22,4,146,6.1,,,,,,
Vector_CWB_FB_46714D,"2011-05-16 23:00:00",6.5,4.9,332,1010.4,26.4,27.8,0.24,3.6,202,5.8,,,,,,
Vector_CWB_FB_46714D,"2011-05-17 00:00:00",5.6,4.5,320,1010.2,26.5,27.4,0.33,3.8,213,3.1,,,,,,
Vector_CWB_FB_46714D,"2011-05-17 01:00:00",4.7,3.2,343,1009.4,26.2,27.4,0.32,4.1,258,6.5,,,,,,
Vector_CWB_FB_46714D,"2011-05-17 02:00:00",3.5,2.4,352,1008.9,25.8,27.3,0.36,4,281,4.3,,,,,,
Vector_CWB_FB_46714D,"2011-05-17 03:00:00",3.3,2.2,35,1008.2,25,27.2,0.26,4.5,270,6.1,,,,,,
Vector_CWB_FB_46714D,"2011-05-17 04:00:00",2,1.3,347,1008.4,24.8,26.9,0.33,4.2,281,4.9,,,,,,
Vector_CWB_FB_46714D,"2011-05-17 05:00:00",2.1,1.7,327,1008.4,25.1,27.1,0.52,4.3,281,4.7,,,,,,
Vector_CWB_FB_46714D,"2011-05-17 06:00:00",4.9,3.9,336,1008.4,24.6,27.3,0.64,4.8,303,6.5,,,,,,
Vector_CWB_FB_46714D,"2011-05-17 07:00:00",3.9,3.1,323,1008.9,24.7,27.6,0.48,4.5,303,5.4,,,,,,
Vector_CWB_FB_46714D,"2011-05-17 08:00:00",3.3,2.5,337,1009.1,24.7,27.6,0.47,5,281,5.8,,,,,,
Vector_CWB_FB_46714D,"2011-05-17 09:00:00",3.2,2.2,328,1009.2,24.9,27.7,0.47,5.4,292,8,,,,,,
Vector_CWB_FB_46714D,"2011-05-17 10:00:00",4.1,2.8,155,1009.4,25.3,27.7,0.45,4.8,270,8,,,,,,
Vector_CWB_FB_46714D,"2011-05-17 11:00:00",4.3,2.5,223,1009.3,25.2,27.5,0.57,4,303,3.4,,,,,,
Vector_CWB_FB_46714D,"2011-05-17 12:00:00",5.8,4.4,330,1009.3,23.1,27.3,0.75,4.3,258,6.5,,,,,,
Vector_CWB_FB_46714D,"2011-05-17 13:00:00",7.9,6,328,1008.8,22.9,27.3,0.65,4.4,270,6.5,,,,,,
Vector_CWB_FB_46714D,"2011-05-17 14:00:00",6,4.3,327,1008.8,22.7,27.3,0.66,4.5,270,7.4,,,,,,
Vector_CWB_FB_46714D,"2011-05-17 15:00:00",6.2,4.6,341,1008.6,22.4,27.2,0.56,4.3,281,5.2,,,,,,
Vector_CWB_FB_46714D,"2011-05-17 16:00:00",4.1,2.2,10,1008.5,22.5,27.5,0.8,5,281,5.8,,,,,,
Vector_CWB_FB_46714D,"2011-05-17 17:00:00",3.1,2.4,19,1008.4,22.5,27.4,0.99,5.1,281,6.9,,,,,,
Vector_CWB_FB_46714D,"2011-05-17 18:00:00",4.3,3,20,1008.7,22.3,27.4,0.87,5.1,281,7.4,,,,,,
Vector_CWB_FB_46714D,"2011-05-17 19:00:00",5.6,4.2,352,1008.5,22.4,27.4,0.79,5.5,281,8,,,,,,
Vector_CWB_FB_46714D,"2011-05-17 20:00:00",4.4,3.2,353,1009.4,22.4,27.5,0.57,4.8,123,8,,,,,,
Vector_CWB_FB_46714D,"2011-05-17 21:00:00",2.4,1.2,302,1010,22.5,27.5,0.52,5.1,281,8,,,,,,
Vector_CWB_FB_46714D,"2011-05-17 22:00:00",,,,1010.5,22.4,27.5,0.34,4.9,258,7.4,,,,,,
Vector_CWB_FB_46714D,"2011-05-17 23:00:00",2,1.1,253,1010,22.8,27.5,0.35,5.1,247,6.1,,,,,,
Vector_CWB_FB_46714D,"2011-05-18 00:00:00",3.2,2.2,249,1009.5,23.4,27.5,0.38,5,258,6.1,,,,,,
Vector_CWB_FB_46714D,"2011-05-18 01:00:00",4.2,3.1,337,1008.9,23.1,27.5,0.35,5.1,191,6.9,,,,,,
Vector_CWB_FB_46714D,"2011-05-18 02:00:00",3.3,2.6,345,1008.4,23.3,27.5,0.33,4.8,258,6.5,,,,,,
Vector_CWB_FB_46714D,"2011-05-18 03:00:00",3.5,2.5,2,1008.1,23.3,27.4,0.22,4.4,258,5.8,,,,,,
Vector_CWB_FB_46714D,"2011-05-18 04:00:00",3.2,2,3,1007.9,23.5,27.3,0.28,4.3,236,6.9,,,,,,
Vector_CWB_FB_46714D,"2011-05-18 05:00:00",4.2,3.2,24,1008,23.4,27.2,0.34,4.1,281,5.8,,,,,,
Vector_CWB_FB_46714D,"2011-05-18 06:00:00",4.3,3.4,36,1008.2,23.4,27.1,0.4,4.6,303,6.1,,,,,,
Vector_CWB_FB_46714D,"2011-05-18 07:00:00",4.2,3.1,30,1009.2,23.4,27.3,0.32,4.4,303,6.9,,,,,,
Vector_CWB_FB_46714D,"2011-05-18 08:00:00",3.5,2,44,1009.6,23.6,27.2,0.29,4.2,292,6.9,,,,,,
Vector_CWB_FB_46714D,"2011-05-18 09:00:00",3.8,2.4,36,1009.4,23.9,27.2,0.33,5,281,8.7,,,,,,
Vector_CWB_FB_46714D,"2011-05-18 10:00:00",3.1,1.9,51,1009.6,24,27.2,0.28,4.9,281,6.9,,,,,,
Vector_CWB_FB_46714D,"2011-05-18 11:00:00",,,,1009.7,24.1,27.3,0.35,4.9,292,7.4,,,,,,
Vector_CWB_FB_46714D,"2011-05-18 12:00:00",2.8,2.1,133,1009.7,24,27.2,0.27,4.2,157,6.5,,,,,,
Vector_CWB_FB_46714D,"2011-05-18 13:00:00",1.7,1.1,118,1009.2,23.9,27.1,0.31,4.6,213,6.5,,,,,,
Vector_CWB_FB_46714D,"2011-05-18 14:00:00",2.7,1.7,55,1008.5,24,27.1,0.32,4.3,225,4.7,,,,,,
Vector_CWB_FB_46714D,"2011-05-18 15:00:00",,,,1008.6,23.7,27,0.33,4.5,247,6.9,,,,,,
Vector_CWB_FB_46714D,"2011-05-18 16:00:00",2.1,1.3,320,1008.7,23.5,27,0.32,4.1,146,5.2,,,,,,
Vector_CWB_FB_46714D,"2011-05-18 17:00:00",,,,1008.2,23.5,27,0.37,4.4,281,4.5,,,,,,
Vector_CWB_FB_46714D,"2011-05-18 18:00:00",,,,1009,23.5,27,0.32,4.2,292,4.9,,,,,,
Vector_CWB_FB_46714D,"2011-05-18 19:00:00",,,,1009.1,23.9,27.3,0.31,4.2,303,6.1,,,,,,
Vector_CWB_FB_46714D,"2011-05-18 20:00:00",,,,1009.9,24.2,27.3,0.27,4.5,202,5.8,,,,,,
Vector_CWB_FB_46714D,"2011-05-18 21:00:00",2.1,1.4,85,1010.1,24.6,27.2,0.32,4.5,146,8,,,,,,
Vector_CWB_FB_46714D,"2011-05-18 22:00:00",2.1,1.3,104,1010.6,24.9,27.1,0.24,4.6,168,6.5,,,,,,
Vector_CWB_FB_46714D,"2011-05-18 23:00:00",2.2,1.6,357,1010.6,24.8,26.9,0.29,4.7,135,6.1,,,,,,
Vector_CWB_FB_46714D,"2011-05-19 00:00:00",2.2,1.4,9,1010.2,24.8,27.1,0.33,4.8,191,5.4,,,,,,
Vector_CWB_FB_46714D,"2011-05-19 01:00:00",2.2,1.6,23,1009.9,24.5,27.1,0.31,5.1,270,6.9,,,,,,
Vector_CWB_FB_46714D,"2011-05-19 02:00:00",2.5,2,35,1010,24.7,27.2,0.26,4.5,236,6.1,,,,,,
Vector_CWB_FB_46714D,"2011-05-19 03:00:00",4.7,3.8,40,1009.5,24.7,27.1,0.23,4.3,247,5.2,,,,,,
Vector_CWB_FB_46714D,"2011-05-19 04:00:00",4.7,4,62,1009.2,24.6,27.1,0.22,4.1,270,4.9,,,,,,
Vector_CWB_FB_46714D,"2011-05-19 05:00:00",3.7,2.9,54,1009.5,24.6,27.1,0.23,4.2,258,5.4,,,,,,
Vector_CWB_FB_46714D,"2011-05-19 06:00:00",2.9,2.4,65,1010,24.7,27,0.25,4.1,281,5.2,,,,,,
Vector_CWB_FB_46714D,"2011-05-19 07:00:00",2.8,2.2,97,1010.3,24.5,26.9,0.25,4,270,3.8,,,,,,
Vector_CWB_FB_46714D,"2011-05-19 08:00:00",3.6,2.9,97,1010.1,24.8,27,0.22,4.2,281,4.7,,,,,,
Vector_CWB_FB_46714D,"2011-05-19 09:00:00",5,4,156,1010.8,25.1,26.8,0.27,4.3,258,4.7,,,,,,
Vector_CWB_FB_46714D,"2011-05-19 10:00:00",6.7,5.4,152,1011,25.1,26.7,0.26,4.3,258,4.7,,,,,,
Vector_CWB_FB_46714D,"2011-05-19 11:00:00",9.1,7.5,147,1009.8,24.9,26.7,0.33,3.7,213,3.2,,,,,,
Vector_CWB_FB_46714D,"2011-05-19 12:00:00",5.4,3.9,144,1010.6,25.1,26.8,0.54,3.7,180,4.1,,,,,,
Vector_CWB_FB_46714D,"2011-05-19 13:00:00",5.9,4.5,175,1010.4,25.6,26.9,0.56,3.5,157,3.7,,,,,,
Vector_CWB_FB_46714D,"2011-05-19 14:00:00",5.6,4.4,155,1010,25.6,26.9,0.56,3.8,168,4.1,,,,,,
Vector_CWB_FB_46714D,"2011-05-19 15:00:00",4.9,3.5,165,1009.3,25.7,27,0.7,4.1,180,4.5,,,,,,
Vector_CWB_FB_46714D,"2011-05-19 16:00:00",5.7,4.5,148,1008.8,25.9,26.9,0.73,4,202,4.5,,,,,,
Vector_CWB_FB_46714D,"2011-05-19 17:00:00",5.2,4,171,1008.7,26.1,26.9,0.59,4,202,4.7,,,,,,
Vector_CWB_FB_46714D,"2011-05-19 18:00:00",8.4,5.7,170,1008.8,25.9,27,0.56,3.8,202,4.7,,,,,,
Vector_CWB_FB_46714D,"2011-05-19 19:00:00",7.5,6.1,166,1009.2,25.4,27,0.52,3.9,191,4,,,,,,
Vector_CWB_FB_46714D,"2011-05-19 20:00:00",6.8,5.9,170,1009.2,26,27,0.6,3.8,225,5.4,,,,,,
Vector_CWB_FB_46714D,"2011-05-19 21:00:00",7.5,6.3,148,1009.6,26,27.4,0.62,3.9,112,4.3,,,,,,
Vector_CWB_FB_46714D,"2011-05-19 22:00:00",7.6,6.2,144,1010.2,26,27.4,0.63,4.1,123,4.9,,,,,,
Vector_CWB_FB_46714D,"2011-05-19 23:00:00",7.6,6.1,142,1009.9,26.2,27.3,0.69,4.3,112,4.5,,,,,,
Vector_CWB_FB_46714D,"2011-05-20 00:00:00",6.8,5.3,164,1009.6,26,27,0.63,4.3,123,4.7,,,,,,
Vector_CWB_FB_46714D,"2011-05-20 01:00:00",6.8,5.6,156,1009.3,26.1,27,0.62,4.2,213,4.7,,,,,,
Vector_CWB_FB_46714D,"2011-05-20 02:00:00",7.4,5.8,146,1005.7,25.3,26.5,0.64,4.1,202,4.9,,,,,,
Vector_CWB_FB_46714D,"2011-05-20 03:00:00",6.7,5.2,148,1005.6,25.3,26.4,0.59,4.1,225,4.7,,,,,,
Vector_CWB_FB_46714D,"2011-05-20 04:00:00",6.9,5.5,152,1005.1,24.9,26.4,0.48,3.9,236,4.1,,,,,,
Vector_CWB_FB_46714D,"2011-05-20 05:00:00",7,5.3,143,1005.5,24.4,26.5,0.46,3.9,213,4.5,,,,,,
Vector_CWB_FB_46714D,"2011-05-20 06:00:00",6.3,5,161,1006.1,22.8,26.7,0.41,3.8,292,4.7,,,,,,
Vector_CWB_FB_46714D,"2011-05-20 07:00:00",6.7,5.4,93,1007.1,23.5,26.6,0.38,3.9,292,4.3,,,,,,
Vector_CWB_FB_46714D,"2011-05-20 08:00:00",4.3,3.1,67,1007.3,23.2,26.5,0.52,3.9,168,4.1,,,,,,
Vector_CWB_FB_46714D,"2011-05-20 09:00:00",4.6,3.5,18,1007.4,22.7,26.6,0.49,3.9,202,4.3,,,,,,
Vector_CWB_FB_46714D,"2011-05-20 10:00:00",5.2,4.5,47,1008.3,22.9,26.6,0.44,3.7,180,3.6,,,,,,
Vector_CWB_FB_46714D,"2011-05-20 11:00:00",,,,1007.6,22.3,26.5,0.38,3.8,258,4.3,,,,,,
Vector_CWB_FB_46714D,"2011-05-20 12:00:00",3,2.2,134,1007.4,23.9,26.8,0.33,4.1,213,4.5,,,,,,
Vector_CWB_FB_46714D,"2011-05-20 13:00:00",4.9,4,180,1006.2,24,26.7,0.32,4.2,292,4.5,,,,,,
Vector_CWB_FB_46714D,"2011-05-20 14:00:00",4.8,3.7,183,1006.5,24.1,26.8,0.34,4,213,4.7,,,,,,
Vector_CWB_FB_46714D,"2011-05-20 15:00:00",5,3.7,166,1006.1,24.6,26.8,0.36,4,202,4.7,,,,,,
Vector_CWB_FB_46714D,"2011-05-20 16:00:00",1.5,1.1,155,1006.4,24.6,27.1,0.35,3.9,202,4.5,,,,,,
Vector_CWB_FB_46714D,"2011-05-20 17:00:00",2.7,2,94,1006.2,24.6,27,0.35,4,191,4.9,,,,,,
Vector_CWB_FB_46714D,"2011-05-20 18:00:00",2.5,1.4,99,1006.7,24.6,26.9,0.3,3.9,191,4.1,,,,,,
Vector_CWB_FB_46714D,"2011-05-20 19:00:00",1.7,1.1,229,1006.7,24.7,26.9,0.31,3.8,225,4.1,,,,,,
Vector_CWB_FB_46714D,"2011-05-20 20:00:00",,,,1006.3,24.7,26.8,0.38,3.8,191,4.1,,,,,,
Vector_CWB_FB_46714D,"2011-05-20 21:00:00",2.9,2,95,1006.3,24.9,27.1,0.34,3.7,168,3.8,,,,,,
Vector_CWB_FB_46714D,"2011-05-20 22:00:00",3.4,2.6,136,1006.7,25,27.1,0.31,3.6,168,3,,,,,,
Vector_CWB_FB_46714D,"2011-05-20 23:00:00",4.6,3.5,170,1006.8,24.9,27.1,0.29,3.8,180,4,,,,,,
Vector_CWB_FB_46714D,"2011-05-21 00:00:00",3.8,2.9,166,1006.7,25,26.6,0.26,4,146,4.7,,,,,,
Vector_CWB_FB_46714D,"2011-05-21 01:00:00",4.2,3.4,167,1005.8,25.1,26.6,0.3,4.1,202,4.7,,,,,,
Vector_CWB_FB_46714D,"2011-05-21 02:00:00",3.7,2.9,161,1004.5,24.9,26.4,0.3,3.8,225,3.7,,,,,,
Vector_CWB_FB_46714D,"2011-05-21 03:00:00",3.9,3.2,160,1004.4,24.9,26.3,0.38,3.9,236,4.3,,,,,,
Vector_CWB_FB_46714D,"2011-05-21 04:00:00",3.6,2.9,158,1004.3,25,26.2,0.39,3.9,258,4.3,,,,,,
Vector_CWB_FB_46714D,"2011-05-21 05:00:00",3.3,2.6,54,1004.6,24.2,26.3,0.39,3.8,270,4.1,,,,,,
Vector_CWB_FB_46714D,"2011-05-21 06:00:00",2.5,1.8,66,1004.8,24.1,26.4,0.36,3.8,247,4,,,,,,
Vector_CWB_FB_46714D,"2011-05-21 07:00:00",3.2,2.4,53,1005.3,24.1,26.4,0.3,3.8,202,3.8,,,,,,
Vector_CWB_FB_46714D,"2011-05-21 08:00:00",3,2.3,91,1005.3,24.9,26.6,0.27,3.8,202,4.1,,,,,,
Vector_CWB_FB_46714D,"2011-05-21 09:00:00",4,3.1,135,1006,25.6,27.1,0.3,3.7,101,4,,,,,,
Vector_CWB_FB_46714D,"2011-05-21 10:00:00",4.7,3.9,138,1005.8,25.8,27.1,0.3,3.6,191,3.6,,,,,,
Vector_CWB_FB_46714D,"2011-05-21 11:00:00",3.9,3.1,158,1005.3,26,26.7,0.28,3.6,202,3.3,,,,,,
Vector_CWB_FB_46714D,"2011-05-21 12:00:00",6.1,5,176,1005.5,25.8,26.9,0.26,3.7,258,3,,,,,,
Vector_CWB_FB_46714D,"2011-05-21 13:00:00",7.3,6,155,1005.2,25.7,27,0.29,3.7,90,3.8,,,,,,
Vector_CWB_FB_46714D,"2011-05-21 14:00:00",6.3,5.1,164,1003.6,25.5,26.9,0.41,3.6,168,3,,,,,,
Vector_CWB_FB_46714D,"2011-05-21 15:00:00",5,4.2,164,1003.6,25.6,26.7,0.39,3.5,213,4.5,,,,,,
Vector_CWB_FB_46714D,"2011-05-21 16:00:00",6.4,5.3,160,1003.3,25,26.8,0.3,3.5,11,3.8,,,,,,
Vector_CWB_FB_46714D,"2011-05-21 17:00:00",5.4,4.4,161,1003.5,25.5,26.8,0.33,3.6,45,4.3,,,,,,
Vector_CWB_FB_46714D,"2011-05-21 18:00:00",6,5,169,1003.2,25.2,26.7,0.36,3.7,270,5.4,,,,,,
Vector_CWB_FB_46714D,"2011-05-21 19:00:00",5.1,4.2,169,1003.6,25.4,26.6,0.34,3.6,168,3.8,,,,,,
Vector_CWB_FB_46714D,"2011-05-21 20:00:00",5.9,5,186,1003.9,25.6,26.7,0.35,3.4,191,3.8,,,,,,
Vector_CWB_FB_46714D,"2011-05-21 21:00:00",6.6,5.5,161,1005.1,25.7,27,0.41,3.5,202,4.1,,,,,,
Vector_CWB_FB_46714D,"2011-05-21 22:00:00",5.9,4.9,145,1005.4,25.3,26.7,0.46,3.4,123,3.6,,,,,,
Vector_CWB_FB_46714D,"2011-05-21 23:00:00",5.1,4.4,153,1005,25.2,26.7,0.52,3.6,213,4.1,,,,,,
Vector_CWB_FB_46714D,"2011-05-22 00:00:00",4.6,3.8,154,1004.9,25.2,26.7,0.56,3.7,191,4,,,,,,
Vector_CWB_FB_46714D,"2011-05-22 01:00:00",4.3,3.4,169,1004.5,25.3,26.7,0.49,3.8,236,4.3,,,,,,
Vector_CWB_FB_46714D,"2011-05-22 02:00:00",2.9,2.2,160,1004.2,25.3,26.7,0.42,3.9,225,4.1,,,,,,
Vector_CWB_FB_46714D,"2011-05-22 03:00:00",3.6,2.8,131,1003.9,25.2,26.6,0.39,4,225,4.1,,,,,,
Vector_CWB_FB_46714D,"2011-05-22 04:00:00",3.7,3,139,1004.2,25.3,26.5,0.38,3.9,225,4.1,,,,,,
Vector_CWB_FB_46714D,"2011-05-22 05:00:00",3.7,2.6,159,1004.3,25.3,26.5,0.37,3.9,213,4.9,,,,,,
Vector_CWB_FB_46714D,"2011-05-22 06:00:00",3.1,2.3,156,1004.5,25.3,26.4,0.38,4,247,5.8,,,,,,
Vector_CWB_FB_46714D,"2011-05-22 07:00:00",3.9,3.2,134,1004.9,25.3,26.5,0.38,3.8,67,3.6,,,,,,
Vector_CWB_FB_46714D,"2011-05-22 08:00:00",2.4,1.8,139,1005.3,25.5,26.7,0.4,3.9,225,5.2,,,,,,
Vector_CWB_FB_46714D,"2011-05-22 09:00:00",2.5,2,129,1005.7,25.9,26.8,0.4,3.9,135,4.9,,,,,,
Vector_CWB_FB_46714D,"2011-05-22 10:00:00",5.8,4.9,124,1006.1,26.2,27.2,0.38,3.8,112,4.1,,,,,,
Vector_CWB_FB_46714D,"2011-05-22 11:00:00",1.8,1.4,147,1005.9,26.3,27.2,0.37,3.8,123,3.6,,,,,,
Vector_CWB_FB_46714D,"2011-05-22 12:00:00",5.9,5.1,165,1005.4,26,27.1,0.32,3.8,135,4,,,,,,
Vector_CWB_FB_46714D,"2011-05-22 13:00:00",6.3,5.7,172,1005.5,26.3,27.2,0.27,3.8,135,4.7,,,,,,
Vector_CWB_FB_46714D,"2011-05-22 14:00:00",4,3.3,187,1004.5,26.5,27.2,0.23,4,146,4.3,,,,,,
Vector_CWB_FB_46714D,"2011-05-22 15:00:00",2.8,2.4,187,1004.5,26.8,27.1,,,,,,,,,,
Vector_CWB_FB_46714D,"2011-05-22 16:00:00",2.3,1.8,208,1004.7,26.4,26.3,0.22,4.1,258,5.4,,,,,,
Vector_CWB_FB_46714D,"2011-05-22 17:00:00",,,,1004.8,26.3,26.5,0.25,4.2,258,5.2,,,,,,
Vector_CWB_FB_46714D,"2011-05-22 18:00:00",,,,1004.7,26.2,26.8,0.22,4.1,247,4.9,,,,,,
Vector_CWB_FB_46714D,"2011-05-22 19:00:00",,,,1004.8,26,27,0.25,4.2,247,5.8,,,,,,
Vector_CWB_FB_46714D,"2011-05-22 20:00:00",,,,1005.3,26.1,26.9,0.22,4,168,5.2,,,,,,
Vector_CWB_FB_46714D,"2011-05-22 21:00:00",,,,1005.9,26.1,26.7,0.21,4.2,90,5.4,,,,,,
Vector_CWB_FB_46714D,"2011-05-22 22:00:00",,,,1006,25.8,26.8,0.22,4.3,123,4.7,,,,,,
Vector_CWB_FB_46714D,"2011-05-22 23:00:00",,,,1005.6,25.8,26.6,0.29,4.8,123,5.2,,,,,,
Vector_CWB_FB_46714D,"2011-05-23 00:00:00",3.3,2.6,165,1004.6,25.9,26.2,0.25,4.2,236,5.4,,,,,,
Vector_CWB_FB_46714D,"2011-05-23 01:00:00",2.1,1.7,179,1004.1,25.8,26.5,0.26,4.5,247,5.8,,,,,,
Vector_CWB_FB_46714D,"2011-05-23 02:00:00",2.8,1.9,172,1003.8,25.8,26.6,0.25,4.2,236,8,,,,,,
Vector_CWB_FB_46714D,"2011-05-23 03:00:00",2.5,1.8,150,1003.2,25.6,26.5,0.33,4.5,281,6.1,,,,,,
Vector_CWB_FB_46714D,"2011-05-23 04:00:00",1.9,1.2,151,1003.8,25.6,26.5,0.36,4.9,258,7.4,,,,,,
Vector_CWB_FB_46714D,"2011-05-23 05:00:00",,,,1003.8,25.1,26.4,0.38,4.7,258,6.1,,,,,,
Vector_CWB_FB_46714D,"2011-05-23 06:00:00",1.6,1.1,100,1004.1,25.1,26.2,0.35,4.6,247,6.1,,,,,,
Vector_CWB_FB_46714D,"2011-05-23 07:00:00",,,,1004.8,25.3,26.3,0.41,4.8,258,6.9,,,,,,
Vector_CWB_FB_46714D,"2011-05-23 08:00:00",2.1,1.6,71,1004.9,25.3,26.5,0.42,4.8,236,5.8,,,,,,
Vector_CWB_FB_46714D,"2011-05-23 09:00:00",4,3.2,48,1005.3,25.3,26.5,0.44,4.6,236,5.2,,,,,,
Vector_CWB_FB_46714D,"2011-05-23 10:00:00",3.5,2.8,64,1005.5,25.4,26.2,0.44,4.6,258,5.8,,,,,,
Vector_CWB_FB_46714D,"2011-05-23 11:00:00",1.8,1.1,54,1005.6,25.9,27.3,0.37,4.4,236,6.5,,,,,,
Vector_CWB_FB_46714D,"2011-05-23 12:00:00",,,,1005.7,26.5,27.6,0.34,4.3,270,5.4,,,,,,
Vector_CWB_FB_46714D,"2011-05-23 13:00:00",5,3.1,195,1005.9,24.7,27.2,0.31,4.2,112,5.4,,,,,,
Vector_CWB_FB_46714D,"2011-05-23 14:00:00",3.6,2.5,277,1005.1,24.7,27.1,0.3,4.3,202,6.1,,,,,,
Vector_CWB_FB_46714D,"2011-05-23 15:00:00",4.1,3.2,298,1004.9,25.5,26.4,0.28,4.4,146,6.9,,,,,,
Vector_CWB_FB_46714D,"2011-05-23 16:00:00",2.8,1.6,12,1004.8,25.4,26.1,0.3,4.5,225,6.1,,,,,,
Vector_CWB_FB_46714D,"2011-05-23 17:00:00",3.8,2.9,55,1004.8,25.8,25.7,0.41,4.5,247,6.5,,,,,,
Vector_CWB_FB_46714D,"2011-05-23 18:00:00",1.9,1.3,26,1004.6,25.8,26.7,0.43,4.4,236,5.8,,,,,,
Vector_CWB_FB_46714D,"2011-05-23 19:00:00",2.9,2,354,1004.6,25.8,26.4,0.44,4.3,258,6.5,,,,,,
Vector_CWB_FB_46714D,"2011-05-23 20:00:00",2.4,1.9,312,1005.2,26,26.4,0.46,4.2,236,6.5,,,,,,
Vector_CWB_FB_46714D,"2011-05-23 21:00:00",3.2,2.6,307,1005,25.9,26.7,0.42,4.5,247,6.5,,,,,,
Vector_CWB_FB_46714D,"2011-05-23 22:00:00",3.2,2.6,309,1005.5,25.8,26.4,0.48,4.3,247,5.8,,,,,,
Vector_CWB_FB_46714D,"2011-05-23 23:00:00",,,,1005.3,25.8,26.6,0.47,4.7,258,6.5,,,,,,
Vector_CWB_FB_46714D,"2011-05-24 00:00:00",1.6,1.2,280,1004.6,25.8,26.4,0.52,4.9,258,6.9,,,,,,
Vector_CWB_FB_46714D,"2011-05-24 01:00:00",3.3,2.7,311,1004.5,25.8,26.5,0.54,4.8,247,6.5,,,,,,
Vector_CWB_FB_46714D,"2011-05-24 02:00:00",3,2.3,332,1004.1,25.8,26.4,0.62,4.9,247,6.5,,,,,,
Vector_CWB_FB_46714D,"2011-05-24 03:00:00",,,,1004,25.6,26.3,0.59,4.7,247,6.5,,,,,,
Vector_CWB_FB_46714D,"2011-05-24 04:00:00",1.8,1.4,46,1004.4,25.1,26.2,0.55,4.8,236,5.8,,,,,,
Vector_CWB_FB_46714D,"2011-05-24 05:00:00",,,,1004.6,25,26.2,0.52,5,247,6.5,,,,,,
Vector_CWB_FB_46714D,"2011-05-24 06:00:00",,,,1005.1,24.9,26.1,0.51,4.9,270,6.9,,,,,,
Vector_CWB_FB_46714D,"2011-05-24 07:00:00",,,,1005.2,25.3,26.2,0.47,4.6,270,6.9,,,,,,
Vector_CWB_FB_46714D,"2011-05-24 08:00:00",,,,1005.9,25.3,26.2,0.48,4.9,101,6.1,,,,,,
Vector_CWB_FB_46714D,"2011-05-24 09:00:00",,,,1006.4,25.7,26.4,0.39,4.7,225,5.8,,,,,,
Vector_CWB_FB_46714D,"2011-05-24 10:00:00",,,,1006.5,26.2,26.7,0.42,4.8,247,6.5,,,,,,
Vector_CWB_FB_46714D,"2011-05-24 11:00:00",,,,1006.1,26.8,27.4,0.37,4.5,213,5.8,,,,,,
Vector_CWB_FB_46714D,"2011-05-24 12:00:00",,,,1005.4,26.8,,0.4,4.7,135,6.9,,,,,,
Vector_CWB_FB_46714D,"2011-05-24 13:00:00",5.6,3.2,255,1004.8,27,27.9,0.4,4.6,135,6.9,,,,,,
Vector_CWB_FB_46714D,"2011-05-24 14:00:00",5.8,3.2,245,1004.5,27.1,27.6,0.35,4.3,101,8,,,,,,
Vector_CWB_FB_46714D,"2011-05-24 15:00:00",3,2.4,222,1004.2,27.3,27.4,0.41,5.1,191,6.9,,,,,,
Vector_CWB_FB_46714D,"2011-05-24 16:00:00",4.8,2.4,237,1003.9,26.9,26.9,0.35,5,236,8,,,,,,
Vector_CWB_FB_46714D,"2011-05-24 17:00:00",5.9,4.4,200,1003.9,25.9,26.8,0.38,5,225,6.9,,,,,,
Vector_CWB_FB_46714D,"2011-05-24 18:00:00",2.9,2.2,205,1004.5,25.8,26.3,0.45,4.8,258,7.4,,,,,,
Vector_CWB_FB_46714D,"2011-05-24 19:00:00",3.2,2.3,207,1005.3,25.9,26.1,0.48,5.1,258,7.4,,,,,,
Vector_CWB_FB_46714D,"2011-05-24 20:00:00",,,,1006.1,25.9,25.9,0.53,4.9,247,6.9,,,,,,
Vector_CWB_FB_46714D,"2011-05-24 21:00:00",2.1,1.3,104,1006.2,25.4,26,0.43,4.6,202,6.9,,,,,,
Vector_CWB_FB_46714D,"2011-05-24 22:00:00",,,,1006.2,25.4,26.3,0.47,4.6,281,8,,,,,,
Vector_CWB_FB_46714D,"2011-05-24 23:00:00",,,,1005.7,25.4,26.5,0.64,4.8,247,7.4,,,,,,
Vector_CWB_FB_46714D,"2011-05-25 00:00:00",1.9,1.4,305,1004.9,25.2,26.4,0.48,4.6,135,6.1,,,,,,
Vector_CWB_FB_46714D,"2011-05-25 01:00:00",1.4,1.1,309,1004.5,25,26,0.58,5,135,7.4,,,,,,
Vector_CWB_FB_46714D,"2011-05-25 02:00:00",,,,1004.4,25.1,25.8,0.56,4.8,247,7.4,,,,,,
Vector_CWB_FB_46714D,"2011-05-25 03:00:00",,,,1004.2,24.6,25.7,0.52,4.5,247,6.5,,,,,,
Vector_CWB_FB_46714D,"2011-05-25 04:00:00",,,,1003.8,24.3,25.6,0.52,4.7,247,7.4,,,,,,
Vector_CWB_FB_46714D,"2011-05-25 05:00:00",,,,1004.2,24.4,25.7,0.48,4.8,292,6.9,,,,,,
Vector_CWB_FB_46714D,"2011-05-25 06:00:00",,,,1004.9,24.5,25.8,0.53,4.9,247,5.2,,,,,,
Vector_CWB_FB_46714D,"2011-05-25 07:00:00",1.6,1.2,56,1005.6,24.9,25.9,0.52,5,213,6.5,,,,,,
Vector_CWB_FB_46714D,"2011-05-25 08:00:00",,,,1005.8,25.9,26.1,0.62,5.3,157,13.1,,,,,,
Vector_CWB_FB_46714D,"2011-05-25 09:00:00",4.7,3.3,125,1006,26.1,27,0.59,5.1,146,11.6,,,,,,
Vector_CWB_FB_46714D,"2011-05-25 10:00:00",,,,1005.9,26,26.5,0.41,4.3,281,4.7,,,,,,
Vector_CWB_FB_46714D,"2011-05-25 11:00:00",3.1,2.4,283,1006.1,25.9,,0.5,5.7,135,13.1,,,,,,
Vector_CWB_FB_46714D,"2011-05-25 12:00:00",4.7,3.7,297,1005.5,25.9,,0.51,6.1,146,10.4,,,,,,
Vector_CWB_FB_46714D,"2011-05-25 13:00:00",4.3,3.3,297,1004.6,26.1,27.3,0.7,7.1,157,13.1,,,,,,
Vector_CWB_FB_46714D,"2011-05-25 14:00:00",4.9,3.5,298,1004.2,26,27.4,0.49,5.9,157,13.1,,,,,,
Vector_CWB_FB_46714D,"2011-05-25 15:00:00",4.1,3.3,301,1003.3,26.1,27.8,0.51,6,146,11.6,,,,,,
Vector_CWB_FB_46714D,"2011-05-25 16:00:00",3.4,2.4,302,1003.3,26.1,27.9,0.72,7.2,157,13.1,,,,,,
Vector_CWB_FB_46714D,"2011-05-25 17:00:00",3,2.1,298,1003.2,26.3,26,0.49,6,135,11.6,,,,,,
Vector_CWB_FB_46714D,"2011-05-25 18:00:00",2.3,1.6,307,1003.8,26.1,26.6,0.61,5,146,13.1,,,,,,
Vector_CWB_FB_46714D,"2011-05-25 19:00:00",,,,1004,25.9,26.3,0.55,5.4,180,13.1,,,,,,
Vector_CWB_FB_46714D,"2011-05-25 20:00:00",3.1,2,273,1004.9,25.8,26,0.37,4.7,168,11.6,,,,,,
Vector_CWB_FB_46714D,"2011-05-25 21:00:00",4.1,3.2,322,1005.3,25.8,25.9,0.41,5.2,146,13.1,,,,,,
Vector_CWB_FB_46714D,"2011-05-25 22:00:00",4,3,325,1005.6,25.9,26.1,0.39,4.8,101,13.1,,,,,,
Vector_CWB_FB_46714D,"2011-05-25 23:00:00",3.8,2.6,340,1005.4,25.8,26,0.33,4,292,4.3,,,,,,
Vector_CWB_FB_46714D,"2011-05-26 00:00:00",4,2.9,343,1004.4,25.4,26.1,0.36,3.9,281,3.1,,,,,,
Vector_CWB_FB_46714D,"2011-05-26 01:00:00",1.8,1.3,327,1004,25.3,26.1,0.44,4.1,281,5.4,,,,,,
Vector_CWB_FB_46714D,"2011-05-26 02:00:00",,,,1003.4,25.3,26.1,0.4,4,281,4.5,,,,,,
Vector_CWB_FB_46714D,"2011-05-26 03:00:00",2.2,1.5,25,1003.6,25.1,26.1,0.41,4.3,303,4.3,,,,,,
Vector_CWB_FB_46714D,"2011-05-26 04:00:00",,,,1003.4,25,26.1,0.37,4.3,281,5.4,,,,,,
Vector_CWB_FB_46714D,"2011-05-26 05:00:00",,,,1003.6,25.1,26.2,0.34,4.4,236,6.1,,,,,,
Vector_CWB_FB_46714D,"2011-05-26 06:00:00",,,,1004.2,25,26.2,0.39,4.7,236,6.9,,,,,,
Vector_CWB_FB_46714D,"2011-05-26 07:00:00",,,,1004.8,25.3,26.2,0.35,4.7,202,6.9,,,,,,
Vector_CWB_FB_46714D,"2011-05-26 08:00:00",1.5,1.1,118,1004.8,25.5,26.1,0.32,5.2,258,11.6,,,,,,
Vector_CWB_FB_46714D,"2011-05-26 09:00:00",,,,1005,26.4,26.4,0.34,4.6,258,4.7,,,,,,
Vector_CWB_FB_46714D,"2011-05-26 10:00:00",4.9,1.4,139,1005.1,26.4,26.9,0.38,5,180,11.6,,,,,,
Vector_CWB_FB_46714D,"2011-05-26 11:00:00",1.8,1.3,259,1005.2,27.1,27.1,0.46,5.3,225,6.9,,,,,,
Vector_CWB_FB_46714D,"2011-05-26 12:00:00",2.9,2.3,251,1004.6,27.1,27.3,0.61,7.3,168,10.4,,,,,,
Vector_CWB_FB_46714D,"2011-05-26 13:00:00",3.5,2.8,267,1003.6,26.4,27.3,0.49,6.3,157,10.4,,,,,,
Vector_CWB_FB_46714D,"2011-05-26 14:00:00",4.5,3.5,296,1003,26.2,27.5,0.65,7.3,157,11.6,,,,,,
Vector_CWB_FB_46714D,"2011-05-26 15:00:00",5.8,4.5,323,1002.6,25.9,27.3,0.75,7.3,157,10.4,,,,,,
Vector_CWB_FB_46714D,"2011-05-26 16:00:00",6.4,4.7,327,1002.3,25.7,27.1,0.6,6.3,157,11.6,,,,,,
Vector_CWB_FB_46714D,"2011-05-26 17:00:00",5.5,4.1,327,1002,26,26.9,0.63,5.6,157,11.6,,,,,,
Vector_CWB_FB_46714D,"2011-05-26 18:00:00",4.6,3.4,335,1002.6,26,27,0.5,6.3,157,9.5,,,,,,
Vector_CWB_FB_46714D,"2011-05-26 19:00:00",3.6,2.7,36,1003.1,25.4,26.9,0.39,4.9,146,11.6,,,,,,
Vector_CWB_FB_46714D,"2011-05-26 20:00:00",2.5,2,43,1003.9,25.2,26.4,0.63,5.4,191,9.5,,,,,,
Vector_CWB_FB_46714D,"2011-05-26 21:00:00",2,1.1,25,1003.9,25.3,26.4,0.57,5.3,168,11.6,,,,,,
Vector_CWB_FB_46714D,"2011-05-26 22:00:00",,,,1004.2,25.1,26.5,0.41,5.5,213,10.4,,,,,,
Vector_CWB_FB_46714D,"2011-05-26 23:00:00",,,,1003.8,25.1,27,0.36,5.3,247,8,,,,,,
Vector_CWB_FB_46714D,"2011-05-27 00:00:00",,,,1002.9,25.2,27,0.34,4.9,157,6.5,,,,,,
Vector_CWB_FB_46714D,"2011-05-27 01:00:00",,,,1002.2,25,27.1,0.32,4.7,112,9.5,,,,,,
Vector_CWB_FB_46714D,"2011-05-27 02:00:00",1.8,1.1,9,1001.7,24.9,27.3,0.3,4.7,112,6.1,,,,,,
Vector_CWB_FB_46714D,"2011-05-27 03:00:00",2,1.4,40,1001.3,24.9,27.2,0.38,5.4,101,9.5,,,,,,
Vector_CWB_FB_46714D,"2011-05-27 04:00:00",1.7,1.1,2,1001,24.6,27.1,0.45,5.4,315,11.6,,,,,,
Vector_CWB_FB_46714D,"2011-05-27 05:00:00",2.3,1.7,43,1001.3,24.7,26.9,0.52,5.9,146,10.4,,,,,,
Vector_CWB_FB_46714D,"2011-05-27 06:00:00",2.9,1.9,25,1001.5,24.6,26.7,0.54,5.8,157,10.4,,,,,,
Vector_CWB_FB_46714D,"2011-05-27 07:00:00",3.5,2.7,24,1001.7,24.7,26.8,0.54,6.2,157,11.6,,,,,,
Vector_CWB_FB_46714D,"2011-05-27 08:00:00",3.7,2.9,60,1002.3,25,26.8,0.5,6.4,157,15.1,,,,,,
Vector_CWB_FB_46714D,"2011-05-27 09:00:00",,,,1002.1,25.5,26.9,0.53,6.3,191,15.1,,,,,,
Vector_CWB_FB_46714D,"2011-05-27 10:00:00",5.6,3,311,1002.1,25.7,27.1,0.72,8.1,168,15.1,,,,,,
Vector_CWB_FB_46714D,"2011-05-27 11:00:00",4.7,3.5,317,1001.6,26.2,27.2,0.74,7.6,135,15.1,,,,,,
Vector_CWB_FB_46714D,"2011-05-27 12:00:00",7,5.5,325,1000.8,26.3,27.3,0.7,6.3,112,15.1,,,,,,
Vector_CWB_FB_46714D,"2011-05-27 13:00:00",7.5,5.8,325,999.6,26.3,27.2,1.02,7.5,123,15.1,,,,,,
Vector_CWB_FB_46714D,"2011-05-27 14:00:00",9.4,7.3,329,998.3,26.3,27.2,0.7,5.5,112,15.1,,,,,,
Vector_CWB_FB_46714D,"2011-05-27 15:00:00",9.3,7.2,337,997.9,26.6,27.2,0.9,7.2,123,15.1,,,,,,
Vector_CWB_FB_46714D,"2011-05-27 16:00:00",8.4,5.9,326,997.9,26.3,27.3,1.01,8.5,157,15.1,,,,,,
Vector_CWB_FB_46714D,"2011-05-27 17:00:00",8.4,5.5,334,997.2,26.2,27.2,0.81,6.4,146,15.1,,,,,,
Vector_CWB_FB_46714D,"2011-05-27 18:00:00",7.5,4.8,329,997.1,26.2,27.2,0.95,6.5,146,13.1,,,,,,
Vector_CWB_FB_46714D,"2011-05-27 19:00:00",9.2,6.7,332,997,26,27,0.88,5.4,135,13.1,,,,,,
Vector_CWB_FB_46714D,"2011-05-27 20:00:00",8.1,5.9,336,997.6,25.7,26.7,1.22,5.6,168,13.1,,,,,,
Vector_CWB_FB_46714D,"2011-05-27 21:00:00",7.4,4.7,329,997.4,25.6,26.9,0.79,6.2,168,15.1,,,,,,
Vector_CWB_FB_46714D,"2011-05-27 22:00:00",5,3.5,334,997.3,25.3,26.9,0.97,7.5,191,15.1,,,,,,
Vector_CWB_FB_46714D,"2011-05-27 23:00:00",7.8,4.4,341,997.2,24.9,26.9,0.97,7.4,180,15.1,,,,,,
Vector_CWB_FB_46714D,"2011-05-28 00:00:00",9.5,5.8,337,995.2,24.4,26.8,0.97,6.8,146,11.6,,,,,,
Vector_CWB_FB_46714D,"2011-05-28 01:00:00",6.4,4,340,995,24.2,26.7,1.16,7.4,135,13.1,,,,,,
Vector_CWB_FB_46714D,"2011-05-28 02:00:00",6,3.5,346,994.3,24,26.6,0.93,6.6,112,15.1,,,,,,
Vector_CWB_FB_46714D,"2011-05-28 03:00:00",7,4.9,333,993.7,23.8,26.5,0.76,5.5,146,13.1,,,,,,
Vector_CWB_FB_46714D,"2011-05-28 04:00:00",8,5.3,329,993.3,23.8,26.7,0.83,6.7,146,15.1,,,,,,
Vector_CWB_FB_46714D,"2011-05-28 05:00:00",7.6,4.6,344,993.8,23.5,26.6,0.95,5.8,135,15.1,,,,,,
Vector_CWB_FB_46714D,"2011-05-28 06:00:00",7.4,5.4,341,994.4,23.6,26.6,1,5.2,258,15.1,,,,,,
Vector_CWB_FB_46714D,"2011-05-28 07:00:00",7.4,5.3,344,995.3,23.7,26.5,0.87,4.9,168,13.1,,,,,,
Vector_CWB_FB_46714D,"2011-05-28 08:00:00",6.8,4.5,331,995.2,23.7,26.4,0.76,5.9,123,13.1,,,,,,
Vector_CWB_FB_46714D,"2011-05-28 09:00:00",7,4.6,334,996,24,26.6,0.78,5.6,180,13.1,,,,,,
Vector_CWB_FB_46714D,"2011-05-28 10:00:00",6.4,4.1,322,996.6,24.4,26.7,0.77,5.4,270,11.6,,,,,,
Vector_CWB_FB_46714D,"2011-05-28 11:00:00",10.7,7.6,329,996.4,24.4,26.7,0.72,4.9,281,5.8,,,,,,
Vector_CWB_FB_46714D,"2011-05-28 12:00:00",11.1,8.3,334,997,24.6,26.8,0.78,5,270,7.4,,,,,,
Vector_CWB_FB_46714D,"2011-05-28 13:00:00",11.5,7.8,331,996.5,25,26.8,0.81,5.1,270,7.4,,,,,,
Vector_CWB_FB_46714D,"2011-05-28 14:00:00",10.1,6.9,342,997.1,25.3,26.9,0.74,5,258,6.1,,,,,,
Vector_CWB_FB_46714D,"2011-05-28 15:00:00",9,5.8,340,997.4,25.8,26.9,0.73,4.7,270,7.4,,,,,,
Vector_CWB_FB_46714D,"2011-05-28 16:00:00",12.8,8,335,997.3,25.4,26.9,0.79,5,157,11.6,,,,,,
Vector_CWB_FB_46714D,"2011-05-28 17:00:00",8.6,5.3,337,997.9,25.7,26.8,0.76,5.3,168,13.1,,,,,,
Vector_CWB_FB_46714D,"2011-05-28 18:00:00",11.2,8.2,330,998.8,24.8,26.6,0.69,4.7,270,5.8,,,,,,
Vector_CWB_FB_46714D,"2011-05-28 19:00:00",11.5,8.7,328,999.7,24.4,26.6,0.91,4.7,270,8.7,,,,,,
Vector_CWB_FB_46714D,"2011-05-28 20:00:00",9.7,7.2,339,1001.3,24.1,26.3,1.01,4.9,270,8.7,,,,,,
Vector_CWB_FB_46714D,"2011-05-28 21:00:00",7.2,5.5,330,1002.4,24.1,26.7,0.97,4.8,258,8,,,,,,
Vector_CWB_FB_46714D,"2011-05-28 22:00:00",4.1,2.7,339,1003.5,24.2,26.8,0.66,5,258,8,,,,,,
Vector_CWB_FB_46714D,"2011-05-28 23:00:00",,,,1004.4,24.4,26.8,0.47,4.9,270,11.6,,,,,,
Vector_CWB_FB_46714D,"2011-05-29 00:00:00",3.3,1.5,305,1004.4,24.6,26.9,0.41,5,247,8.7,,,,,,
Vector_CWB_FB_46714D,"2011-05-29 01:00:00",3.9,3,299,1004.3,24.2,26.9,0.37,4.7,225,6.1,,,,,,
Vector_CWB_FB_46714D,"2011-05-29 02:00:00",3.6,2.9,304,1003.9,24.2,26.9,0.42,4.6,258,5.8,,,,,,
Vector_CWB_FB_46714D,"2011-05-29 03:00:00",4.4,3.3,315,1004.4,24.4,27,0.45,4.9,123,9.5,,,,,,
Vector_CWB_FB_46714D,"2011-05-29 04:00:00",4.1,2.6,336,1004.7,24.1,27,0.51,4.9,157,10.4,,,,,,
Vector_CWB_FB_46714D,"2011-05-29 05:00:00",2.3,1.2,43,1005,23.9,27,0.56,5.1,146,11.6,,,,,,
Vector_CWB_FB_46714D,"2011-05-29 06:00:00",,,,1005.8,24.1,27,0.55,4.9,157,10.4,,,,,,
Vector_CWB_FB_46714D,"2011-05-29 07:00:00",,,,1006.8,24.2,27,0.57,4.7,168,10.4,,,,,,
Vector_CWB_FB_46714D,"2011-05-29 08:00:00",3.6,1.6,164,1007.6,24.6,27.1,0.62,5.8,168,10.4,,,,,,
Vector_CWB_FB_46714D,"2011-05-29 09:00:00",4.3,3.5,307,1008.3,23.8,27.1,0.51,4.9,135,9.5,,,,,,
Vector_CWB_FB_46714D,"2011-05-29 10:00:00",4.3,2.9,280,1008.4,23.9,27.2,0.59,5.5,135,10.4,,,,,,
Vector_CWB_FB_46714D,"2011-05-29 11:00:00",2.7,1.7,266,1008.7,24.8,27.3,0.61,5.6,168,9.5,,,,,,
Vector_CWB_FB_46714D,"2011-05-29 12:00:00",3,2,241,1008.3,24.9,27.4,0.6,5.4,146,10.4,,,,,,
Vector_CWB_FB_46714D,"2011-05-29 13:00:00",3.6,2.7,212,1008.3,25.2,27.4,0.6,5,146,9.5,,,,,,
Vector_CWB_FB_46714D,"2011-05-29 14:00:00",4.6,3.3,205,1007.8,25.5,27.4,0.66,4.8,168,9.5,,,,,,
Vector_CWB_FB_46714D,"2011-05-29 15:00:00",4.7,3.6,223,1007.5,25.4,27.3,0.63,4.6,180,8.7,,,,,,
Vector_CWB_FB_46714D,"2011-05-29 16:00:00",4.9,3.8,227,1007,25.1,27.5,0.57,4.4,270,6.5,,,,,,
Vector_CWB_FB_46714D,"2011-05-29 17:00:00",4.8,3.1,223,1007,25.1,27.3,0.61,4.6,270,5.8,,,,,,
Vector_CWB_FB_46714D,"2011-05-29 18:00:00",4,2.2,210,1007,24.9,27.2,0.65,4.1,326,3,,,,,,
Vector_CWB_FB_46714D,"2011-05-29 19:00:00",1.8,1.1,227,1007.3,24.7,27.2,0.7,4.1,123,4,,,,,,
Vector_CWB_FB_46714D,"2011-05-29 20:00:00",4.2,2.7,182,1007.7,24.7,27.1,0.66,4,146,4.3,,,,,,
Vector_CWB_FB_46714D,"2011-05-29 21:00:00",5.7,4.5,140,1008.1,24.7,27.1,0.59,4,303,3.8,,,,,,
Vector_CWB_FB_46714D,"2011-05-29 22:00:00",5.5,4.3,146,1008.5,24.9,27,0.62,4.2,123,4.1,,,,,,
Vector_CWB_FB_46714D,"2011-05-29 23:00:00",6,4.8,136,1008.6,25,27.1,0.71,4.2,292,6.1,,,,,,
Vector_CWB_FB_46714D,"2011-05-30 00:00:00",4.3,3.4,146,1008.2,24.8,27.1,0.62,4.3,292,6.5,,,,,,
Vector_CWB_FB_46714D,"2011-05-30 01:00:00",4.8,3.9,128,1007.5,24.6,27.1,0.54,4,146,3.8,,,,,,
Vector_CWB_FB_46714D,"2011-05-30 02:00:00",3.2,2.6,75,1007.4,24.5,27.1,0.49,3.7,123,3.6,,,,,,
Vector_CWB_FB_46714D,"2011-05-30 03:00:00",3.7,3,58,1007,24.4,27,0.44,3.9,303,8,,,,,,
Vector_CWB_FB_46714D,"2011-05-30 04:00:00",3.3,2.6,40,1007.5,24.2,27.1,0.39,4.1,303,6.9,,,,,,
Vector_CWB_FB_46714D,"2011-05-30 05:00:00",4.7,3.8,41,1007.3,24.3,27.1,0.37,4.3,270,7.4,,,,,,
Vector_CWB_FB_46714D,"2011-05-30 06:00:00",4.4,3.4,316,1008.4,24.6,27.1,0.43,4.3,292,6.1,,,,,,
Vector_CWB_FB_46714D,"2011-05-30 07:00:00",4.2,3.2,322,1008.9,24.7,27.1,0.43,4.2,281,6.1,,,,,,
Vector_CWB_FB_46714D,"2011-05-30 08:00:00",4.3,3.4,298,1009.3,24.7,27.1,0.41,4.1,202,6.9,,,,,,
Vector_CWB_FB_46714D,"2011-05-30 09:00:00",4.6,3.3,309,1009.4,24.6,27.2,0.43,4.1,292,5.8,,,,,,
Vector_CWB_FB_46714D,"2011-05-30 10:00:00",4.6,3.4,304,1009.5,24.7,27.4,0.4,4.3,292,5.4,,,,,,
Vector_CWB_FB_46714D,"2011-05-30 11:00:00",7.6,6.2,297,1009.3,24.5,27.5,0.35,4.3,247,6.1,,,,,,
Vector_CWB_FB_46714D,"2011-05-30 12:00:00",5,4,303,1008.9,24.7,27.5,0.38,4.5,180,7.4,,,,,,
Vector_CWB_FB_46714D,"2011-05-30 13:00:00",5.4,4,304,1008,24.7,27.5,0.35,4.5,135,6.9,,,,,,
Vector_CWB_FB_46714D,"2011-05-30 14:00:00",6.1,4.5,307,1007.3,25,27.5,0.35,4.3,146,8,,,,,,
Vector_CWB_FB_46714D,"2011-05-30 15:00:00",5.6,4.2,323,1006.3,24.8,27.4,0.35,4.2,281,7.4,,,,,,
Vector_CWB_FB_46714D,"2011-05-30 16:00:00",4.8,3.5,320,1005.6,25.1,27.4,0.31,3.9,247,4,,,,,,
Vector_CWB_FB_46714D,"2011-05-30 17:00:00",3.6,2.8,301,1006,25.1,27.4,0.31,4.2,157,7.4,,,,,,
Vector_CWB_FB_46714D,"2011-05-30 18:00:00",2,1.3,295,1006.3,25,27.3,0.31,4.2,292,6.5,,,,,,
Vector_CWB_FB_46714D,"2011-05-30 19:00:00",,,,1006.8,24.9,27.3,0.34,4.1,303,5.4,,,,,,
Vector_CWB_FB_46714D,"2011-05-30 20:00:00",2.4,1.3,183,1007.4,25.1,27.2,0.37,4,315,5.4,,,,,,
Vector_CWB_FB_46714D,"2011-05-30 21:00:00",6.4,5,152,1007,25.2,27,0.46,3.7,326,5.2,,,,,,
Vector_CWB_FB_46714D,"2011-05-30 22:00:00",5.1,3.8,149,1006.7,25.3,26.9,0.42,4.2,157,5.8,,,,,,
Vector_CWB_FB_46714D,"2011-05-30 23:00:00",3.7,2.9,103,1006.6,25.4,26.9,0.49,3.9,303,3.8,,,,,,
Vector_CWB_FB_46714D,"2011-05-31 00:00:00",3,2.3,77,1005.9,25.1,27.1,0.42,4.3,157,4.5,,,,,,
Vector_CWB_FB_46714D,"2011-05-31 01:00:00",3.1,2.4,53,1005.3,25.1,27,0.47,4.3,202,6.9,,,,,,
Vector_CWB_FB_46714D,"2011-05-31 02:00:00",2.7,1.6,349,1006.3,25.4,27.4,0.36,4,157,4.9,,,,,,
Vector_CWB_FB_46714D,"2011-05-31 03:00:00",2.3,1.7,358,1004.6,24.8,27.1,0.33,4,191,5.4,,,,,,
Vector_CWB_FB_46714D,"2011-05-31 04:00:00",3.8,2.2,357,1004.8,24.8,27.1,0.27,4,292,6.9,,,,,,
Vector_CWB_FB_46714D,"2011-05-31 05:00:00",3.9,2.2,26,1004.2,24.7,27.1,0.3,4.3,303,6.5,,,,,,
Vector_CWB_FB_46714D,"2011-05-31 06:00:00",3.5,2.6,38,1004.6,24.8,27.1,0.33,4.2,281,6.1,,,,,,
Vector_CWB_FB_46714D,"2011-05-31 07:00:00",2.8,2.1,41,1005.1,24.7,27.2,0.34,4.3,303,4.9,,,,,,
Vector_CWB_FB_46714D,"2011-05-31 08:00:00",2.4,1.8,36,1005.8,25.2,27.2,0.33,4.4,303,6.9,,,,,,
Vector_CWB_FB_46714D,"2011-05-31 09:00:00",2,1.4,86,1006.2,25.8,27.3,0.31,4.6,303,4.5,,,,,,
Vector_CWB_FB_46714D,"2011-05-31 10:00:00",,,,1006.6,25.7,27.4,0.3,4.4,247,7.4,,,,,,
Vector_CWB_FB_46714D,"2011-05-31 11:00:00",,,,1006.2,25.5,27.4,0.31,4.6,146,8,,,,,,
Vector_CWB_FB_46714D,"2011-05-31 12:00:00",1.7,1.2,266,1005.4,24.6,27.3,0.34,4.7,202,6.5,,,,,,
Vector_CWB_FB_46714D,"2011-05-31 13:00:00",2.5,1.6,60,1004.6,24.5,27.2,0.36,4.6,180,8,,,,,,
Vector_CWB_FB_46714D,"2011-05-31 14:00:00",2.1,1.2,47,1004.9,24.6,27.3,0.34,4.8,180,8,,,,,,
Vector_CWB_FB_46714D,"2011-05-31 15:00:00",1.7,1.1,33,1004.5,24.7,27.3,0.29,4.6,225,6.5,,,,,,
Vector_CWB_FB_46714D,"2011-05-31 16:00:00",2.5,1.5,62,1004.4,24.8,27,0.32,4.7,202,5.8,,,,,,
Vector_CWB_FB_46714D,"2011-05-31 17:00:00",,,,1004.4,24.8,27,0.31,4.8,225,6.9,,,,,,
Vector_CWB_FB_46714D,"2011-05-31 18:00:00",3.3,2.6,30,1003.6,24.8,27.1,0.29,4.7,270,7.4,,,,,,
Vector_CWB_FB_46714D,"2011-05-31 19:00:00",,,,1004.4,25.1,27.3,0.31,5,146,8,,,,,,
Vector_CWB_FB_46714D,"2011-05-31 20:00:00",1.6,1.1,98,1004.4,25.4,27.2,0.25,5.2,157,7.4,,,,,,
Vector_CWB_FB_46714D,"2011-05-31 21:00:00",2.6,2,101,1004.9,25.4,27.1,0.26,5.6,123,8.7,,,,,,
Vector_CWB_FB_46714D,"2011-05-31 22:00:00",2.7,2,122,1005.1,25.6,27,0.4,6.3,202,8,,,,,,
Vector_CWB_FB_46714D,"2011-05-31 23:00:00",2.4,1.6,163,1004.6,25.5,27,0.54,6.5,213,8,,,,,,
Vector_CWB_FB_46714D,"2011-06-01 00:00:00",4,3.1,132,1004.1,25.7,27.1,0.64,6.5,213,7.4,,,,,,
Vector_CWB_FB_46714D,"2011-06-01 01:00:00",5.3,4,54,1003.2,24.9,27,0.77,6.5,236,6.9,,,,,,
Vector_CWB_FB_46714D,"2011-06-01 02:00:00",2.3,1.6,62,1002.2,24.9,26.8,0.84,6.2,180,6.9,,,,,,
Vector_CWB_FB_46714D,"2011-06-01 03:00:00",3.3,1.5,122,1001.7,25.4,27,0.93,6.3,202,7.4,,,,,,
Vector_CWB_FB_46714D,"2011-06-01 04:00:00",5,3.7,97,1001.8,25.9,26.5,1.12,6.2,225,8,,,,,,
Vector_CWB_FB_46714D,"2011-06-01 05:00:00",4.3,2.7,103,1002.9,26.1,26.8,0.91,5.6,213,8,,,,,,
Vector_CWB_FB_46714D,"2011-06-01 06:00:00",4.8,4,130,1002.1,26,27,0.74,5.6,236,7.4,,,,,,
Vector_CWB_FB_46714D,"2011-06-01 07:00:00",7.4,5.8,115,1002.2,26.1,27,0.68,5.4,213,8.7,,,,,,
Vector_CWB_FB_46714D,"2011-06-01 08:00:00",10.5,6.8,134,1003.9,24.6,27,0.74,5.1,247,8,,,,,,
Vector_CWB_FB_46714D,"2011-06-01 09:00:00",6.8,5.6,134,1004.8,24.3,27,0.81,4.8,202,8,,,,,,
Vector_CWB_FB_46714D,"2011-06-01 10:00:00",7.3,6.1,91,1004.9,24,26.9,0.81,4.8,225,7.4,,,,,,
Vector_CWB_FB_46714D,"2011-06-01 11:00:00",6.4,4.2,83,1005,24.1,27,0.78,4.9,225,8,,,,,,
Vector_CWB_FB_46714D,"2011-06-01 12:00:00",5,4,115,1005.4,24.7,27.5,0.9,5.6,236,7.4,,,,,,
Vector_CWB_FB_46714D,"2011-06-01 13:00:00",6.1,3.9,192,1004.7,24.8,27.5,0.83,5.7,213,7.4,,,,,,
Vector_CWB_FB_46714D,"2011-06-01 14:00:00",4.2,3.3,106,1004.8,25,27.4,1.06,6.1,225,8,,,,,,
Vector_CWB_FB_46714D,"2011-06-01 15:00:00",5,4.1,97,1004,25.3,27.3,1.08,6,202,8,,,,,,
Vector_CWB_FB_46714D,"2011-06-01 16:00:00",5.8,4.7,127,1003.8,25.6,27.2,1.19,5.9,247,7.4,,,,,,
Vector_CWB_FB_46714D,"2011-06-01 17:00:00",7,5.5,137,1004.7,26.2,27.3,1.41,6.1,225,8.7,,,,,,
Vector_CWB_FB_46714D,"2011-06-01 18:00:00",6.8,5.4,136,1004.8,26.2,27.3,1.78,6.1,202,8,,,,,,
Vector_CWB_FB_46714D,"2011-06-01 19:00:00",7.1,5.6,144,1005,26.2,27.2,1.32,5.3,213,8,,,,,,
Vector_CWB_FB_46714D,"2011-06-01 20:00:00",7.7,5.8,141,1005.5,26.2,27.1,1.51,5.7,213,8,,,,,,
Vector_CWB_FB_46714D,"2011-06-01 21:00:00",6.5,5.1,137,1006.6,26.3,27.1,1.68,6.2,168,8.7,,,,,,
Vector_CWB_FB_46714D,"2011-06-01 22:00:00",7.1,5.6,152,1006.8,26.3,27,1.9,6.3,180,8,,,,,,
Vector_CWB_FB_46714D,"2011-06-01 23:00:00",5.8,4.6,141,1007.1,26.2,26.9,1.58,6.1,225,8.7,,,,,,
Vector_CWB_FB_46714D,"2011-06-02 00:00:00",6.4,4.9,143,1007.1,26.4,27.1,1.27,5.9,225,8,,,,,,
Vector_CWB_FB_46714D,"2011-06-02 01:00:00",5.4,4.3,152,1006.1,26.1,27,2.21,6.5,225,8,,,,,,
Vector_CWB_FB_46714D,"2011-06-02 02:00:00",5.7,4.5,156,1006,26,27,1.95,6.3,202,8,,,,,,
Vector_CWB_FB_46714D,"2011-06-02 03:00:00",4.4,3.4,158,1006.5,26.1,27,2.31,6.5,213,8,,,,,,
Vector_CWB_FB_46714D,"2011-06-02 04:00:00",5.6,4.4,161,1006.6,26.2,27,2.29,6.3,225,8,,,,,,
Vector_CWB_FB_46714D,"2011-06-02 05:00:00",5.2,3.9,165,1006.8,26.2,27.1,1.63,5.6,225,8,,,,,,
Vector_CWB_FB_46714D,"2011-06-02 06:00:00",4.8,3.8,154,1007.2,26.2,27.2,1.67,5.6,247,7.4,,,,,,
Vector_CWB_FB_46714D,"2011-06-02 07:00:00",5.4,4.3,146,1007.7,26.4,27.1,1.32,5.4,225,7.4,,,,,,
Vector_CWB_FB_46714D,"2011-06-02 08:00:00",4.3,3.3,149,1008.4,27.1,27.3,1.12,5.3,157,8,,,,,,
Vector_CWB_FB_46714D,"2011-06-02 09:00:00",2.8,1.9,161,1009,27.2,27.5,1.08,5.6,180,8,,,,,,
Vector_CWB_FB_46714D,"2011-06-02 10:00:00",2.2,1.6,168,1009.1,27.2,27.8,0.91,5.4,202,8,,,,,,
Vector_CWB_FB_46714D,"2011-06-02 11:00:00",2.9,2,207,1009,27.4,28,0.9,5.6,191,8,,,,,,
Vector_CWB_FB_46714D,"2011-06-02 12:00:00",2.4,1.6,193,1008.8,27.3,28.2,1.04,5.4,202,8.7,,,,,,
Vector_CWB_FB_46714D,"2011-06-02 13:00:00",2.3,1.8,175,1008.4,27.3,28.2,1.1,5.7,213,7.4,,,,,,
Vector_CWB_FB_46714D,"2011-06-02 14:00:00",2.7,2,189,1008.1,27.4,28.3,0.99,5.9,213,8,,,,,,
Vector_CWB_FB_46714D,"2011-06-02 15:00:00",5.3,2.7,186,1007.6,27.2,28.1,0.96,5.5,225,8,,,,,,
Vector_CWB_FB_46714D,"2011-06-02 16:00:00",5.7,3.4,180,1007,27.3,28.4,1.06,5.5,225,7.4,,,,,,
Vector_CWB_FB_46714D,"2011-06-02 17:00:00",2.9,2.2,207,1006.8,27.2,28.5,0.97,5.2,225,7.4,,,,,,
Vector_CWB_FB_46714D,"2011-06-02 18:00:00",6.1,4.5,189,1007.2,26.9,28.1,1.03,5.4,202,6.9,,,,,,
Vector_CWB_FB_46714D,"2011-06-02 19:00:00",4.1,3.3,187,1007.8,26.8,28,0.94,5.3,225,6.9,,,,,,
Vector_CWB_FB_46714D,"2011-06-02 20:00:00",7.6,7,189,1008.6,26.7,27.8,0.89,5.6,213,6.9,,,,,,
Vector_CWB_FB_46714D,"2011-06-02 21:00:00",3.8,3.2,191,1008.9,26.5,27.6,0.87,5.5,180,6.9,,,,,,
Vector_CWB_FB_46714D,"2011-06-02 22:00:00",2.6,1.8,182,1009,26.4,27.5,0.73,5.6,202,7.4,,,,,,
Vector_CWB_FB_46714D,"2011-06-02 23:00:00",2.3,1.7,155,1008.9,26.3,27.2,0.81,5.6,168,6.9,,,,,,
Vector_CWB_FB_46714D,"2011-06-03 00:00:00",2.6,1.9,169,1008.6,26.3,27.3,0.82,5.5,202,6.5,,,,,,
Vector_CWB_FB_46714D,"2011-06-03 01:00:00",2.1,1.5,149,1008.1,26.1,27.2,0.82,5.5,225,6.5,,,,,,
Vector_CWB_FB_46714D,"2011-06-03 02:00:00",2.4,1.7,181,1007.3,25.9,27.2,0.98,5.4,225,6.9,,,,,,
Vector_CWB_FB_46714D,"2011-06-03 03:00:00",2.9,2.2,178,1006.9,25.8,27.1,0.88,5.1,225,6.9,,,,,,
Vector_CWB_FB_46714D,"2011-06-03 04:00:00",4.4,3.1,194,1007.7,26,27.2,1.07,5.2,225,6.5,,,,,,
Vector_CWB_FB_46714D,"2011-06-03 05:00:00",5.3,4,201,1007,25.8,27.1,0.93,4.9,258,5.8,,,,,,
Vector_CWB_FB_46714D,"2011-06-03 06:00:00",2.3,1.6,305,1006.9,25.5,27.1,0.89,4.5,247,5.8,,,,,,
Vector_CWB_FB_46714D,"2011-06-03 07:00:00",,,,1007.1,25.6,27.1,0.86,4.4,236,4.9,,,,,,
Vector_CWB_FB_46714D,"2011-06-03 08:00:00",3.1,2.1,321,1007.4,25.6,27.2,0.74,4.3,258,5.2,,,,,,
Vector_CWB_FB_46714D,"2011-06-03 09:00:00",2.8,2.1,300,1008,25.8,27.5,0.64,4.4,270,5.4,,,,,,
Vector_CWB_FB_46714D,"2011-06-03 10:00:00",3.1,2.1,309,1008.4,26.1,28,0.6,4.5,202,6.1,,,,,,
Vector_CWB_FB_46714D,"2011-06-03 11:00:00",3.1,2.4,280,1008.3,26.5,28.1,0.51,4.6,213,6.1,,,,,,
Vector_CWB_FB_46714D,"2011-06-03 12:00:00",3.4,2.8,281,1008.4,26.6,27.9,0.53,4.7,225,7.4,,,,,,
Vector_CWB_FB_46714D,"2011-06-03 13:00:00",5.5,4.8,285,1008.2,26.7,27.9,0.47,4.6,236,6.1,,,,,,
Vector_CWB_FB_46714D,"2011-06-03 14:00:00",3.2,2.6,283,1007.8,26.7,27.8,0.45,4.7,225,5.2,,,,,,
Vector_CWB_FB_46714D,"2011-06-03 15:00:00",2.9,2.2,262,1007.2,27,27.8,0.46,4.6,247,5.4,,,,,,
Vector_CWB_FB_46714D,"2011-06-03 16:00:00",2.2,1.6,246,1007.4,27,28.1,0.39,4.6,225,6.1,,,,,,
Vector_CWB_FB_46714D,"2011-06-03 17:00:00",4.1,3.3,268,1007.3,26.8,28,0.44,4.8,213,6.1,,,,,,
Vector_CWB_FB_46714D,"2011-06-03 18:00:00",6.6,4.7,291,1007.5,26.5,27.6,0.43,4.5,225,6.5,,,,,,
Vector_CWB_FB_46714D,"2011-06-03 19:00:00",2.3,1.7,274,1007.3,26.4,27.7,0.43,4.4,213,6.1,,,,,,
Vector_CWB_FB_46714D,"2011-06-03 20:00:00",3.3,2.3,299,1007.5,26.3,27.6,0.4,4.3,202,6.5,,,,,,
Vector_CWB_FB_46714D,"2011-06-03 21:00:00",,,,1007.9,25.8,27.5,0.36,4.6,236,5.8,,,,,,
Vector_CWB_FB_46714D,"2011-06-03 22:00:00",,,,1009.1,25.7,28.2,0.31,4.9,180,5.4,,,,,,
Vector_CWB_FB_46714D,"2011-06-03 23:00:00",,,,1009.1,25.8,28,0.28,4.9,157,6.5,,,,,,
Vector_CWB_FB_46714D,"2011-06-04 00:00:00",,,,1008.9,25.9,27.6,0.24,4.9,180,6.1,,,,,,
Vector_CWB_FB_46714D,"2011-06-04 01:00:00",,,,1008.8,25.8,27.6,0.27,4.9,191,6.9,,,,,,
Vector_CWB_FB_46714D,"2011-06-04 02:00:00",,,,1008.6,25.8,27.6,0.32,4.8,202,5.2,,,,,,
Vector_CWB_FB_46714D,"2011-06-04 03:00:00",1.4,1.1,103,1008.6,25.8,27.5,0.36,4.8,213,5.8,,,,,,
Vector_CWB_FB_46714D,"2011-06-04 04:00:00",1.9,1.5,87,1008.3,25.8,27.6,0.43,4.8,236,5.8,,,,,,
Vector_CWB_FB_46714D,"2011-06-04 05:00:00",2.1,1.4,92,1008.2,25.7,27.6,0.36,4.6,236,5.4,,,,,,
Vector_CWB_FB_46714D,"2011-06-04 06:00:00",,,,1007.3,25.4,27.6,0.36,4.4,236,5.2,,,,,,
Vector_CWB_FB_46714D,"2011-06-04 07:00:00",1.7,1.1,163,1007.9,26.3,27.6,0.34,4.2,258,4.9,,,,,,
Vector_CWB_FB_46714D,"2011-06-04 08:00:00",,,,1008.7,27.3,27.9,0.32,4.1,292,4.1,,,,,,
Vector_CWB_FB_46714D,"2011-06-04 09:00:00",4.8,1.5,69,1008.8,27.6,28.5,0.3,4.1,270,6.5,,,,,,
Vector_CWB_FB_46714D,"2011-06-04 10:00:00",3.4,1.9,267,1009.3,28.1,28.9,0.24,4.3,292,5.8,,,,,,
Vector_CWB_FB_46714D,"2011-06-04 11:00:00",2,1.5,265,1009.2,28,28.7,0.21,4.4,225,5.4,,,,,,
Vector_CWB_FB_46714D,"2011-06-04 12:00:00",5.2,2.2,229,1008.6,26.9,28.7,0.21,4.5,213,6.9,,,,,,
Vector_CWB_FB_46714D,"2011-06-04 13:00:00",5.1,3.7,267,1008.4,27.5,28.5,0.21,4.4,191,5.4,,,,,,
Vector_CWB_FB_46714D,"2011-06-04 14:00:00",5.8,4.1,257,1007.8,27.6,29.5,,,,,,,,,,
Vector_CWB_FB_46714D,"2011-06-04 15:00:00",3,2.5,259,1007.3,27.9,28.8,,,,,,,,,,
Vector_CWB_FB_46714D,"2011-06-04 16:00:00",2.7,2.3,284,1007,27.6,28.6,0.21,4.5,225,6.1,,,,,,
Vector_CWB_FB_46714D,"2011-06-04 17:00:00",2.7,2.2,270,1006.8,28.1,28.6,,,,,,,,,,
Vector_CWB_FB_46714D,"2011-06-04 18:00:00",4,3.1,288,1006.5,27.5,28.2,0.24,4.8,191,6.1,,,,,,
Vector_CWB_FB_46714D,"2011-06-04 19:00:00",4.4,3.5,283,1007.3,27.3,28.2,0.27,4.9,281,7.4,,,,,,
Vector_CWB_FB_46714D,"2011-06-04 20:00:00",2.1,1.5,287,1007.4,27,28.1,0.22,4.6,225,5.8,,,,,,
Vector_CWB_FB_46714D,"2011-06-04 21:00:00",,,,1008.2,26.9,28.1,0.21,4.3,225,6.9,,,,,,
Vector_CWB_FB_46714D,"2011-06-04 22:00:00",2.3,2,272,1008.3,26.9,28,,,,,,,,,,
Vector_CWB_FB_46714D,"2011-06-04 23:00:00",1.7,1.2,301,1008.5,27.1,28.3,,,,,,,,,,
Vector_CWB_FB_46714D,"2011-06-05 00:00:00",,,,1008,26.6,28.2,0.21,5.2,157,6.1,,,,,,
Vector_CWB_FB_46714D,"2011-06-05 01:00:00",,,,1008.1,26.6,27.9,,,,,,,,,,
Vector_CWB_FB_46714D,"2011-06-05 02:00:00",2.4,1.9,139,1007.9,26.5,27.7,,,,,,,,,,
Vector_CWB_FB_46714D,"2011-06-05 03:00:00",2.3,1.9,134,1007.4,26.4,27.6,0.23,4.7,213,5.2,,,,,,
Vector_CWB_FB_46714D,"2011-06-05 04:00:00",2.2,1.8,121,1007.4,26.4,27.7,0.24,4.6,213,4.9,,,,,,
Vector_CWB_FB_46714D,"2011-06-05 05:00:00",1.8,1.4,94,1006.6,26.1,27.5,0.25,4.4,225,4.9,,,,,,
Vector_CWB_FB_46714D,"2011-06-05 06:00:00",1.7,1.4,95,1006.4,26.2,27.4,0.23,4.3,236,4.1,,,,,,
Vector_CWB_FB_46714D,"2011-06-05 07:00:00",2.1,1.6,105,1007.3,26.9,27.5,0.24,4.4,258,6.5,,,,,,
Vector_CWB_FB_46714D,"2011-06-05 08:00:00",2.1,1.6,56,1007.6,27.7,27.4,0.22,4.3,225,4.7,,,,,,
Vector_CWB_FB_46714D,"2011-06-05 09:00:00",,,,1008.2,28,27.5,0.21,4.2,236,4.3,,,,,,
Vector_CWB_FB_46714D,"2011-06-05 10:00:00",2.5,1.8,298,1009.1,28.3,27.1,0.22,4.2,236,5.2,,,,,,
Vector_CWB_FB_46714D,"2011-06-05 11:00:00",4,3,303,1009.5,27.5,28.3,,,,,,,,,,
Vector_CWB_FB_46714D,"2011-06-05 12:00:00",4.8,3.9,309,1009,27.6,28.9,,,,,,,,,,
Vector_CWB_FB_46714D,"2011-06-05 13:00:00",4.9,4.1,309,1008.6,27.8,27.8,,,,,,,,,,
Vector_CWB_FB_46714D,"2011-06-05 14:00:00",5,4.2,309,1007.9,27.8,27.7,,,,,,,,,,
Vector_CWB_FB_46714D,"2011-06-05 15:00:00",5.7,4.5,306,1007.7,27.8,27.9,,,,,,,,,,
Vector_CWB_FB_46714D,"2011-06-05 16:00:00",8.6,7.2,298,1006.7,27.9,28.3,,,,,,,,,,
Vector_CWB_FB_46714D,"2011-06-05 17:00:00",6.5,5.2,299,1006.3,27.7,28.1,0.22,3.5,90,6.9,,,,,,
Vector_CWB_FB_46714D,"2011-06-05 18:00:00",5.8,4.5,296,1005.6,27.3,27.8,0.29,3.3,90,2.6,,,,,,
Vector_CWB_FB_46714D,"2011-06-05 19:00:00",8.2,7.3,299,1005.1,27,27.7,0.31,3.4,101,2.6,,,,,,
Vector_CWB_FB_46714D,"2011-06-05 20:00:00",5.6,4.7,298,1006.2,27.2,27.9,0.26,4.2,123,6.5,,,,,,
Vector_CWB_FB_46714D,"2011-06-05 21:00:00",4.1,2.9,330,1006.7,27,27.8,,,,,,,,,,
Vector_CWB_FB_46714D,"2011-06-05 22:00:00",4.4,3.7,318,1008.6,27.5,28.2,,,,,,,,,,
Vector_CWB_FB_46714D,"2011-06-05 23:00:00",4.5,3.5,324,1008.1,27.3,28.2,0.28,5,123,6.9,,,,,,
Vector_CWB_FB_46714D,"2011-06-06 00:00:00",3.9,2.7,342,1008.1,27.1,27.8,0.23,4.9,135,6.1,,,,,,
Vector_CWB_FB_46714D,"2011-06-06 01:00:00",2.5,1.7,328,1007.1,26.7,27.4,0.24,4.9,157,6.1,,,,,,
Vector_CWB_FB_46714D,"2011-06-06 02:00:00",1.7,1.3,311,1006.2,26.5,27.4,0.24,4.4,191,6.1,,,,,,
Vector_CWB_FB_46714D,"2011-06-06 03:00:00",1.4,1.1,324,1006.2,26.4,27.6,,,,,,,,,,
Vector_CWB_FB_46714D,"2011-06-06 04:00:00",1.4,1.1,302,1005.8,26.4,27.6,0.27,4.4,247,6.9,,,,,,
Vector_CWB_FB_46714D,"2011-06-06 05:00:00",,,,1006.4,26.4,27.5,0.24,4.4,213,4.9,,,,,,
Vector_CWB_FB_46714D,"2011-06-06 06:00:00",,,,1006.2,26.3,27.5,0.24,4.5,225,6.5,,,,,,
Vector_CWB_FB_46714D,"2011-06-06 07:00:00",,,,1007.3,27,27.9,0.22,4.1,236,6.5,,,,,,
Vector_CWB_FB_46714D,"2011-06-06 08:00:00",,,,1007.3,27.7,27.3,0.23,4.3,191,6.5,,,,,,
Vector_CWB_FB_46714D,"2011-06-06 09:00:00",5.4,5,286,1008.7,27.6,27,0.21,3.9,90,6.1,,,,,,
Vector_CWB_FB_46714D,"2011-06-06 10:00:00",5.3,4,297,1008.9,27.4,27.7,0.23,3.8,168,5.4,,,,,,
Vector_CWB_FB_46714D,"2011-06-06 11:00:00",7.5,6.9,299,1008.5,27.6,27.9,,,,,,,,,,
Vector_CWB_FB_46714D,"2011-06-06 12:00:00",6.2,5.3,311,1008,27.9,27.8,,,,,,,,,,
Vector_CWB_FB_46714D,"2011-06-06 13:00:00",8.3,6.9,323,1006.9,28.2,28.4,,,,,,,,,,
Vector_CWB_FB_46714D,"2011-06-06 14:00:00",10,8.7,317,1006.1,27.9,28.6,0.21,3.8,157,7.4,,,,,,
Vector_CWB_FB_46714D,"2011-06-06 15:00:00",7.8,6.4,325,1005.3,27.7,28,,,,,,,,,,
Vector_CWB_FB_46714D,"2011-06-06 16:00:00",7.8,6.4,311,1004.6,27.5,27.8,0.39,3.2,270,3.4,,,,,,
Vector_CWB_FB_46714D,"2011-06-06 17:00:00",7.7,6.2,313,1004.8,27.7,27.9,0.35,3.4,270,3.6,,,,,,
Vector_CWB_FB_46714D,"2011-06-06 18:00:00",7.5,6.2,316,1005.1,27.5,27.7,0.36,3.3,292,3.2,,,,,,
Vector_CWB_FB_46714D,"2011-06-06 19:00:00",6.4,4.7,323,1005.2,27.1,27.5,0.43,3.3,292,3.2,,,,,,
Vector_CWB_FB_46714D,"2011-06-06 20:00:00",6.3,4.7,327,1005.8,27.1,27.5,0.38,3.3,101,3.3,,,,,,
Vector_CWB_FB_46714D,"2011-06-06 21:00:00",5.6,4.4,326,1005.5,27,27.4,0.4,3.2,292,3.2,,,,,,
Vector_CWB_FB_46714D,"2011-06-06 22:00:00",4.4,3.5,321,1006,27.1,28.4,0.24,3.4,270,3.7,,,,,,
Vector_CWB_FB_46714D,"2011-06-06 23:00:00",3.7,3.1,305,1006.2,27.2,28.3,0.25,3.5,157,3.6,,,,,,
Vector_CWB_FB_46714D,"2011-06-07 00:00:00",4,3.5,291,1006.1,27.3,28.3,0.21,3.6,157,3.7,,,,,,
Vector_CWB_FB_46714D,"2011-06-07 01:00:00",3.4,2.7,290,1005.9,27.1,27.9,0.24,3.6,247,4,,,,,,
Vector_CWB_FB_46714D,"2011-06-07 02:00:00",3.2,2.6,279,1005.4,26.8,27.3,0.25,3.5,225,3.4,,,,,,
Vector_CWB_FB_46714D,"2011-06-07 03:00:00",2.5,2.1,300,1005.9,26.4,26.7,0.29,3.5,236,3.2,,,,,,
Vector_CWB_FB_46714D,"2011-06-07 04:00:00",2.8,2.2,302,1005.6,26.6,27.6,0.32,3.5,236,3.4,,,,,,
Vector_CWB_FB_46714D,"2011-06-07 05:00:00",3.2,2.4,278,1005.1,26.4,27.4,0.27,3.6,247,3.2,,,,,,
Vector_CWB_FB_46714D,"2011-06-07 06:00:00",3,2.4,290,1005.5,26.5,27,0.3,3.6,225,6.1,,,,,,
Vector_CWB_FB_46714D,"2011-06-07 07:00:00",2.2,1.8,292,1005.7,27.2,26.8,0.31,3.7,247,3.2,,,,,,
Vector_CWB_FB_46714D,"2011-06-07 08:00:00",3.1,2.7,307,1006.6,27.2,26.9,0.3,3.6,236,2.9,,,,,,
Vector_CWB_FB_46714D,"2011-06-07 09:00:00",3.4,2,320,1006.3,27.5,26.9,0.31,3.4,56,2.7,,,,,,
Vector_CWB_FB_46714D,"2011-06-07 10:00:00",5.6,3.8,325,1006.6,27.9,28,0.23,3.4,270,6.1,,,,,,
Vector_CWB_FB_46714D,"2011-06-07 11:00:00",7,5,322,1006.5,28.3,28.2,0.24,3.3,270,2.9,,,,,,
Vector_CWB_FB_46714D,"2011-06-07 12:00:00",6.6,5.5,311,1006.1,28.5,29.3,0.26,3.6,157,6.5,,,,,,
Vector_CWB_FB_46714D,"2011-06-07 13:00:00",6.2,5.3,306,1005.4,28.5,,0.28,3.4,270,3.4,,,,,,
Vector_CWB_FB_46714D,"2011-06-07 14:00:00",6.5,5.6,301,1005.2,28.6,29.5,0.26,3.5,270,3.2,,,,,,
Vector_CWB_FB_46714D,"2011-06-07 15:00:00",7,5.8,296,1004.4,28.6,29.4,0.26,3.8,101,6.1,,,,,,
Vector_CWB_FB_46714D,"2011-06-07 16:00:00",6.5,5.4,296,1003.4,28.2,28.3,0.31,3.7,247,4,,,,,,
Vector_CWB_FB_46714D,"2011-06-07 17:00:00",6.2,4.9,284,1004.2,28.1,28.2,0.5,3.7,270,4,,,,,,
Vector_CWB_FB_46714D,"2011-06-07 18:00:00",6.1,5,285,1004.2,28,28.4,0.42,3.7,270,3.7,,,,,,
Vector_CWB_FB_46714D,"2011-06-07 19:00:00",6,5,291,1004,27.8,28.6,0.49,3.6,236,3.6,,,,,,
Vector_CWB_FB_46714D,"2011-06-07 20:00:00",5.8,4.6,289,1004.7,27.7,28.5,0.45,3.6,270,4.5,,,,,,
Vector_CWB_FB_46714D,"2011-06-07 21:00:00",5.2,4.3,286,1005.2,27.7,28.3,0.47,3.6,281,4.1,,,,,,
Vector_CWB_FB_46714D,"2011-06-07 22:00:00",4.4,3.6,284,1005.7,27.6,28.5,0.43,3.7,270,4.5,,,,,,
Vector_CWB_FB_46714D,"2011-06-07 23:00:00",4.7,3.9,308,1006.1,27.8,28.8,0.36,4,135,4.7,,,,,,
Vector_CWB_FB_46714D,"2011-06-08 00:00:00",3.5,2.7,324,1005.4,27.5,28.9,0.35,3.8,247,4.5,,,,,,
Vector_CWB_FB_46714D,"2011-06-08 01:00:00",3.2,2.2,320,1005.3,27.5,29,0.34,3.9,258,4.7,,,,,,
Vector_CWB_FB_46714D,"2011-06-08 02:00:00",2.9,2.2,322,1004.6,27.2,28,0.3,3.8,157,4.9,,,,,,
Vector_CWB_FB_46714D,"2011-06-08 03:00:00",2,1.4,338,1004.2,26.7,,0.33,3.9,225,4.7,,,,,,
Vector_CWB_FB_46714D,"2011-06-08 04:00:00",2.1,1.1,322,1003.7,26.7,28,0.36,4,236,4.7,,,,,,
Vector_CWB_FB_46714D,"2011-06-08 05:00:00",1.6,1.2,325,1004.2,26.6,28,0.42,3.9,236,4,,,,,,
Vector_CWB_FB_46714D,"2011-06-08 06:00:00",2.1,1.3,333,1004.7,26.7,27.5,0.4,4,236,4.5,,,,,,
Vector_CWB_FB_46714D,"2011-06-08 07:00:00",1.8,1.4,55,1005.2,26.5,26.4,0.46,3.9,247,4.1,,,,,,
Vector_CWB_FB_46714D,"2011-06-08 08:00:00",2,1.5,62,1005.4,26.5,,0.37,3.7,247,3.6,,,,,,
Vector_CWB_FB_46714D,"2011-06-08 09:00:00",,,,1006.2,27.1,27.2,0.44,3.7,67,3.8,,,,,,
Vector_CWB_FB_46714D,"2011-06-08 10:00:00",2,1.5,281,1005.9,27.7,27.4,0.47,3.6,258,4,,,,,,
Vector_CWB_FB_46714D,"2011-06-08 11:00:00",3,1.4,261,1007.1,28.2,28.1,0.43,3.6,202,3.4,,,,,,
Vector_CWB_FB_46714D,"2011-06-08 12:00:00",7.3,5.5,271,1006.9,28.3,28.8,0.37,3.8,112,3.7,,,,,,
Vector_CWB_FB_46714D,"2011-06-08 13:00:00",5.2,4.3,274,1006,28.3,29,0.32,3.9,270,4.9,,,,,,
Vector_CWB_FB_46714D,"2011-06-08 14:00:00",6,4.9,277,1005.5,28.6,,0.31,4.2,146,4.9,,,,,,
Vector_CWB_FB_46714D,"2011-06-08 15:00:00",5.9,5.2,282,1004.9,28.7,29.5,0.26,4.4,112,4.7,,,,,,
Vector_CWB_FB_46714D,"2011-06-08 16:00:00",6.6,5.6,274,1004.8,28.6,29.4,0.29,4.2,180,5.8,,,,,,
Vector_CWB_FB_46714D,"2011-06-08 17:00:00",5.2,4.2,266,1004.2,28.2,27.9,0.27,3.8,247,4.9,,,,,,
Vector_CWB_FB_46714D,"2011-06-08 18:00:00",4.2,3.3,259,1005.4,28.1,28.2,0.41,4.1,247,5.2,,,,,,
Vector_CWB_FB_46714D,"2011-06-08 19:00:00",,,,1005.6,27.8,28.1,0.38,4,258,4.9,,,,,,
Vector_CWB_FB_46714D,"2011-06-08 20:00:00",6,3.1,184,1005.6,27.2,27.8,0.39,4,270,4.3,,,,,,
Vector_CWB_FB_46714D,"2011-06-08 21:00:00",6,5.6,160,1005.7,26.9,27.7,0.35,4,292,4.3,,,,,,
Vector_CWB_FB_46714D,"2011-06-08 22:00:00",,,,1005.4,26.6,28.3,0.32,3.7,270,5.2,,,,,,
Vector_CWB_FB_46714D,"2011-06-08 23:00:00",,,,1005.2,26.7,28.7,0.35,4,112,4.5,,,,,,
Vector_CWB_FB_46714D,"2011-06-09 00:00:00",1.5,1.1,169,1004.9,26.7,28.8,0.3,3.8,258,4,,,,,,
Vector_CWB_FB_46714D,"2011-06-09 01:00:00",2.6,1.9,139,1004.5,26.9,29.1,0.32,3.9,236,5.4,,,,,,
Vector_CWB_FB_46714D,"2011-06-09 02:00:00",4.8,3.7,143,1004.1,26.9,29.5,0.31,3.7,225,4.9,,,,,,
Vector_CWB_FB_46714D,"2011-06-09 03:00:00",3.9,3.1,141,1004.4,26.7,27.8,0.29,3.8,236,4.9,,,,,,
Vector_CWB_FB_46714D,"2011-06-09 04:00:00",4.4,3.2,121,1005.2,27.1,26.9,0.33,3.9,213,5.4,,,,,,
Vector_CWB_FB_46714D,"2011-06-09 05:00:00",5.3,4,123,1004.9,27.1,28.1,0.33,3.8,225,3.8,,,,,,
Vector_CWB_FB_46714D,"2011-06-09 06:00:00",4.7,3.9,117,1005.6,27.5,28,0.35,3.8,236,4,,,,,,
Vector_CWB_FB_46714D,"2011-06-09 07:00:00",4.1,3.2,113,1005.6,27.7,27.8,0.34,3.8,258,4.1,,,,,,
Vector_CWB_FB_46714D,"2011-06-09 08:00:00",4.1,3,125,1006.1,28.1,27.9,0.32,3.7,236,3.8,,,,,,
Vector_CWB_FB_46714D,"2011-06-09 09:00:00",4.2,3.3,143,1007.2,28.2,27.9,0.37,3.9,225,3.8,,,,,,
Vector_CWB_FB_46714D,"2011-06-09 10:00:00",4.4,3.4,153,1007.1,28.6,27.9,0.37,3.7,247,3.7,,,,,,
Vector_CWB_FB_46714D,"2011-06-09 11:00:00",6.4,5.1,160,1006.8,28.8,27.6,0.48,3.9,247,4.3,,,,,,
Vector_CWB_FB_46714D,"2011-06-09 12:00:00",7.9,6.3,168,1006,28.9,29.7,0.5,3.8,315,4.5,,,,,,
Vector_CWB_FB_46714D,"2011-06-09 13:00:00",7.6,6.3,166,1004.5,28.6,29.4,0.61,3.9,146,4.7,,,,,,
Vector_CWB_FB_46714D,"2011-06-09 14:00:00",8.2,6.7,169,1003.9,28.8,29.8,0.94,4.5,135,5.8,,,,,,
Vector_CWB_FB_46714D,"2011-06-09 15:00:00",8.6,7,148,1002.7,28.9,29.7,1.13,4.6,146,5.4,,,,,,
Vector_CWB_FB_46714D,"2011-06-09 16:00:00",11,8.6,161,1002.6,28.9,29.3,1.02,4.8,135,6.1,,,,,,
Vector_CWB_FB_46714D,"2011-06-09 17:00:00",11.1,8.5,151,1003,28.8,29.3,1.2,4.7,157,6.1,,,,,,
Vector_CWB_FB_46714D,"2011-06-09 18:00:00",10.7,8.8,146,1003.5,28.6,29.2,1.36,4.9,191,6.1,,,,,,
Vector_CWB_FB_46714D,"2011-06-09 19:00:00",11.3,8.9,142,1004.9,28.6,29,1.17,4.6,168,6.1,,,,,,
Vector_CWB_FB_46714D,"2011-06-09 20:00:00",10.5,7.9,137,1005.3,28.3,28.9,1.13,4.7,202,6.5,,,,,,
Vector_CWB_FB_46714D,"2011-06-09 21:00:00",11.6,9.5,135,1005.9,28.4,28.8,1.18,4.4,225,6.5,,,,,,
Vector_CWB_FB_46714D,"2011-06-09 22:00:00",10.6,8.7,123,1005.6,27.9,27.8,1.13,4.4,213,5.8,,,,,,
Vector_CWB_FB_46714D,"2011-06-09 23:00:00",11.6,9.1,130,1005.6,28.1,28.7,1.34,4.5,191,6.1,,,,,,
Vector_CWB_FB_46714D,"2011-06-10 00:00:00",11.4,8.9,134,1004.6,28.1,28.8,1.48,4.8,168,6.1,,,,,,
Vector_CWB_FB_46714D,"2011-06-10 01:00:00",11.6,9.3,135,1003.7,28.2,28.7,1.42,4.9,157,6.9,,,,,,
Vector_CWB_FB_46714D,"2011-06-10 02:00:00",11.7,9.3,131,1003.3,28.3,29.1,1.59,4.9,135,4.9,,,,,,
Vector_CWB_FB_46714D,"2011-06-10 03:00:00",11.1,9,128,1003.1,28.3,29.7,1.37,4.8,146,5.2,,,,,,
Vector_CWB_FB_46714D,"2011-06-10 04:00:00",12.2,9.6,129,1003.5,28.3,29.7,1.36,5.3,157,7.4,,,,,,
Vector_CWB_FB_46714D,"2011-06-10 05:00:00",11.4,8.8,129,1003.7,28.1,29.6,1.91,5.6,157,8.7,,,,,,
Vector_CWB_FB_46714D,"2011-06-10 06:00:00",11,8.7,136,1003.3,28.1,29.2,2.25,5.6,135,6.5,,,,,,
Vector_CWB_FB_46714D,"2011-06-10 07:00:00",11.1,8.9,139,1004.4,28.2,28.9,1.9,5.5,191,6.5,,,,,,
Vector_CWB_FB_46714D,"2011-06-10 08:00:00",11.9,9.1,141,1004.8,28.2,29.2,1.32,4.8,191,6.5,,,,,,
Vector_CWB_FB_46714D,"2011-06-10 09:00:00",12.3,9.8,144,1005,28.5,29.5,1.2,4.5,202,6.9,,,,,,
Vector_CWB_FB_46714D,"2011-06-10 10:00:00",12.1,10,145,1004.9,28.3,29.4,1.24,4.6,191,6.9,,,,,,
Vector_CWB_FB_46714D,"2011-06-10 11:00:00",11.7,9.3,145,1004.8,28.6,29.5,1.2,4.5,191,6.9,,,,,,
Vector_CWB_FB_46714D,"2011-06-10 12:00:00",12.4,9.6,155,1004.7,28.9,29.6,1.28,4.6,168,7.4,,,,,,
Vector_CWB_FB_46714D,"2011-06-10 13:00:00",12.2,9.4,155,1004.4,28.8,29.6,1.3,4.5,180,6.1,,,,,,
Vector_CWB_FB_46714D,"2011-06-10 14:00:00",12.4,9.7,157,1003.5,28.7,29.6,1.28,4.8,191,8,,,,,,
Vector_CWB_FB_46714D,"2011-06-10 15:00:00",11.6,9.4,154,1002.7,28.5,29.5,1.63,4.9,168,7.4,,,,,,
Vector_CWB_FB_46714D,"2011-06-10 16:00:00",10.5,8.4,159,1003.1,28.6,29.6,1.76,5.5,146,8,,,,,,
Vector_CWB_FB_46714D,"2011-06-10 17:00:00",10.5,8.5,154,1002.5,28.3,29.4,2.21,6.1,202,11.6,,,,,,
Vector_CWB_FB_46714D,"2011-06-10 18:00:00",9.1,7.5,159,1003.8,28.4,29.4,2.56,7.2,191,11.6,,,,,,
Vector_CWB_FB_46714D,"2011-06-10 19:00:00",7,4.9,150,1005,26.9,29.5,2.35,7.4,213,13.1,,,,,,
Vector_CWB_FB_46714D,"2011-06-10 20:00:00",7.1,5.6,136,1005.7,27.7,29.5,2.76,7.5,225,10.4,,,,,,
Vector_CWB_FB_46714D,"2011-06-10 21:00:00",7.4,5.5,141,1005.5,27.7,29.5,4.12,9.2,236,13.1,,,,,,
Vector_CWB_FB_46714D,"2011-06-10 22:00:00",10.9,8.7,158,1006,28.2,29.6,4.02,8.8,247,13.1,,,,,,
Vector_CWB_FB_46714D,"2011-06-10 23:00:00",10.2,7.6,191,1005.9,26.7,29.5,3.56,7.9,225,11.6,,,,,,
Vector_CWB_FB_46714D,"2011-06-11 00:00:00",10.4,8.1,167,1005.1,27.4,29.4,4.12,8.1,236,11.6,,,,,,
Vector_CWB_FB_46714D,"2011-06-11 01:00:00",10.7,8.9,156,1004.4,27.9,29.5,3.62,7.8,247,11.6,,,,,,
Vector_CWB_FB_46714D,"2011-06-11 02:00:00",10.3,8.3,150,1004.1,27.5,29.4,3.35,7.5,225,9.5,,,,,,
Vector_CWB_FB_46714D,"2011-06-11 03:00:00",10.5,8.4,162,1004.1,27.9,29.5,3.52,7.7,225,11.6,,,,,,
Vector_CWB_FB_46714D,"2011-06-11 04:00:00",10.4,8.4,163,1004.3,27.9,29.6,2.45,6.9,236,10.4,,,,,,
Vector_CWB_FB_46714D,"2011-06-11 05:00:00",8.6,6.7,167,1004.5,27.8,29.4,2.62,6.6,202,9.5,,,,,,
Vector_CWB_FB_46714D,"2011-06-11 06:00:00",8.4,6.8,161,1005.1,27.9,29.3,2.6,6.8,202,9.5,,,,,,
Vector_CWB_FB_46714D,"2011-06-11 07:00:00",8.1,6.4,155,1005.7,27.8,29.3,3.03,7.6,225,10.4,,,,,,
Vector_CWB_FB_46714D,"2011-06-11 08:00:00",8.7,6.6,163,1006.5,28.3,29.5,2.79,6.9,236,10.4,,,,,,
Vector_CWB_FB_46714D,"2011-06-11 09:00:00",8.9,6.9,168,1006.5,28.2,29.5,2.79,6.9,213,10.4,,,,,,
Vector_CWB_FB_46714D,"2011-06-11 10:00:00",8.3,6.2,174,1006.4,28.3,29.5,2.55,6.6,236,10.4,,,,,,
Vector_CWB_FB_46714D,"2011-06-11 11:00:00",7.7,6.2,169,1006.3,28.4,29.5,2.67,6.7,225,10.4,,,,,,
Vector_CWB_FB_46714D,"2011-06-11 12:00:00",8.4,6.7,171,1006.7,28.5,29.6,2.38,6.4,236,9.5,,,,,,
Vector_CWB_FB_46714D,"2011-06-11 13:00:00",6,4.8,179,1006,27.9,29.5,1.95,5.9,247,9.5,,,,,,
Vector_CWB_FB_46714D,"2011-06-11 14:00:00",5.5,4.1,162,1006,28,29.7,1.6,5.4,236,7.4,,,,,,
Vector_CWB_FB_46714D,"2011-06-11 15:00:00",5.6,4.4,176,1005.5,28.3,29.6,1.81,6,213,8,,,,,,
Vector_CWB_FB_46714D,"2011-06-11 16:00:00",6.4,5.2,183,1005.2,28.3,29.6,1.56,5.8,202,9.5,,,,,,
Vector_CWB_FB_46714D,"2011-06-11 17:00:00",5.7,4.5,181,1005.5,28.4,29.7,1.52,5.9,202,9.5,,,,,,
Vector_CWB_FB_46714D,"2011-06-11 18:00:00",5.6,4.6,178,1005.9,28.2,29.5,1.45,5.9,202,8,,,,,,
Vector_CWB_FB_46714D,"2011-06-11 19:00:00",5.7,4.7,178,1006.4,28.1,29.5,1.22,5.6,213,8.7,,,,,,
Vector_CWB_FB_46714D,"2011-06-11 20:00:00",5.7,4.7,167,1007,28.1,29.6,1.25,5.9,225,8.7,,,,,,
Vector_CWB_FB_46714D,"2011-06-11 21:00:00",5.7,4.6,168,1007.6,28.1,29.6,1.57,5.9,236,8.7,,,,,,
Vector_CWB_FB_46714D,"2011-06-11 22:00:00",6.4,5,171,1008,28,29.5,1.49,5.8,236,8,,,,,,
Vector_CWB_FB_46714D,"2011-06-11 23:00:00",5.3,4.3,173,1008.1,28,29.5,1.36,5.5,247,8,,,,,,
Vector_CWB_FB_46714D,"2011-06-12 00:00:00",5.2,4.3,175,1007.9,27.9,29.5,1.32,5.3,258,7.4,,,,,,
Vector_CWB_FB_46714D,"2011-06-12 01:00:00",5.6,4.5,184,1007.3,27.8,29.4,1.4,5.5,236,8,,,,,,
Vector_CWB_FB_46714D,"2011-06-12 02:00:00",4.7,3.5,185,1007.1,27.9,29.4,1.37,5.3,225,8,,,,,,
Vector_CWB_FB_46714D,"2011-06-12 03:00:00",4.2,3,181,1006.7,27.7,29.3,1.48,5.5,225,7.4,,,,,,
Vector_CWB_FB_46714D,"2011-06-12 04:00:00",3.6,2.7,180,1007.1,27.9,29.3,1.31,5.4,225,7.4,,,,,,
Vector_CWB_FB_46714D,"2011-06-12 05:00:00",3.6,2.9,148,1007.2,27.8,29.4,1,5.2,168,8,,,,,,
Vector_CWB_FB_46714D,"2011-06-12 06:00:00",4.1,3.1,148,1007.5,27.9,29.3,1.01,5.2,168,8,,,,,,
Vector_CWB_FB_46714D,"2011-06-12 07:00:00",4.1,3.2,145,1007.4,28,29.2,1.01,5.4,168,8,,,,,,
Vector_CWB_FB_46714D,"2011-06-12 08:00:00",4.1,3.2,188,1008.1,28.3,29.3,1.09,5.3,225,7.4,,,,,,
Vector_CWB_FB_46714D,"2011-06-12 09:00:00",3.5,2.7,197,1007.9,28.5,29.3,0.96,5,202,7.4,,,,,,
Vector_CWB_FB_46714D,"2011-06-12 10:00:00",3.8,2.8,201,1008.6,28.9,29.4,1.19,5.3,213,7.4,,,,,,
Vector_CWB_FB_46714D,"2011-06-12 11:00:00",2.9,2.1,203,1008,29,29.6,1.36,5.5,225,7.4,,,,,,
Vector_CWB_FB_46714D,"2011-06-12 12:00:00",2,1.2,210,1008.1,29.3,30,1.28,5.5,225,7.4,,,,,,
Vector_CWB_FB_46714D,"2011-06-12 13:00:00",2.5,1.7,184,1007.5,29.3,30.2,1.17,5.4,247,6.5,,,,,,
Vector_CWB_FB_46714D,"2011-06-12 14:00:00",2.3,1.4,203,1006.7,29.1,29.8,1.17,5.4,213,6.9,,,,,,
Vector_CWB_FB_46714D,"2011-06-12 15:00:00",3.1,2.2,187,1006.1,28.9,29.8,1.2,4.9,258,6.5,,,,,,
Vector_CWB_FB_46714D,"2011-06-12 16:00:00",6.2,5.4,183,1005.9,28.6,29.7,1.15,5.1,236,7.4,,,,,,
Vector_CWB_FB_46714D,"2011-06-12 17:00:00",5.6,4.7,204,1006.3,28.6,29.3,1.24,5.5,191,7.4,,,,,,
Vector_CWB_FB_46714D,"2011-06-12 18:00:00",5.5,3.7,198,1006.1,28.6,29.2,1,5.3,157,6.9,,,,,,
Vector_CWB_FB_46714D,"2011-06-12 19:00:00",2.2,1.2,211,1006,28,29.7,0.79,5.2,168,6.9,,,,,,
Vector_CWB_FB_46714D,"2011-06-12 20:00:00",,,,1006.4,27.7,29.4,0.78,5.5,247,7.4,,,,,,
Vector_CWB_FB_46714D,"2011-06-12 21:00:00",,,,1007.4,27.9,29.5,0.91,5.6,202,6.9,,,,,,
Vector_CWB_FB_46714D,"2011-06-12 22:00:00",2.2,1.4,158,1007.9,27.9,29.3,0.99,5.7,213,6.9,,,,,,
Vector_CWB_FB_46714D,"2011-06-12 23:00:00",2.3,1.4,162,1008.2,28,29.4,1.05,5.5,213,6.9,,,,,,
Vector_CWB_FB_46714D,"2011-06-13 00:00:00",2.6,1.9,151,1008,27.8,29.5,1.13,5.5,225,6.9,,,,,,
Vector_CWB_FB_46714D,"2011-06-13 01:00:00",2.4,1.7,170,1007.8,27.9,29.5,0.92,5.2,225,6.9,,,,,,
Vector_CWB_FB_46714D,"2011-06-13 02:00:00",2.3,1.7,183,1007.3,27.7,29.5,1,5,202,7.4,,,,,,
Vector_CWB_FB_46714D,"2011-06-13 03:00:00",1.6,1.1,181,1006.8,27.8,29.5,0.95,5.1,213,6.5,,,,,,
Vector_CWB_FB_46714D,"2011-06-13 04:00:00",,,,1006.7,27.8,29.5,0.86,5.1,180,6.1,,,,,,
Vector_CWB_FB_46714D,"2011-06-13 05:00:00",,,,1006,27.4,29.3,0.72,4.9,168,7.4,,,,,,
Vector_CWB_FB_46714D,"2011-06-13 06:00:00",,,,1006.4,27.8,29.3,0.69,4.9,168,9.5,,,,,,
Vector_CWB_FB_46714D,"2011-06-13 07:00:00",,,,1007.2,29,29.5,0.6,5.6,168,8,,,,,,
Vector_CWB_FB_46714D,"2011-06-13 08:00:00",,,,1007.2,28.8,29.6,0.62,5.5,213,8.7,,,,,,
Vector_CWB_FB_46714D,"2011-06-13 09:00:00",,,,1007.2,29,28.8,0.6,5.6,213,8.7,,,,,,
Vector_CWB_FB_46714D,"2011-06-13 10:00:00",2.4,1.6,238,1007.9,28.3,29.2,0.53,5.5,225,8,,,,,,
Vector_CWB_FB_46714D,"2011-06-13 11:00:00",3.3,2.6,245,1007.5,28.3,29.8,0.61,6,202,9.5,,,,,,
Vector_CWB_FB_46714D,"2011-06-13 12:00:00",6.9,5.6,264,1007.2,28.9,29.9,,,,,,,,,,
Vector_CWB_FB_46714D,"2011-06-13 13:00:00",6.7,6,268,1005.6,28.7,30,0.74,5.7,213,7.4,,,,,,
Vector_CWB_FB_46714D,"2011-06-13 14:00:00",6.3,5.3,270,1005.3,28.6,29.8,0.67,5.5,236,7.4,,,,,,
Vector_CWB_FB_46714D,"2011-06-13 15:00:00",6.8,5.4,274,1004,28.5,29.7,0.64,4.9,236,7.4,,,,,,
Vector_CWB_FB_46714D,"2011-06-13 16:00:00",7.6,6.4,269,1003.5,28.4,29.7,0.63,4.2,225,6.1,,,,,,
Vector_CWB_FB_46714D,"2011-06-13 17:00:00",6.6,5.5,263,1003.3,28.4,29.7,0.5,4.5,225,6.9,,,,,,
Vector_CWB_FB_46714D,"2011-06-13 18:00:00",6.4,5.5,268,1003.7,28.4,29.5,0.54,4.7,213,8,,,,,,
Vector_CWB_FB_46714D,"2011-06-13 19:00:00",3.6,2.8,283,1004.9,28.2,29.4,0.6,5.4,157,8,,,,,,
Vector_CWB_FB_46714D,"2011-06-13 20:00:00",2.6,2.1,299,1005.4,28.4,29.6,0.57,5.5,180,7.4,,,,,,
Vector_CWB_FB_46714D,"2011-06-13 21:00:00",1.9,1.2,336,1007,28.3,29.2,0.62,5.6,213,8,,,,,,
Vector_CWB_FB_46714D,"2011-06-13 22:00:00",,,,1008.4,28.4,29.4,0.64,5.5,213,6.9,,,,,,
Vector_CWB_FB_46714D,"2011-06-13 23:00:00",2.5,1.8,309,1008.4,28.2,29.3,0.7,5.4,225,6.1,,,,,,
Vector_CWB_FB_46714D,"2011-06-14 00:00:00",3.2,2.4,329,1007.7,28,29.5,0.77,5.4,236,6.5,,,,,,
Vector_CWB_FB_46714D,"2011-06-14 01:00:00",2.8,2.1,339,1007.1,28.1,29.4,0.74,5.3,225,6.9,,,,,,
Vector_CWB_FB_46714D,"2011-06-14 02:00:00",,,,1006.5,27.8,29.2,0.81,5.1,236,8,,,,,,
Vector_CWB_FB_46714D,"2011-06-14 03:00:00",,,,1006.2,27.7,29.3,0.76,4.9,202,7.4,,,,,,
Vector_CWB_FB_46714D,"2011-06-14 04:00:00",,,,1006.1,27.6,29,0.75,4.6,191,8,,,,,,
Vector_CWB_FB_46714D,"2011-06-14 05:00:00",,,,1006.1,27.6,29.1,0.7,4.6,135,6.9,,,,,,
Vector_CWB_FB_46714D,"2011-06-14 06:00:00",2,1.3,154,1006.3,27.7,29,0.64,4.7,202,8,,,,,,
Vector_CWB_FB_46714D,"2011-06-14 07:00:00",2.6,2,166,1007.2,28.2,29,0.5,5,225,8,,,,,,
Vector_CWB_FB_46714D,"2011-06-14 08:00:00",3.4,2.7,177,1007,28.4,29.2,0.51,5.6,225,8.7,,,,,,
Vector_CWB_FB_46714D,"2011-06-14 09:00:00",3.6,2.8,179,1007.6,28.6,29.4,0.47,5.6,225,8.7,,,,,,
Vector_CWB_FB_46714D,"2011-06-14 10:00:00",3.1,2.4,163,1007.5,28.7,29.9,0.4,5.2,225,8,,,,,,
Vector_CWB_FB_46714D,"2011-06-14 11:00:00",2.5,1.8,184,1007.7,28.8,30.3,0.41,5.2,202,8.7,,,,,,
Vector_CWB_FB_46714D,"2011-06-14 12:00:00",2.5,1.6,226,1007.2,29.2,29.8,0.47,5.3,225,7.4,,,,,,
Vector_CWB_FB_46714D,"2011-06-14 13:00:00",2.9,2.3,252,1006.5,29.4,30.2,0.53,5.3,225,8,,,,,,
Vector_CWB_FB_46714D,"2011-06-14 14:00:00",3.3,2.7,260,1005.7,29.6,30.4,0.62,5.5,213,7.4,,,,,,
Vector_CWB_FB_46714D,"2011-06-14 15:00:00",4.7,3.8,268,1005.1,29.5,30.3,0.65,5.2,225,8.7,,,,,,
Vector_CWB_FB_46714D,"2011-06-14 16:00:00",4.7,3.7,277,1004.6,29.5,30.3,0.63,5,213,8,,,,,,
Vector_CWB_FB_46714D,"2011-06-14 17:00:00",5.2,4.1,296,1004.4,28.9,30.1,0.71,5.1,258,6.9,,,,,,
Vector_CWB_FB_46714D,"2011-06-14 18:00:00",4.6,3.9,300,1004.2,28.5,29.6,0.63,5.2,180,7.4,,,,,,
Vector_CWB_FB_46714D,"2011-06-14 19:00:00",4.6,3.7,310,1004.7,28.3,29.4,0.51,5.3,168,7.4,,,,,,
Vector_CWB_FB_46714D,"2011-06-14 20:00:00",4.5,3.8,295,1004.7,28.2,30,0.35,5.3,146,7.4,,,,,,
Vector_CWB_FB_46714D,"2011-06-14 21:00:00",3.1,2.4,284,1006.5,28.4,30.2,0.45,5.8,180,8,,,,,,
Vector_CWB_FB_46714D,"2011-06-14 22:00:00",3.1,2.3,267,1006.9,28.4,29.9,0.45,5.7,157,6.5,,,,,,
Vector_CWB_FB_46714D,"2011-06-14 23:00:00",2.3,1.4,215,1006.6,28.2,29.1,0.51,5.5,202,7.4,,,,,,
Vector_CWB_FB_46714D,"2011-06-15 00:00:00",3.2,2.3,194,1006,28.1,29.5,0.59,5.5,225,8,,,,,,
Vector_CWB_FB_46714D,"2011-06-15 01:00:00",3.4,2.5,173,1005.4,27.9,29.6,0.59,5.5,236,6.5,,,,,,
Vector_CWB_FB_46714D,"2011-06-15 02:00:00",2.6,2,165,1005.4,28,29.3,0.63,5.7,225,7.4,,,,,,
Vector_CWB_FB_46714D,"2011-06-15 03:00:00",3.8,2.8,160,1005.3,28.1,29.4,0.68,5.6,225,7.4,,,,,,
Vector_CWB_FB_46714D,"2011-06-15 04:00:00",3,2.2,144,1005.2,28.2,29.5,0.68,5.3,202,8.7,,,,,,
Vector_CWB_FB_46714D,"2011-06-15 05:00:00",,,,1005.1,27.9,29.4,0.63,4.6,213,9.5,,,,,,
Vector_CWB_FB_46714D,"2011-06-15 06:00:00",,,,1005.4,28,29.5,0.56,4.5,225,8,,,,,,
Vector_CWB_FB_46714D,"2011-06-15 07:00:00",3,2.3,46,1005.6,28,29.4,0.59,5.7,236,9.5,,,,,,
Vector_CWB_FB_46714D,"2011-06-15 08:00:00",2.3,1.1,360,1005.6,28.1,29.3,0.44,5.5,225,9.5,,,,,,
Vector_CWB_FB_46714D,"2011-06-15 09:00:00",2.5,1.3,46,1004.6,28.2,29.5,0.51,6.4,213,9.5,,,,,,
Vector_CWB_FB_46714D,"2011-06-15 10:00:00",,,,1004.6,28.8,30.6,0.45,6.5,180,9.5,,,,,,
Vector_CWB_FB_46714D,"2011-06-15 11:00:00",3.2,2.2,238,1005.4,29,,0.42,6.4,123,8.7,,,,,,
Vector_CWB_FB_46714D,"2011-06-15 12:00:00",3.3,2.5,227,1005.6,29,31.1,0.45,6.3,157,8.7,,,,,,
Vector_CWB_FB_46714D,"2011-06-15 13:00:00",4,3.2,220,1005.5,29.4,30.4,0.58,6.5,191,8.7,,,,,,
Vector_CWB_FB_46714D,"2011-06-15 14:00:00",4.3,3.2,220,1005.1,29,30.1,0.6,6.4,213,8,,,,,,
Vector_CWB_FB_46714D,"2011-06-15 15:00:00",4.4,3.5,198,1005,29,29.9,0.61,6.1,191,8,,,,,,
Vector_CWB_FB_46714D,"2011-06-15 16:00:00",3.3,2.4,228,1004.4,29.1,29.9,0.64,6,213,7.4,,,,,,
Vector_CWB_FB_46714D,"2011-06-15 17:00:00",3.3,2.1,205,1004.3,29.1,30,0.53,5.6,213,7.4,,,,,,
Vector_CWB_FB_46714D,"2011-06-15 18:00:00",3,2.1,234,1004.5,28.9,29.9,0.54,5.2,225,7.4,,,,,,
Vector_CWB_FB_46714D,"2011-06-15 19:00:00",1.8,1.3,193,1004.7,28.9,30.2,0.46,5.5,213,7.4,,,,,,
Vector_CWB_FB_46714D,"2011-06-15 20:00:00",2.5,1.8,223,1004.9,28.8,30.2,0.46,5.7,202,7.4,,,,,,
Vector_CWB_FB_46714D,"2011-06-15 21:00:00",5.6,3.2,198,1005.5,28.6,30.3,0.48,5.7,157,8.7,,,,,,
Vector_CWB_FB_46714D,"2011-06-15 22:00:00",4.1,3.1,220,1005.3,28.5,29.8,0.42,5.6,180,8,,,,,,
Vector_CWB_FB_46714D,"2011-06-15 23:00:00",4.3,3.3,197,1006,28.7,29.3,0.42,6,180,8,,,,,,
Vector_CWB_FB_46714D,"2011-06-16 00:00:00",3.6,2.8,187,1005.3,28.2,28.9,0.57,5.7,202,7.4,,,,,,
Vector_CWB_FB_46714D,"2011-06-16 01:00:00",2.7,2.2,154,1005.2,28.2,29.2,0.54,5.1,202,7.4,,,,,,
Vector_CWB_FB_46714D,"2011-06-16 02:00:00",3,2.3,119,1004.6,27.9,29.1,0.51,4.8,213,6.9,,,,,,
Vector_CWB_FB_46714D,"2011-06-16 03:00:00",4.1,3.2,143,1004.8,28.1,29.1,0.56,4.9,213,7.4,,,,,,
Vector_CWB_FB_46714D,"2011-06-16 04:00:00",5.2,4.3,160,1004.3,27.9,29.4,0.51,4.8,236,8,,,,,,
Vector_CWB_FB_46714D,"2011-06-16 05:00:00",6.6,5.5,150,1004.9,27.8,29.1,0.61,4.3,258,5.2,,,,,,
Vector_CWB_FB_46714D,"2011-06-16 06:00:00",6.2,5.4,154,1005.3,27.7,28.7,0.62,4,270,6.9,,,,,,
Vector_CWB_FB_46714D,"2011-06-16 07:00:00",7.3,5.9,146,1005.6,27.9,29.2,0.59,3.9,270,6.5,,,,,,
Vector_CWB_FB_46714D,"2011-06-16 08:00:00",6.3,5.1,138,1006.1,28,29.4,0.48,4.1,258,5.4,,,,,,
Vector_CWB_FB_46714D,"2011-06-16 09:00:00",6.1,4.9,152,1006.7,28.2,29.6,0.49,4.4,180,8,,,,,,
Vector_CWB_FB_46714D,"2011-06-16 10:00:00",5.8,4.7,163,1005.7,28.3,29.9,0.52,4.4,326,5.4,,,,,,
Vector_CWB_FB_46714D,"2011-06-16 11:00:00",5.6,4.6,176,1005.3,28.6,30.1,0.54,4.7,146,6.5,,,,,,
Vector_CWB_FB_46714D,"2011-06-16 12:00:00",7.2,6.1,181,1005.1,28.7,29.9,0.55,4.1,123,6.5,,,,,,
Vector_CWB_FB_46714D,"2011-06-16 13:00:00",8.2,6.7,183,1004.9,28.7,29.9,0.65,4.1,146,5.4,,,,,,
Vector_CWB_FB_46714D,"2011-06-16 14:00:00",7.8,6.4,178,1004.1,28.6,29.8,0.77,4.1,168,3.8,,,,,,
Vector_CWB_FB_46714D,"2011-06-16 15:00:00",8.4,6.9,181,1002.9,28.4,29.8,0.86,4.1,180,5.4,,,,,,
Vector_CWB_FB_46714D,"2011-06-16 16:00:00",8.9,7.4,176,1003.2,28.4,29.9,0.89,4.2,191,5.2,,,,,,
Vector_CWB_FB_46714D,"2011-06-16 17:00:00",9,7.4,177,1003.3,28.5,29.7,0.91,4.1,202,4.9,,,,,,
Vector_CWB_FB_46714D,"2011-06-16 18:00:00",10.1,8,165,1003.3,28.2,29.6,,,,,,,,,,
Vector_CWB_FB_46714D,"2011-06-16 19:00:00",9.6,7.8,159,1004.5,28.6,29.8,1.02,4,180,4.3,,,,,,
Vector_CWB_FB_46714D,"2011-06-16 20:00:00",9.7,7.7,155,1004.8,28.6,29.7,0.94,3.9,157,4.5,,,,,,
Vector_CWB_FB_46714D,"2011-06-16 21:00:00",10.2,8.1,156,1005.4,28.1,29.8,1,4.4,135,4.5,,,,,,
Vector_CWB_FB_46714D,"2011-06-16 22:00:00",10.2,8.3,152,1005.3,28.1,29.5,1.19,4.6,180,7.4,,,,,,
Vector_CWB_FB_46714D,"2011-06-16 23:00:00",10.8,8.2,152,1006.1,28,29.6,1.32,5,123,5.2,,,,,,
Vector_CWB_FB_46714D,"2011-06-17 00:00:00",10.5,8.2,150,1006.5,28.2,29.4,1.51,5.1,135,4.9,,,,,,
Vector_CWB_FB_46714D,"2011-06-17 01:00:00",10,8.1,145,1006.5,27.9,28.9,1.57,5.4,225,8,,,,,,
Vector_CWB_FB_46714D,"2011-06-17 02:00:00",9.3,7.2,139,1006.7,28.1,29.3,1.56,5.8,225,8,,,,,,
Vector_CWB_FB_46714D,"2011-06-17 03:00:00",9.3,7.4,140,1006.1,28,28.6,1.16,5.3,225,8,,,,,,
Vector_CWB_FB_46714D,"2011-06-17 04:00:00",9.5,7.8,142,1005.8,27.9,28.8,1.34,5.3,225,8.7,,,,,,
Vector_CWB_FB_46714D,"2011-06-17 05:00:00",7.8,6.3,135,1006.6,28.2,28.8,1.44,5.5,213,8.7,,,,,,
Vector_CWB_FB_46714D,"2011-06-17 06:00:00",9.8,7.6,141,1006.6,28.3,29.4,1.51,5.3,225,8.7,,,,,,
Vector_CWB_FB_46714D,"2011-06-17 07:00:00",10.9,9,145,1006.2,28.3,29.2,1.57,5.2,247,8.7,,,,,,
Vector_CWB_FB_46714D,"2011-06-17 08:00:00",11.8,9.6,151,1006.1,28.3,29.2,1.38,4.3,225,8,,,,,,
Vector_CWB_FB_46714D,"2011-06-17 09:00:00",11.3,9.5,139,1007.1,28.6,29.3,1.58,4.6,202,8,,,,,,
Vector_CWB_FB_46714D,"2011-06-17 10:00:00",11.9,9.3,141,1007.5,28.7,29.3,1.35,4.5,225,8,,,,,,
Vector_CWB_FB_46714D,"2011-06-17 11:00:00",11.3,9,153,1007.5,29,29.4,1.5,4.8,202,8,,,,,,
Vector_CWB_FB_46714D,"2011-06-17 12:00:00",9.2,7.7,157,1008,29.2,29.7,1.4,4.9,180,8,,,,,,
Vector_CWB_FB_46714D,"2011-06-17 13:00:00",9.7,7.6,163,1007.9,29.2,29.9,1.53,5.2,191,8.7,,,,,,
Vector_CWB_FB_46714D,"2011-06-17 14:00:00",8.7,7,163,1007.4,29.1,29.8,1.52,5.1,202,8,,,,,,
Vector_CWB_FB_46714D,"2011-06-17 15:00:00",7.2,5.7,161,1005.8,28.8,29.7,1.56,5.3,202,7.4,,,,,,
Vector_CWB_FB_46714D,"2011-06-17 16:00:00",8.2,6.5,162,1005.8,29,29.7,1.36,5.1,191,6.5,,,,,,
Vector_CWB_FB_46714D,"2011-06-17 17:00:00",7.1,5.8,170,1004.9,28.9,29.6,1.39,5.1,225,7.4,,,,,,
Vector_CWB_FB_46714D,"2011-06-17 18:00:00",8,6.1,175,1005.1,28.7,29.6,1.35,5,213,6.9,,,,,,
Vector_CWB_FB_46714D,"2011-06-17 19:00:00",7.3,6,174,1004.8,28.2,29.3,1.26,4.9,236,7.4,,,,,,
Vector_CWB_FB_46714D,"2011-06-17 20:00:00",7.3,5.9,158,1005.1,28.1,29.4,1.11,4.6,157,6.9,,,,,,
Vector_CWB_FB_46714D,"2011-06-17 21:00:00",7.5,5.8,156,1006,27.9,29.4,1.06,4.7,180,6.9,,,,,,
Vector_CWB_FB_46714D,"2011-06-17 22:00:00",8.8,7,153,1006.9,28.1,29.4,1.06,4.9,157,8,,,,,,
Vector_CWB_FB_46714D,"2011-06-17 23:00:00",9.4,7.5,143,1007.2,28,29.4,1.02,4.7,157,8,,,,,,
Vector_CWB_FB_46714D,"2011-06-18 00:00:00",7.9,6,140,1007.6,28.2,29.5,1.13,4.8,146,6.1,,,,,,
Vector_CWB_FB_46714D,"2011-06-18 01:00:00",7.1,5.4,146,1005.8,27.8,28.7,1.14,4.9,168,4.7,,,,,,
Vector_CWB_FB_46714D,"2011-06-18 02:00:00",6.3,5.1,157,1005.3,27.7,28.7,0.98,5,213,8.7,,,,,,
Vector_CWB_FB_46714D,"2011-06-18 03:00:00",6.9,5.8,164,1005.5,27.6,28.6,0.91,5.3,225,8,,,,,,
Vector_CWB_FB_46714D,"2011-06-18 04:00:00",9.2,8,145,1005.6,27.7,28.9,0.87,4.9,225,7.4,,,,,,
Vector_CWB_FB_46714D,"2011-06-18 05:00:00",8.7,6.8,147,1005.5,27.8,28.8,0.89,4.6,225,4.9,,,,,,
Vector_CWB_FB_46714D,"2011-06-18 06:00:00",9.4,7.6,153,1005.3,27.8,28.6,0.89,4.3,202,4.3,,,,,,
Vector_CWB_FB_46714D,"2011-06-18 07:00:00",7.6,6.2,137,1004.4,27.8,28.6,1.01,4.5,236,7.4,,,,,,
Vector_CWB_FB_46714D,"2011-06-18 08:00:00",8,6.8,141,1005.1,28.4,29.2,0.96,4.5,247,7.4,,,,,,
Vector_CWB_FB_46714D,"2011-06-18 09:00:00",8.6,6.9,153,1004.1,28.5,29.1,1.06,4.3,225,8,,,,,,
Vector_CWB_FB_46714D,"2011-06-18 10:00:00",9,7.6,155,1004.8,28.8,29.3,1.02,4.1,247,8.7,,,,,,
Vector_CWB_FB_46714D,"2011-06-18 11:00:00",10.3,8.3,151,1004.2,28.8,29.3,1.14,4.4,247,8.7,,,,,,
Vector_CWB_FB_46714D,"2011-06-18 12:00:00",9.3,7.6,157,1004.4,29.2,29.5,1.15,4.6,213,8,,,,,,
Vector_CWB_FB_46714D,"2011-06-18 13:00:00",9.3,7.5,165,1003.6,29,29.3,1.23,4.4,225,8,,,,,,
Vector_CWB_FB_46714D,"2011-06-18 14:00:00",10.7,8.7,162,1003,29.1,29.3,1.32,4.6,225,8,,,,,,
Vector_CWB_FB_46714D,"2011-06-18 15:00:00",9.8,8,170,1003.1,29.2,29.4,1.38,4.7,202,6.9,,,,,,
Vector_CWB_FB_46714D,"2011-06-18 16:00:00",8.8,7.1,173,1002.7,29,29.3,1.47,4.9,202,6.9,,,,,,
Vector_CWB_FB_46714D,"2011-06-18 17:00:00",9.7,7.6,173,1001.8,28.6,29.2,1.58,4.9,225,7.4,,,,,,
Vector_CWB_FB_46714D,"2011-06-18 18:00:00",9.7,7.9,165,1002,28.7,29.1,1.45,4.6,225,6.5,,,,,,
Vector_CWB_FB_46714D,"2011-06-18 19:00:00",8.1,6.7,153,1002.4,28.3,29,1.35,4.5,225,7.4,,,,,,
Vector_CWB_FB_46714D,"2011-06-18 20:00:00",8.1,6.6,148,1003,28.5,29.3,1.14,4.4,258,6.1,,,,,,
Vector_CWB_FB_46714D,"2011-06-18 21:00:00",8.2,6.1,151,1003.3,28.3,29.3,1.03,4.3,180,6.5,,,,,,
Vector_CWB_FB_46714D,"2011-06-18 22:00:00",6.1,4.5,143,1003.9,28.4,29.4,0.95,5.1,180,6.9,,,,,,
Vector_CWB_FB_46714D,"2011-06-18 23:00:00",7.2,5.9,157,1004.2,28.7,29.6,0.9,5.2,168,6.9,,,,,,
Vector_CWB_FB_46714D,"2011-06-19 00:00:00",6.8,5.7,148,1004.5,28.8,29.7,0.93,5.1,191,6.9,,,,,,
Vector_CWB_FB_46714D,"2011-06-19 01:00:00",7.4,5.1,158,1003,28.4,29.1,1.19,5,168,5.4,,,,,,
Vector_CWB_FB_46714D,"2011-06-19 02:00:00",6.5,5.3,154,1003.4,28.1,28.9,1.25,5.3,202,6.1,,,,,,
Vector_CWB_FB_46714D,"2011-06-19 03:00:00",6.2,4.9,144,1003.3,28.5,29,1.14,5.1,191,6.9,,,,,,
Vector_CWB_FB_46714D,"2011-06-19 04:00:00",6.5,4.8,147,1003.2,28.2,28.8,1.16,5.6,236,8,,,,,,
Vector_CWB_FB_46714D,"2011-06-19 05:00:00",5.3,3.7,91,1003.6,28.2,28.9,1.12,5.6,247,6.9,,,,,,
Vector_CWB_FB_46714D,"2011-06-19 06:00:00",4,2.8,48,1003.2,27.3,28.9,1,5.6,258,8.7,,,,,,
Vector_CWB_FB_46714D,"2011-06-19 07:00:00",3.8,2.7,46,1003.2,27.1,29,0.95,5.3,247,8,,,,,,
Vector_CWB_FB_46714D,"2011-06-19 08:00:00",2.3,1.6,35,1002.4,27.4,29,0.89,5.5,236,7.4,,,,,,
Vector_CWB_FB_46714D,"2011-06-19 09:00:00",5.1,2,166,1002,28.4,29.5,0.77,5.5,225,9.5,,,,,,
Vector_CWB_FB_46714D,"2011-06-19 10:00:00",5.5,4.4,179,1002.3,28.9,29.4,0.65,5.1,258,8.7,,,,,,
Vector_CWB_FB_46714D,"2011-06-19 11:00:00",7.2,5.5,176,1001.2,28.8,29.3,0.83,5.5,236,8.7,,,,,,
Vector_CWB_FB_46714D,"2011-06-19 12:00:00",9.5,8.4,175,1000.9,28.9,29.2,0.68,4.5,270,9.5,,,,,,
Vector_CWB_FB_46714D,"2011-06-19 13:00:00",8.8,7.4,172,1000.5,29.1,29.4,0.77,4.3,213,8.7,,,,,,
Vector_CWB_FB_46714D,"2011-06-19 14:00:00",9.9,7.7,160,1001.2,29.5,29.4,1.05,3.9,157,4,,,,,,
Vector_CWB_FB_46714D,"2011-06-19 15:00:00",10.6,8.5,153,1000.7,29.4,29.2,1.13,4.2,135,4.1,,,,,,
Vector_CWB_FB_46714D,"2011-06-19 16:00:00",11.4,9.2,149,1000.2,29,29,1.28,4.1,157,4,,,,,,
Vector_CWB_FB_46714D,"2011-06-19 17:00:00",12.5,9.8,142,999.5,28.8,29.1,1.22,4.2,146,4.3,,,,,,
Vector_CWB_FB_46714D,"2011-06-19 18:00:00",10.8,8.4,140,1000,28.8,29.2,1.11,4.2,157,4.1,,,,,,
Vector_CWB_FB_46714D,"2011-06-19 19:00:00",11.9,7.3,113,1000.3,29.2,29.2,1,4.3,123,4.5,,,,,,
Vector_CWB_FB_46714D,"2011-06-19 20:00:00",8,6.2,35,1002.8,29.4,29.4,0.82,4.6,236,7.4,,,,,,
Vector_CWB_FB_46714D,"2011-06-19 21:00:00",7,5.1,20,1003.1,28.7,29.4,1,4.8,236,8,,,,,,
Vector_CWB_FB_46714D,"2011-06-19 22:00:00",3.4,2.2,30,1002.9,28.4,29.4,0.71,4.6,202,8.7,,,,,,
Vector_CWB_FB_46714D,"2011-06-19 23:00:00",2.5,1.6,134,1002.7,28.4,29.6,0.65,5.1,168,7.4,,,,,,
Vector_CWB_FB_46714D,"2011-06-20 00:00:00",,,,1002.7,28.6,29.6,0.62,5.4,146,8,,,,,,
Vector_CWB_FB_46714D,"2011-06-20 01:00:00",3.5,2.6,320,1001.7,28,29.4,0.7,5.9,168,8,,,,,,
Vector_CWB_FB_46714D,"2011-06-20 02:00:00",3.4,2.3,349,1001.3,27.9,29.3,0.73,5.3,202,7.4,,,,,,
Vector_CWB_FB_46714D,"2011-06-20 03:00:00",4.2,2.5,17,1000.2,27.7,28.9,0.85,5.9,191,8,,,,,,
Vector_CWB_FB_46714D,"2011-06-20 04:00:00",1.9,1.3,360,1000.1,27.5,28.9,0.65,6.1,180,9.5,,,,,,
Vector_CWB_FB_46714D,"2011-06-20 05:00:00",,,,1000.9,27.6,28.9,0.82,6.3,225,8,,,,,,
Vector_CWB_FB_46714D,"2011-06-20 06:00:00",1.6,1.1,79,1000.8,27.5,29.2,0.78,6,213,8.7,,,,,,
Vector_CWB_FB_46714D,"2011-06-20 07:00:00",5.2,1.9,154,1001.9,27.4,29.1,0.84,6.5,225,8.7,,,,,,
Vector_CWB_FB_46714D,"2011-06-20 08:00:00",6.4,4.8,188,1001.5,27.4,29,0.76,5.9,191,8.7,,,,,,
Vector_CWB_FB_46714D,"2011-06-20 09:00:00",7.6,5.6,161,1001.7,26.6,29,1.01,5.2,180,8,,,,,,
Vector_CWB_FB_46714D,"2011-06-20 10:00:00",8,6,113,1001.8,27.3,29.1,1.02,4.9,180,8.7,,,,,,
Vector_CWB_FB_46714D,"2011-06-20 11:00:00",5.1,4.2,122,1002.9,27.5,29.2,0.99,5.1,236,10.4,,,,,,
Vector_CWB_FB_46714D,"2011-06-20 12:00:00",4.3,3.4,142,1002.2,28.2,29.3,0.85,5.4,225,9.5,,,,,,
Vector_CWB_FB_46714D,"2011-06-20 13:00:00",2,1.1,124,1000.8,27.9,29.2,0.85,6,191,9.5,,,,,,
Vector_CWB_FB_46714D,"2011-06-20 14:00:00",3.1,2.4,97,1000.2,28.3,29.3,0.74,5.8,191,9.5,,,,,,
Vector_CWB_FB_46714D,"2011-06-20 15:00:00",2.6,2,120,1002.1,28.4,29.7,0.78,6,157,9.5,,,,,,
Vector_CWB_FB_46714D,"2011-06-20 16:00:00",6,2.7,176,1001.2,28.8,29.7,0.73,6.1,168,8.7,,,,,,
Vector_CWB_FB_46714D,"2011-06-20 17:00:00",9.2,7.3,142,1000.1,28.7,29.5,0.86,4.7,168,8.7,,,,,,
Vector_CWB_FB_46714D,"2011-06-20 18:00:00",10.6,8,129,999.5,28.6,29.3,0.99,4.3,225,8.7,,,,,,
Vector_CWB_FB_46714D,"2011-06-20 19:00:00",9.2,7.6,123,1000,28.3,29.2,0.97,4.5,236,9.5,,,,,,
Vector_CWB_FB_46714D,"2011-06-20 20:00:00",11.8,8.7,134,1000.6,27.8,29.2,1.12,4.9,247,9.5,,,,,,
Vector_CWB_FB_46714D,"2011-06-20 21:00:00",11.8,9.3,133,1001.4,28.1,29.3,1.01,4.2,146,4.3,,,,,,
Vector_CWB_FB_46714D,"2011-06-20 22:00:00",10.4,8.6,139,1003,28.2,29.4,0.95,4.5,236,8,,,,,,
Vector_CWB_FB_46714D,"2011-06-20 23:00:00",8.7,7,127,1002.5,28.1,29.2,0.89,4.4,191,8,,,,,,
Vector_CWB_FB_46714D,"2011-06-21 00:00:00",8.9,6,102,1003.4,26.2,29.3,0.84,4.1,123,3.6,,,,,,
Vector_CWB_FB_46714D,"2011-06-21 01:00:00",6.3,5.2,129,1003.1,26.6,29.4,0.7,4.5,225,8.7,,,,,,
Vector_CWB_FB_46714D,"2011-06-21 02:00:00",7.2,5.5,124,1001.8,26.9,29.3,0.71,4.9,146,8.7,,,,,,
Vector_CWB_FB_46714D,"2011-06-21 03:00:00",10.4,7.2,149,1001,27.1,29.3,0.84,4.6,337,10.4,,,,,,
Vector_CWB_FB_46714D,"2011-06-21 04:00:00",10.2,7.9,114,1002.2,25.4,29.3,1.1,4.5,225,9.5,,,,,,
Vector_CWB_FB_46714D,"2011-06-21 05:00:00",7.5,6,125,1002.1,26.9,29.3,0.93,4.9,213,8.7,,,,,,
Vector_CWB_FB_46714D,"2011-06-21 06:00:00",8.7,7.3,132,1002.3,27.1,29.3,1.23,5.4,236,10.4,,,,,,
Vector_CWB_FB_46714D,"2011-06-21 07:00:00",7.6,5.9,125,1002.8,25.9,29.3,1.34,5.5,225,9.5,,,,,,
Vector_CWB_FB_46714D,"2011-06-21 08:00:00",8.5,7.1,137,1002.9,27.7,29.3,1.5,6,225,8.7,,,,,,
Vector_CWB_FB_46714D,"2011-06-21 09:00:00",7.6,6,124,1001.9,28,29.2,1.7,6.6,225,10.4,,,,,,
Vector_CWB_FB_46714D,"2011-06-21 10:00:00",9.8,7.7,121,1001.5,27.3,29.1,1.7,6.3,191,8.7,,,,,,
Vector_CWB_FB_46714D,"2011-06-21 11:00:00",10,8.1,132,1001.4,27.9,29.1,1.8,5.9,225,10.4,,,,,,
Vector_CWB_FB_46714D,"2011-06-21 12:00:00",10.5,8.7,135,1001.4,28.2,29.2,1.6,5.6,202,10.4,,,,,,
Vector_CWB_FB_46714D,"2011-06-21 13:00:00",9.7,7.6,125,1001.2,28.5,29.2,1.79,5.8,225,10.4,,,,,,
Vector_CWB_FB_46714D,"2011-06-21 14:00:00",8.7,7,129,1000.7,28.5,29.1,1.9,6.6,225,10.4,,,,,,
Vector_CWB_FB_46714D,"2011-06-21 15:00:00",8.5,6.8,131,1001,28.3,29.2,2.02,6.6,236,10.4,,,,,,
Vector_CWB_FB_46714D,"2011-06-21 16:00:00",10.8,7.9,134,1000.8,26.8,29.1,1.94,6.4,236,9.5,,,,,,
Vector_CWB_FB_46714D,"2011-06-21 17:00:00",8.7,7.3,113,1001.3,26.6,29.1,2.11,6.7,225,9.5,,,,,,
Vector_CWB_FB_46714D,"2011-06-21 18:00:00",10,7.8,129,1001.1,27.2,29.1,2.05,6.4,225,8.7,,,,,,
Vector_CWB_FB_46714D,"2011-06-21 19:00:00",10.1,7.7,132,1002.2,27.3,29.2,1.77,6,236,8.7,,,,,,
Vector_CWB_FB_46714D,"2011-06-21 20:00:00",13,9.5,128,1001.6,26.7,29.1,2.04,6,258,9.5,,,,,,
Vector_CWB_FB_46714D,"2011-06-21 21:00:00",8.9,6.9,126,1002.6,27.2,29.1,1.88,5.6,225,10.4,,,,,,
Vector_CWB_FB_46714D,"2011-06-21 22:00:00",11.1,8.9,128,1002.2,27.7,29.1,1.92,5.7,258,10.4,,,,,,
Vector_CWB_FB_46714D,"2011-06-21 23:00:00",11.8,9.2,128,1002.6,28.1,29.1,1.88,5.7,258,9.5,,,,,,
Vector_CWB_FB_46714D,"2011-06-22 00:00:00",11.1,8.4,123,1001.7,27.9,29,1.85,5.6,202,9.5,,,,,,
Vector_CWB_FB_46714D,"2011-06-22 01:00:00",11.2,9.3,123,1001,28,29,1.99,6.3,191,9.5,,,,,,
Vector_CWB_FB_46714D,"2011-06-22 02:00:00",12.5,9.8,129,1000.9,27.9,29,2.15,5.9,191,10.4,,,,,,
Vector_CWB_FB_46714D,"2011-06-22 03:00:00",12.1,9.1,122,1000.4,27.7,28.8,2.33,6.4,191,10.4,,,,,,
Vector_CWB_FB_46714D,"2011-06-22 04:00:00",12,9.4,124,1000,27.4,28.9,2.54,6.6,236,10.4,,,,,,
Vector_CWB_FB_46714D,"2011-06-22 05:00:00",11.6,9.6,127,1001.5,27.9,28.8,2.06,6.6,202,10.4,,,,,,
Vector_CWB_FB_46714D,"2011-06-22 06:00:00",11.7,9.6,123,1001.1,27.9,28.9,1.86,5.8,213,8.7,,,,,,
Vector_CWB_FB_46714D,"2011-06-22 07:00:00",11.6,9.5,125,1001.7,27.8,29,2.17,6,213,10.4,,,,,,
Vector_CWB_FB_46714D,"2011-06-22 08:00:00",10.3,8.2,123,1001.9,27.8,28.9,2.09,6,236,10.4,,,,,,
Vector_CWB_FB_46714D,"2011-06-22 09:00:00",10.8,8.8,130,1001.5,28.1,29,2.21,6.2,213,9.5,,,,,,
Vector_CWB_FB_46714D,"2011-06-22 10:00:00",8.8,7.3,143,1001,28.1,28.9,1.84,5.8,247,9.5,,,,,,
Vector_CWB_FB_46714D,"2011-06-22 11:00:00",10.9,9.1,147,1000.7,28.1,29,1.84,5.5,236,8.7,,,,,,
Vector_CWB_FB_46714D,"2011-06-22 12:00:00",10.6,8.3,152,999.5,28.3,28.9,1.81,5.5,247,10.4,,,,,,
Vector_CWB_FB_46714D,"2011-06-22 13:00:00",11.2,9.1,147,999.8,28.2,28.9,2.12,6.1,202,10.4,,,,,,
Vector_CWB_FB_46714D,"2011-06-22 14:00:00",10.1,8.1,147,1000,28.2,28.9,1.84,5.7,213,10.4,,,,,,
Vector_CWB_FB_46714D,"2011-06-22 15:00:00",11.2,9.1,145,1000.1,28.1,28.8,1.91,5.9,258,10.4,,,,,,
Vector_CWB_FB_46714D,"2011-06-22 16:00:00",10.7,8.6,147,999.5,27.7,28.7,2.27,6.4,225,9.5,,,,,,
Vector_CWB_FB_46714D,"2011-06-22 17:00:00",9.1,7.3,145,1000,27.9,28.8,2.22,6.5,247,10.4,,,,,,
Vector_CWB_FB_46714D,"2011-06-22 18:00:00",11.8,8.7,148,1000.4,28,28.8,2.45,7.2,247,10.4,,,,,,
Vector_CWB_FB_46714D,"2011-06-22 19:00:00",9.7,8,139,1001,27.6,28.9,2.27,6.9,236,10.4,,,,,,
Vector_CWB_FB_46714D,"2011-06-22 20:00:00",10.2,8.2,130,1001.2,28,28.9,2.48,7.1,236,10.4,,,,,,
Vector_CWB_FB_46714D,"2011-06-22 21:00:00",11.7,9.4,128,1001,27.6,28.8,2.64,6.9,247,10.4,,,,,,
Vector_CWB_FB_46714D,"2011-06-22 22:00:00",8.5,6.8,137,1001.6,27.9,28.8,1.86,6.3,236,9.5,,,,,,
Vector_CWB_FB_46714D,"2011-06-22 23:00:00",4.5,2.7,89,1001.1,27.8,28.8,1.82,6.6,202,10.4,,,,,,
Vector_CWB_FB_46714D,"2011-06-23 00:00:00",2.4,1.1,339,1001.4,27.6,28.9,2.19,7.4,213,10.4,,,,,,
Vector_CWB_FB_46714D,"2011-06-23 01:00:00",,,,999.6,26.9,28.7,1.78,6.8,236,9.5,,,,,,
Vector_CWB_FB_46714D,"2011-06-23 02:00:00",,,,1000.3,27.2,29.1,1.97,7.4,180,10.4,,,,,,
Vector_CWB_FB_46714D,"2011-06-23 03:00:00",,,,998.4,27,28.9,1.77,7.1,191,10.4,,,,,,
Vector_CWB_FB_46714D,"2011-06-23 04:00:00",,,,998.3,26.9,28.7,2.01,7.3,213,10.4,,,,,,
Vector_CWB_FB_46714D,"2011-06-23 05:00:00",2.6,1.2,343,998.9,27,28.8,2.2,7.5,225,9.5,,,,,,
Vector_CWB_FB_46714D,"2011-06-23 06:00:00",3.1,1.3,35,998.6,26.8,28.8,2.39,8,213,9.5,,,,,,
Vector_CWB_FB_46714D,"2011-06-23 07:00:00",,,,998.6,26.9,29,2.09,8,225,11.6,,,,,,
Vector_CWB_FB_46714D,"2011-06-23 08:00:00",2.4,1.5,299,998.8,27.4,28.9,2.23,7.9,225,10.4,,,,,,
Vector_CWB_FB_46714D,"2011-06-23 09:00:00",2.4,1.6,300,999.1,27.6,28.8,2.21,8,213,10.4,,,,,,
Vector_CWB_FB_46714D,"2011-06-23 10:00:00",2.8,1.9,295,999.3,27.8,28.9,2.1,7.8,258,11.6,,,,,,
Vector_CWB_FB_46714D,"2011-06-23 11:00:00",3.5,2.7,289,999.5,28.1,29.5,2.04,7.7,236,10.4,,,,,,
Vector_CWB_FB_46714D,"2011-06-23 12:00:00",4.3,3.3,291,998.9,28,29.4,1.89,7.6,236,9.5,,,,,,
Vector_CWB_FB_46714D,"2011-06-23 13:00:00",5.6,4.4,301,998.9,28,29.2,1.71,8,225,11.6,,,,,,
Vector_CWB_FB_46714D,"2011-06-23 14:00:00",6.4,4.8,306,997.9,27.9,29.3,1.53,7.4,202,9.5,,,,,,
Vector_CWB_FB_46714D,"2011-06-23 15:00:00",7.2,5.4,308,997.4,27.7,29.3,1.9,8,213,10.4,,,,,,
Vector_CWB_FB_46714D,"2011-06-23 16:00:00",7.1,5.4,315,996.8,27.8,29.4,1.37,6.9,180,9.5,,,,,,
Vector_CWB_FB_46714D,"2011-06-23 17:00:00",5.8,3.8,322,996.6,27.8,29.3,1.74,7.6,236,10.4,,,,,,
Vector_CWB_FB_46714D,"2011-06-23 18:00:00",5,3.6,323,996.8,27.7,29.2,1.52,7.4,213,10.4,,,,,,
Vector_CWB_FB_46714D,"2011-06-23 19:00:00",3.4,2.5,306,997.3,27.7,29.3,1.65,7.6,258,10.4,,,,,,
Vector_CWB_FB_46714D,"2011-06-23 20:00:00",3.5,2.5,268,997.1,27.5,29.5,1.95,7.9,247,10.4,,,,,,
Vector_CWB_FB_46714D,"2011-06-23 21:00:00",4.2,3.3,265,997.5,27.5,29.3,2.03,7.8,247,10.4,,,,,,
Vector_CWB_FB_46714D,"2011-06-23 22:00:00",5.4,4.3,292,997.6,27.5,29.3,2.23,7.9,225,9.5,,,,,,
Vector_CWB_FB_46714D,"2011-06-23 23:00:00",4.8,3.9,286,996.4,27.3,29.2,1.8,7.8,202,9.5,,,,,,
Vector_CWB_FB_46714D,"2011-06-24 00:00:00",2.4,1.3,269,996,27.3,29.3,1.64,7.5,225,10.4,,,,,,
Vector_CWB_FB_46714D,"2011-06-24 01:00:00",3.9,2.8,177,995.9,27.4,29.4,1.39,7.6,225,10.4,,,,,,
Vector_CWB_FB_46714D,"2011-06-24 02:00:00",4.3,3.5,217,994.7,27.4,29.3,0.87,7,213,8.7,,,,,,
Vector_CWB_FB_46714D,"2011-06-24 03:00:00",5.4,4.3,263,994.8,27.4,29.6,1.23,7.8,191,9.5,,,,,,
Vector_CWB_FB_46714D,"2011-06-24 04:00:00",4.9,4,273,994.4,27.4,28.9,1.07,7.6,191,9.5,,,,,,
Vector_CWB_FB_46714D,"2011-06-24 05:00:00",5.7,4.4,326,995.5,27.7,29.4,1.36,7.5,236,9.5,,,,,,
Vector_CWB_FB_46714D,"2011-06-24 06:00:00",5.6,4.5,329,994.7,27.5,29.4,1.39,7.9,225,10.4,,,,,,
Vector_CWB_FB_46714D,"2011-06-24 07:00:00",5.8,3.8,6,994.4,27.3,29.4,1.62,8.3,236,9.5,,,,,,
Vector_CWB_FB_46714D,"2011-06-24 08:00:00",4.8,2.7,330,993.8,27.3,29.3,1.49,8,213,11.6,,,,,,
Vector_CWB_FB_46714D,"2011-06-24 09:00:00",4.6,2,346,994.2,27.4,29.3,1.69,7.9,247,9.5,,,,,,
Vector_CWB_FB_46714D,"2011-06-24 10:00:00",2.3,1.6,256,995.1,27.8,29.7,1.42,7.4,225,9.5,,,,,,
Vector_CWB_FB_46714D,"2011-06-24 11:00:00",5.6,4.2,253,993.7,27.5,29.5,1.3,7.3,270,9.5,,,,,,
Vector_CWB_FB_46714D,"2011-06-24 12:00:00",6.1,4.6,277,992.8,27.5,29.4,1.73,7.9,247,10.4,,,,,,
Vector_CWB_FB_46714D,"2011-06-24 13:00:00",6.7,5.3,287,991.9,27.5,29.5,1.44,7.2,225,10.4,,,,,,
Vector_CWB_FB_46714D,"2011-06-24 14:00:00",6.4,4.8,293,992.3,27.8,29.8,1.46,7,225,10.4,,,,,,
Vector_CWB_FB_46714D,"2011-06-24 15:00:00",4.4,3.2,274,991.1,27.8,29.5,1.44,7.5,225,9.5,,,,,,
Vector_CWB_FB_46714D,"2011-06-24 16:00:00",3.7,2.8,276,990.6,27.7,29.6,1.45,7.3,225,10.4,,,,,,
Vector_CWB_FB_46714D,"2011-06-24 17:00:00",2.7,2.1,263,990.2,27.6,29.5,1.36,6.8,213,10.4,,,,,,
Vector_CWB_FB_46714D,"2011-06-24 18:00:00",4,2.8,258,991.1,27.7,29.7,1.53,7.5,236,10.4,,,,,,
Vector_CWB_FB_46714D,"2011-06-24 19:00:00",3.6,2.7,284,991.3,27.5,29.6,1.89,7.9,236,10.4,,,,,,
Vector_CWB_FB_46714D,"2011-06-24 20:00:00",4.9,3.5,319,990.9,27.3,29.3,2.07,7.6,247,9.5,,,,,,
Vector_CWB_FB_46714D,"2011-06-24 21:00:00",5.8,3.9,337,991.2,27.4,29.3,1.92,7.6,213,9.5,,,,,,
Vector_CWB_FB_46714D,"2011-06-24 22:00:00",4.6,3,333,991.7,27.8,29.3,1.75,7.3,213,10.4,,,,,,
Vector_CWB_FB_46714D,"2011-06-24 23:00:00",8.2,5.5,333,991.5,27.7,29.2,1.85,7,225,10.4,,,,,,
Vector_CWB_FB_46714D,"2011-06-25 00:00:00",10,6.2,344,991.7,27.6,29.1,1.59,6.3,213,9.5,,,,,,
Vector_CWB_FB_46714D,"2011-06-25 01:00:00",10.2,7.4,351,991,27.4,29,1.29,6.3,202,10.4,,,,,,
Vector_CWB_FB_46714D,"2011-06-25 02:00:00",13.3,8.3,345,990.8,27.1,28.9,1.27,5.9,213,8.7,,,,,,
Vector_CWB_FB_46714D,"2011-06-25 03:00:00",12.4,9.7,323,992.3,27.1,29,1.29,6.4,191,10.4,,,,,,
Vector_CWB_FB_46714D,"2011-06-25 04:00:00",11,7.1,338,993,27.2,29.1,1.33,7.2,191,9.5,,,,,,
Vector_CWB_FB_46714D,"2011-06-25 05:00:00",10.3,6.8,345,993,26.7,28.8,1.21,6.9,180,9.5,,,,,,
Vector_CWB_FB_46714D,"2011-06-25 06:00:00",8.9,6.9,323,994.1,26.4,28.6,1.2,6.1,213,9.5,,,,,,
Vector_CWB_FB_46714D,"2011-06-25 07:00:00",8.7,6.5,327,994.4,26,28.7,1.33,6,213,9.5,,,,,,
Vector_CWB_FB_46714D,"2011-06-25 08:00:00",7.5,5.8,318,996.5,26.8,29,1.62,6.5,225,11.6,,,,,,
Vector_CWB_FB_46714D,"2011-06-25 09:00:00",8.9,7.1,305,995.8,27.3,28.8,1.6,6.5,202,11.6,,,,,,
Vector_CWB_FB_46714D,"2011-06-25 10:00:00",9.2,7.3,295,996.4,27.4,28.7,1.72,6.5,202,10.4,,,,,,
Vector_CWB_FB_46714D,"2011-06-25 11:00:00",7.5,6,308,996.9,27.6,28.8,1.61,6.3,191,10.4,,,,,,
Vector_CWB_FB_46714D,"2011-06-25 12:00:00",6.7,5.2,297,996.6,27.9,28.8,1.73,6.6,168,11.6,,,,,,
Vector_CWB_FB_46714D,"2011-06-25 13:00:00",5.9,4.4,271,996.2,27.7,28.7,1.74,6.6,191,10.4,,,,,,
Vector_CWB_FB_46714D,"2011-06-25 14:00:00",7.1,5.4,261,995.6,27.6,28.7,1.79,6.5,202,9.5,,,,,,
Vector_CWB_FB_46714D,"2011-06-25 15:00:00",10.1,8,260,996.2,28,28.9,1.95,6.2,213,11.6,,,,,,
Vector_CWB_FB_46714D,"2011-06-25 16:00:00",9.3,7.2,259,995.6,27.9,28.8,1.74,5.9,213,10.4,,,,,,
Vector_CWB_FB_46714D,"2011-06-25 17:00:00",8.5,6.3,246,996.6,27.8,28.8,1.87,5.8,191,10.4,,,,,,
Vector_CWB_FB_46714D,"2011-06-25 18:00:00",7.2,5.9,248,997,27.7,28.8,1.84,6.3,180,11.6,,,,,,
Vector_CWB_FB_46714D,"2011-06-25 19:00:00",7.8,6,252,997.9,27.7,28.7,1.99,6.4,202,11.6,,,,,,
Vector_CWB_FB_46714D,"2011-06-25 20:00:00",7.3,5.5,254,999.5,27.9,28.9,1.98,6.2,213,6.9,,,,,,
Vector_CWB_FB_46714D,"2011-06-25 21:00:00",7.3,5.6,258,999.3,27.7,28.8,2.37,6.3,225,8.7,,,,,,
Vector_CWB_FB_46714D,"2011-06-25 22:00:00",6.3,4.9,257,1000,27.7,28.7,2.32,6,213,9.5,,,,,,
Vector_CWB_FB_46714D,"2011-06-25 23:00:00",6.4,5.1,245,999.7,27.6,28.7,2.07,6,180,9.5,,,,,,
Vector_CWB_FB_46714D,"2011-06-26 00:00:00",5.9,4.4,243,999.4,27.5,28.7,2.54,6.6,225,10.4,,,,,,
Vector_CWB_FB_46714D,"2011-06-26 01:00:00",5.7,4.5,238,998.7,27.1,28.6,2.48,6.3,213,9.5,,,,,,
Vector_CWB_FB_46714D,"2011-06-26 02:00:00",3.9,2.8,253,999.3,27.3,28.8,2.58,6.6,213,11.6,,,,,,
Vector_CWB_FB_46714D,"2011-06-26 03:00:00",4.5,2.7,258,999.2,27.3,28.7,2.13,6.2,168,11.6,,,,,,
Vector_CWB_FB_46714D,"2011-06-26 04:00:00",5.8,2.4,276,1000.2,26.6,28.8,1.88,6.2,157,10.4,,,,,,
Vector_CWB_FB_46714D,"2011-06-26 05:00:00",7.8,4.8,329,1000.2,26,28.7,1.91,6.2,168,10.4,,,,,,
Vector_CWB_FB_46714D,"2011-06-26 06:00:00",5.1,3.3,16,1001.2,25.9,28.7,2.33,7.1,191,11.6,,,,,,
Vector_CWB_FB_46714D,"2011-06-26 07:00:00",5.6,3.2,352,1002.4,25.9,28.6,2.67,7.5,213,11.6,,,,,,
Vector_CWB_FB_46714D,"2011-06-26 08:00:00",6.3,3,13,1003,25,28.6,2.35,7,202,9.5,,,,,,
Vector_CWB_FB_46714D,"2011-06-26 09:00:00",4.1,2.3,29,1002.7,25.7,28.7,2.29,6.9,213,11.6,,,,,,
Vector_CWB_FB_46714D,"2011-06-26 10:00:00",3.5,1.5,335,1002.7,26.4,28.9,2.23,7.1,225,11.6,,,,,,
Vector_CWB_FB_46714D,"2011-06-26 11:00:00",1.9,1.3,282,1002,26.7,28.9,2.02,6.9,225,11.6,,,,,,
Vector_CWB_FB_46714D,"2011-06-26 12:00:00",,,,1001.5,27.1,28.9,2.26,7,213,11.6,,,,,,
Vector_CWB_FB_46714D,"2011-06-26 13:00:00",,,,1000.4,27.2,28.9,2.33,7.2,213,11.6,,,,,,
Vector_CWB_FB_46714D,"2011-06-26 14:00:00",4.1,2.9,172,1000.4,27.5,29.3,2.33,7.3,225,10.4,,,,,,
Vector_CWB_FB_46714D,"2011-06-26 15:00:00",7.4,5.3,215,1000,27.5,29.1,2.15,6.9,213,11.6,,,,,,
Vector_CWB_FB_46714D,"2011-06-26 16:00:00",7.2,5.4,206,1000.1,27.7,28.9,1.81,6.6,213,11.6,,,,,,
Vector_CWB_FB_46714D,"2011-06-26 17:00:00",7.9,6.5,208,1000,27.7,29,1.53,6.5,202,10.4,,,,,,
Vector_CWB_FB_46714D,"2011-06-26 18:00:00",7.2,5.5,192,999.6,27.4,28.7,1.96,7,180,11.6,,,,,,
Vector_CWB_FB_46714D,"2011-06-26 19:00:00",5.6,4.1,195,1001.1,27.4,28.6,1.87,6.8,135,8.7,,,,,,
Vector_CWB_FB_46714D,"2011-06-26 20:00:00",5.5,4.2,181,1002,27.7,28.5,2.24,7.4,191,10.4,,,,,,
Vector_CWB_FB_46714D,"2011-06-26 21:00:00",5.2,3.4,187,1001.8,27.4,28.6,2.6,7.5,236,11.6,,,,,,
Vector_CWB_FB_46714D,"2011-06-26 22:00:00",5.2,3.6,205,1002.1,27.3,28.6,2.68,7.1,213,10.4,,,,,,
Vector_CWB_FB_46714D,"2011-06-26 23:00:00",5.8,4.3,224,1002.2,26.9,28.6,2.4,6.9,213,11.6,,,,,,
Vector_CWB_FB_46714D,"2011-06-27 00:00:00",4.6,3.3,208,1001.7,26.8,28.6,2.63,7,225,10.4,,,,,,
Vector_CWB_FB_46714D,"2011-06-27 01:00:00",7.9,6,207,1001.8,26.9,28.8,2.44,6.8,236,10.4,,,,,,
Vector_CWB_FB_46714D,"2011-06-27 02:00:00",5.4,4.1,192,1000.9,26.9,28.6,2.22,6.6,247,10.4,,,,,,
Vector_CWB_FB_46714D,"2011-06-27 03:00:00",4.4,3.3,182,1002.3,27.4,28.8,2.03,6,225,9.5,,,,,,
Vector_CWB_FB_46714D,"2011-06-27 04:00:00",4.1,2.7,159,1000.7,26.8,28.5,2.34,6.5,225,10.4,,,,,,
Vector_CWB_FB_46714D,"2011-06-27 05:00:00",4.6,3.4,154,1001.3,27,28.7,1.87,6.6,236,10.4,,,,,,
Vector_CWB_FB_46714D,"2011-06-27 06:00:00",5.3,4.1,137,1001.4,26.9,28.7,1.8,6.5,191,11.6,,,,,,
Vector_CWB_FB_46714D,"2011-06-27 07:00:00",6.1,4.8,153,1002,26.9,28.6,1.77,6.5,225,10.4,,,,,,
Vector_CWB_FB_46714D,"2011-06-27 08:00:00",7.9,6,151,1002.4,27.3,28.7,1.99,6.7,236,9.5,,,,,,
Vector_CWB_FB_46714D,"2011-06-27 09:00:00",7.5,6.1,159,1002.5,27.2,28.7,1.96,6.7,225,11.6,,,,,,
Vector_CWB_FB_46714D,"2011-06-27 10:00:00",7.9,6.6,163,1002.1,27,28.6,2.07,6.8,236,10.4,,,,,,
Vector_CWB_FB_46714D,"2011-06-27 11:00:00",7.6,5.9,181,1002.6,27.3,28.7,1.9,7,236,10.4,,,,,,
Vector_CWB_FB_46714D,"2011-06-27 12:00:00",8.1,6.2,170,1002.3,26.6,28.8,2.06,7,236,10.4,,,,,,
Vector_CWB_FB_46714D,"2011-06-27 13:00:00",5.8,4.1,195,1001.5,26.1,28.8,1.81,6.6,236,9.5,,,,,,
Vector_CWB_FB_46714D,"2011-06-27 14:00:00",6.1,4.7,237,1001,25,28.7,1.91,6.2,225,10.4,,,,,,
Vector_CWB_FB_46714D,"2011-06-27 15:00:00",5.6,4,241,1001.2,26,28.7,2,6.6,202,10.4,,,,,,
Vector_CWB_FB_46714D,"2011-06-27 16:00:00",5.8,4.4,234,1001.7,26.5,28.8,1.81,6.3,225,10.4,,,,,,
Vector_CWB_FB_46714D,"2011-06-27 17:00:00",5.2,4.1,215,1001.7,26.7,28.7,1.87,6.3,191,9.5,,,,,,
Vector_CWB_FB_46714D,"2011-06-27 18:00:00",9.5,6.1,195,1002.1,25.3,28.8,1.8,6.8,180,9.5,,,,,,
Vector_CWB_FB_46714D,"2011-06-27 19:00:00",9.5,7.3,197,1003,24.9,28.9,1.61,5.8,168,8.7,,,,,,
Vector_CWB_FB_46714D,"2011-06-27 20:00:00",6.9,5.3,219,1004,25.7,28.9,1.74,6.1,157,9.5,,,,,,
Vector_CWB_FB_46714D,"2011-06-27 21:00:00",6.6,4.9,209,1003.9,25.9,28.6,1.93,6.1,225,9.5,,,,,,
Vector_CWB_FB_46714D,"2011-06-27 22:00:00",8.1,6.4,200,1004.7,25.9,28.6,2.37,6.2,225,8,,,,,,
Vector_CWB_FB_46714D,"2011-06-27 23:00:00",7.5,5.5,189,1004.9,25.8,28.7,2.32,6.3,236,9.5,,,,,,
Vector_CWB_FB_46714D,"2011-06-28 00:00:00",10.2,7.6,195,1004.5,25.4,28.5,2.17,6.1,258,8,,,,,,
Vector_CWB_FB_46714D,"2011-06-28 01:00:00",10,7.9,194,1004.2,25.2,28.4,2.23,5.8,247,8.7,,,,,,
Vector_CWB_FB_46714D,"2011-06-28 02:00:00",7.7,6.2,176,1004,25.3,28.7,2.19,5.9,292,8,,,,,,
Vector_CWB_FB_46714D,"2011-06-28 03:00:00",9.6,6.7,187,1003,25,28.4,2.1,5.9,292,7.4,,,,,,
Vector_CWB_FB_46714D,"2011-06-28 04:00:00",9.5,6.9,195,1003,25.1,28.5,1.88,5.4,247,8.7,,,,,,
Vector_CWB_FB_46714D,"2011-06-28 05:00:00",10,7.7,190,1003,25.3,28.6,2.08,5.6,292,6.9,,,,,,
Vector_CWB_FB_46714D,"2011-06-28 06:00:00",8.9,7,190,1004,25.4,28.8,1.61,5.2,337,7.4,,,,,,
Vector_CWB_FB_46714D,"2011-06-28 07:00:00",9.4,7.5,185,1004.2,25.4,28.6,1.56,5.2,303,8,,,,,,
Vector_CWB_FB_46714D,"2011-06-28 08:00:00",9.8,7.9,174,1004.7,24.9,28.5,1.82,5.3,247,8.7,,,,,,
Vector_CWB_FB_46714D,"2011-06-28 09:00:00",10.7,8.2,172,1005.8,24.8,28.7,1.61,5.3,270,7.4,,,,,,
Vector_CWB_FB_46714D,"2011-06-28 10:00:00",11,8.7,167,1006.3,25.2,28.8,1.77,5.4,247,8,,,,,,
Vector_CWB_FB_46714D,"2011-06-28 11:00:00",8.3,6.8,183,1006.9,25.8,28.8,1.75,5.3,236,9.5,,,,,,
Vector_CWB_FB_46714D,"2011-06-28 12:00:00",8.7,7,176,1005.5,24.8,28.6,1.78,5.3,258,6.9,,,,,,
Vector_CWB_FB_46714D,"2011-06-28 13:00:00",7.3,6,170,1005.9,24.7,28.6,2.12,5.5,225,8.7,,,,,,
Vector_CWB_FB_46714D,"2011-06-28 14:00:00",6.5,4.9,156,1005.8,25.3,28.6,1.91,5.3,258,8.7,,,,,,
Vector_CWB_FB_46714D,"2011-06-28 15:00:00",6.1,4.9,164,1005.3,25.6,28.6,1.61,5.3,225,8.7,,,,,,
Vector_CWB_FB_46714D,"2011-06-28 16:00:00",4.5,3.2,144,1004.7,25.5,28.6,1.53,5.5,236,8.7,,,,,,
Vector_CWB_FB_46714D,"2011-06-28 17:00:00",5,3.8,142,1005.6,26,28.7,1.2,4.8,225,6.9,,,,,,
Vector_CWB_FB_46714D,"2011-06-28 18:00:00",4.8,3.6,114,1004.9,25.9,28.7,1.11,5.5,213,8.7,,,,,,
Vector_CWB_FB_46714D,"2011-06-28 19:00:00",4.4,3.4,118,1005.3,26.1,28.6,1.07,5.7,168,8,,,,,,
Vector_CWB_FB_46714D,"2011-06-28 20:00:00",3.9,3.1,117,1005.2,26.3,28.5,1.29,6.3,180,8,,,,,,
Vector_CWB_FB_46714D,"2011-06-28 21:00:00",4.5,3.7,147,1005.6,26.6,28.5,1.18,5.8,191,8.7,,,,,,
Vector_CWB_FB_46714D,"2011-06-28 22:00:00",5.6,4.4,163,1005.9,26.6,28.3,1.19,5.9,225,8,,,,,,
Vector_CWB_FB_46714D,"2011-06-28 23:00:00",6.6,5.2,165,1006.4,26.6,28.3,1.21,5.7,225,8,,,,,,
Vector_CWB_FB_46714D,"2011-06-29 00:00:00",6.4,5.1,154,1006.8,27.1,28.6,1.34,5.9,236,8,,,,,,
Vector_CWB_FB_46714D,"2011-06-29 01:00:00",7,5.3,153,1006,26.6,28.5,1.21,5.6,247,8.7,,,,,,
Vector_CWB_FB_46714D,"2011-06-29 02:00:00",8.9,7.2,158,1004.6,26.2,28.4,1.34,5.8,247,8,,,,,,
Vector_CWB_FB_46714D,"2011-06-29 03:00:00",8.4,6.8,148,1005.3,26.1,28.5,1.26,5.2,258,8,,,,,,
Vector_CWB_FB_46714D,"2011-06-29 04:00:00",7.7,6.5,134,1004.9,26.2,28.5,1.22,5.3,258,8,,,,,,
Vector_CWB_FB_46714D,"2011-06-29 05:00:00",7.5,6,138,1005.1,26.7,28.4,1.09,4.9,281,6.9,,,,,,
Vector_CWB_FB_46714D,"2011-06-29 06:00:00",6.7,5.5,136,1005.7,26.9,28.4,1.13,4.7,236,8,,,,,,
Vector_CWB_FB_46714D,"2011-06-29 07:00:00",7,5.7,151,1006.9,27.5,28.4,0.9,4.7,236,8.7,,,,,,
Vector_CWB_FB_46714D,"2011-06-29 08:00:00",6.3,5.2,141,1006.7,27.4,28.5,0.91,5,225,8,,,,,,
Vector_CWB_FB_46714D,"2011-06-29 09:00:00",6.2,5.1,149,1007,27.4,28.6,0.88,4.7,213,8,,,,,,
Vector_CWB_FB_46714D,"2011-06-29 10:00:00",6.2,5.2,162,1007,27.6,28.6,0.87,4.7,281,8,,,,,,
Vector_CWB_FB_46714D,"2011-06-29 11:00:00",5.8,4.9,160,1006.3,27.4,28.6,0.85,4.8,213,6.9,,,,,,
Vector_CWB_FB_46714D,"2011-06-29 12:00:00",6.9,5.7,161,1005.9,27.4,28.6,0.91,5.1,258,8,,,,,,
Vector_CWB_FB_46714D,"2011-06-29 13:00:00",8.1,6.3,202,1006.1,26,28.6,0.93,4.7,236,6.1,,,,,,
Vector_CWB_FB_46714D,"2011-06-29 14:00:00",5.3,4.1,203,1005.6,26.6,28.7,1.03,5,247,6.9,,,,,,
Vector_CWB_FB_46714D,"2011-06-29 15:00:00",5.7,4.7,219,1005.1,26.6,28.7,1.01,5.1,247,7.4,,,,,,
Vector_CWB_FB_46714D,"2011-06-29 16:00:00",7.2,5.8,189,1005.6,27.3,28.8,1.04,4.9,236,6.9,,,,,,
Vector_CWB_FB_46714D,"2011-06-29 17:00:00",6.2,4.9,183,1005.2,27.1,28.7,1,4.9,236,6.9,,,,,,
Vector_CWB_FB_46714D,"2011-06-29 18:00:00",5.9,4.8,179,1005,27.3,28.5,0.93,4.7,213,7.4,,,,,,
Vector_CWB_FB_46714D,"2011-06-29 19:00:00",7.3,5.8,162,1005.5,27.1,28.4,0.84,4.6,213,5.8,,,,,,
Vector_CWB_FB_46714D,"2011-06-29 20:00:00",7.3,5.7,159,1006,27,28.3,0.93,5.3,191,8,,,,,,
Vector_CWB_FB_46714D,"2011-06-29 21:00:00",7.5,5.5,140,1006.3,26.9,27.9,1.02,5.1,168,8,,,,,,
Vector_CWB_FB_46714D,"2011-06-29 22:00:00",6.8,5.5,150,1007.1,26.9,28.4,1,5.1,236,8,,,,,,
Vector_CWB_FB_46714D,"2011-06-29 23:00:00",6.8,5.2,153,1007.1,26.8,28.3,0.95,5.3,236,8,,,,,,
Vector_CWB_FB_46714D,"2011-06-30 00:00:00",6.7,5.5,162,1006.9,26.8,28.4,0.98,5.3,247,7.4,,,,,,
Vector_CWB_FB_46714D,"2011-06-30 01:00:00",6.8,5.7,162,1006.8,26.6,28.3,0.9,5.4,258,7.4,,,,,,
Vector_CWB_FB_46714D,"2011-06-30 02:00:00",6.9,5.6,169,1006.2,26.6,28.3,0.99,5.2,270,6.9,,,,,,
Vector_CWB_FB_46714D,"2011-06-30 03:00:00",7.1,6.1,157,1005.6,26.5,28.2,0.82,4.9,225,6.9,,,,,,
Vector_CWB_FB_46714D,"2011-06-30 04:00:00",7.4,5.9,160,1005.7,26.5,28.1,0.83,4.9,258,7.4,,,,,,
Vector_CWB_FB_46714D,"2011-06-30 05:00:00",6.2,5,159,1005.5,26.6,28.1,1.05,5.1,236,7.4,,,,,,
Vector_CWB_FB_46714D,"2011-06-30 06:00:00",5.3,4.4,160,1005.9,26.6,28,0.87,4.7,247,6.9,,,,,,
Vector_CWB_FB_46714D,"2011-06-30 07:00:00",5.7,4,141,1006.6,26.9,27.8,0.82,4.9,225,7.4,,,,,,
Vector_CWB_FB_46714D,"2011-06-30 08:00:00",5.2,4.4,157,1006.8,27.1,28.4,0.8,5.1,270,7.4,,,,,,
Vector_CWB_FB_46714D,"2011-06-30 09:00:00",6.5,5.2,160,1007.3,27.1,28.5,0.69,4.7,303,6.9,,,,,,
Vector_CWB_FB_46714D,"2011-06-30 10:00:00",6,5.1,177,1007.4,27.2,28.6,0.86,5,236,8,,,,,,
Vector_CWB_FB_46714D,"2011-06-30 11:00:00",6.1,5,182,1007.1,27.3,28.6,0.7,4.7,258,7.4,,,,,,
Vector_CWB_FB_46714D,"2011-06-30 12:00:00",6,5.1,181,1007,27.4,28.7,0.86,4.8,258,8.7,,,,,,
Vector_CWB_FB_46714D,"2011-06-30 13:00:00",7.2,6.2,184,1006.4,27.4,28.8,1.12,5.2,270,7.4,,,,,,
Vector_CWB_FB_46714D,"2011-06-30 14:00:00",7.1,5.8,184,1006.2,27.5,28.8,1.21,5.3,258,8,,,,,,
Vector_CWB_FB_46714D,"2011-06-30 15:00:00",7.8,6.3,182,1005.6,27.3,28.7,1.3,5.1,258,8,,,,,,
Vector_CWB_FB_46714D,"2011-06-30 16:00:00",6.9,5.5,191,1005.5,27.4,28.7,1.53,5.3,236,7.4,,,,,,
Vector_CWB_FB_46714D,"2011-06-30 17:00:00",7.6,6.2,193,1005.2,27.3,28.6,1.47,5.1,236,8,,,,,,
Vector_CWB_FB_46714D,"2011-06-30 18:00:00",7.3,6.1,187,1005.2,27.5,28.6,1.21,4.8,270,7.4,,,,,,
Vector_CWB_FB_46714D,"2011-06-30 19:00:00",8.7,6.9,174,1005.3,27.5,28.5,1.11,4.6,236,6.9,,,,,,
Vector_CWB_FB_46714D,"2011-06-30 20:00:00",8,6.4,173,1006.2,27.1,28.5,1.07,4.7,213,7.4,,,,,,
Vector_CWB_FB_46714D,"2011-06-30 21:00:00",7.9,6.3,130,1006.8,27.3,28.5,1.05,4.9,180,6.9,,,,,,
Vector_CWB_FB_46714D,"2011-06-30 22:00:00",7,5.6,132,1007.5,27.3,28.5,1.15,4.9,202,7.4,,,,,,
Vector_CWB_FB_46714D,"2011-06-30 23:00:00",6.1,4.9,131,1007.3,27,28.4,0.95,5.1,225,7.4,,,,,,
Vector_CWB_FB_46714D,"2011-07-01 00:00:00",3.1,2.2,68,1007.6,27.2,28.5,1.16,5.8,236,7.4,,,,,,
Vector_CWB_FB_46714D,"2011-07-01 01:00:00",3.5,2.5,71,1007,27,28.6,1.02,6,236,7.4,,,,,,
Vector_CWB_FB_46714D,"2011-07-01 02:00:00",4.1,3.1,74,1007.5,26.9,28.7,0.92,5.9,258,8,,,,,,
Vector_CWB_FB_46714D,"2011-07-01 03:00:00",3.2,2.1,77,1006.2,26.2,28.5,0.92,5.9,247,7.4,,,,,,
Vector_CWB_FB_46714D,"2011-07-01 04:00:00",3.2,2.3,68,1006.1,26.1,28.5,0.96,5.9,258,8.7,,,,,,
Vector_CWB_FB_46714D,"2011-07-01 05:00:00",3.5,2.4,64,1006.6,26.2,28.6,0.86,5.6,270,8,,,,,,
Vector_CWB_FB_46714D,"2011-07-01 06:00:00",3.3,2.1,58,1007,26.2,28.5,0.87,5.8,270,8,,,,,,
Vector_CWB_FB_46714D,"2011-07-01 07:00:00",4.3,3.1,33,1007.3,26.3,28.5,0.75,5.5,270,8.7,,,,,,
Vector_CWB_FB_46714D,"2011-07-01 08:00:00",3.3,2.4,48,1007.5,26.6,28.6,0.87,6.1,258,8.7,,,,,,
Vector_CWB_FB_46714D,"2011-07-01 09:00:00",2.6,1.6,66,1007.6,27.2,28.7,0.83,6.4,270,8.7,,,,,,
Vector_CWB_FB_46714D,"2011-07-01 10:00:00",,,,1008.3,27.7,29.1,0.79,6.5,247,8.7,,,,,,
Vector_CWB_FB_46714D,"2011-07-01 11:00:00",2.5,1.8,275,1008.2,27.8,29.7,0.75,6.8,247,9.5,,,,,,
Vector_CWB_FB_46714D,"2011-07-01 12:00:00",3.2,2.6,296,1007.9,27.9,29.8,0.71,6.7,213,9.5,,,,,,
Vector_CWB_FB_46714D,"2011-07-01 13:00:00",3,2.3,291,1007.6,28.3,,0.96,7.1,213,8.7,,,,,,
Vector_CWB_FB_46714D,"2011-07-01 14:00:00",2.5,1.6,291,1008,28.7,30.3,0.93,6.9,236,9.5,,,,,,
Vector_CWB_FB_46714D,"2011-07-01 15:00:00",2.9,2,243,1006.5,28.4,30.2,0.9,6.7,225,8.7,,,,,,
Vector_CWB_FB_46714D,"2011-07-01 16:00:00",2.5,1.8,279,1005.9,27.9,29.9,1.08,6.4,202,8,,,,,,
Vector_CWB_FB_46714D,"2011-07-01 17:00:00",2,1.5,301,1005.8,27.6,29.4,1.28,6.4,213,8,,,,,,
Vector_CWB_FB_46714D,"2011-07-01 18:00:00",,,,1005.6,27.4,29,1.26,6.2,225,8,,,,,,
Vector_CWB_FB_46714D,"2011-07-01 19:00:00",,,,1005.5,27.4,29.3,1.04,6,213,8,,,,,,
Vector_CWB_FB_46714D,"2011-07-01 20:00:00",,,,1006.8,27.5,28.8,0.88,6,191,7.4,,,,,,
Vector_CWB_FB_46714D,"2011-07-01 21:00:00",,,,1006.7,27.2,28.9,0.88,6.3,213,8.7,,,,,,
Vector_CWB_FB_46714D,"2011-07-01 22:00:00",,,,1007.3,27.2,28.4,0.84,6.4,168,8.7,,,,,,
Vector_CWB_FB_46714D,"2011-07-01 23:00:00",2.3,1.5,82,1006.7,26.9,28.5,1.15,6.3,225,8,,,,,,
Vector_CWB_FB_46714D,"2011-07-02 00:00:00",2,1.1,42,1006.5,26.7,28.5,1.12,6.2,236,8,,,,,,
Vector_CWB_FB_46714D,"2011-07-02 01:00:00",2.7,1.6,77,1005.7,26.3,28.6,1.15,6.2,247,7.4,,,,,,
Vector_CWB_FB_46714D,"2011-07-02 02:00:00",2.1,1.3,90,1005.9,26.7,28.7,1.17,6.2,247,8,,,,,,
Vector_CWB_FB_46714D,"2011-07-02 03:00:00",5.9,4.2,67,1004.9,26.3,28.5,0.87,5.6,258,6.9,,,,,,
Vector_CWB_FB_46714D,"2011-07-02 04:00:00",5.9,5.3,143,1005,26.6,28.5,0.87,5.6,281,6.5,,,,,,
Vector_CWB_FB_46714D,"2011-07-02 05:00:00",5.4,4.8,156,1004.6,26.5,28.3,0.87,5.5,270,8,,,,,,
Vector_CWB_FB_46714D,"2011-07-02 06:00:00",3.5,2.7,155,1005.3,27,28.5,0.79,5.6,292,8,,,,,,
Vector_CWB_FB_46714D,"2011-07-02 07:00:00",2.6,1.9,92,1005.3,27.2,28.5,0.68,5.7,270,8,,,,,,
Vector_CWB_FB_46714D,"2011-07-02 08:00:00",3,2.3,70,1005.7,26.5,28.8,0.64,5.6,258,6.9,,,,,,
Vector_CWB_FB_46714D,"2011-07-02 09:00:00",6.1,5.1,64,1006.9,27.6,29,0.57,5.8,270,8,,,,,,
Vector_CWB_FB_46714D,"2011-07-02 10:00:00",1.7,1.1,85,1008.4,28.6,29.5,0.47,6,247,7.4,,,,,,
Vector_CWB_FB_46714D,"2011-07-02 11:00:00",,,,1007.5,28.4,,0.47,5.9,213,8,,,,,,
Vector_CWB_FB_46714D,"2011-07-02 12:00:00",5.2,4.5,166,1008.2,28.6,,0.5,6.1,225,7.4,,,,,,
Vector_CWB_FB_46714D,"2011-07-02 13:00:00",5.9,5.3,181,1007.6,28.9,30.2,0.58,6.1,236,8,,,,,,
Vector_CWB_FB_46714D,"2011-07-02 14:00:00",3.8,3,205,1005.6,28.8,29.7,0.69,6.3,213,8,,,,,,
Vector_CWB_FB_46714D,"2011-07-02 15:00:00",3,2.3,205,1004.8,28.9,29.7,0.66,5.9,236,6.9,,,,,,
Vector_CWB_FB_46714D,"2011-07-02 16:00:00",2.8,2.1,211,1004,28.7,29.3,0.85,5.9,258,8,,,,,,
Vector_CWB_FB_46714D,"2011-07-02 17:00:00",,,,1004.2,28.1,29.1,0.96,5.9,236,6.9,,,,,,
Vector_CWB_FB_46714D,"2011-07-02 18:00:00",,,,1004.6,27.8,29,1,5.9,225,6.9,,,,,,
Vector_CWB_FB_46714D,"2011-07-02 19:00:00",,,,1004.4,27.4,28.8,0.85,5.6,236,6.9,,,,,,
Vector_CWB_FB_46714D,"2011-07-02 20:00:00",,,,1004.6,27.3,28.7,0.72,5.6,225,7.4,,,,,,
Vector_CWB_FB_46714D,"2011-07-02 21:00:00",1.8,1.2,153,1004.9,27.3,28.7,0.65,5.5,213,7.4,,,,,,
Vector_CWB_FB_46714D,"2011-07-02 22:00:00",4.9,3.4,134,1005.2,27.2,28.6,0.67,5.7,236,6.9,,,,,,
Vector_CWB_FB_46714D,"2011-07-02 23:00:00",,,,1005.8,27.2,,0.49,5.6,168,6.9,,,,,,
Vector_CWB_FB_46714D,"2011-07-03 00:00:00",1.5,1.1,133,1005.3,26.8,27.1,0.64,5.6,225,7.4,,,,,,
Vector_CWB_FB_46714D,"2011-07-03 01:00:00",4.1,3.3,136,1006.2,27.4,28.8,0.82,5.8,213,6.9,,,,,,
Vector_CWB_FB_46714D,"2011-07-03 02:00:00",3.5,2.6,152,1004.7,27,28.7,0.86,5.6,236,6.9,,,,,,
Vector_CWB_FB_46714D,"2011-07-03 03:00:00",4.1,3.2,140,1004.1,26.9,28.6,0.76,5.7,258,6.5,,,,,,
Vector_CWB_FB_46714D,"2011-07-03 04:00:00",3,2.3,147,1003.9,26.8,28.6,0.72,5.3,247,6.5,,,,,,
Vector_CWB_FB_46714D,"2011-07-03 05:00:00",2.6,1.8,138,1004.2,26.9,28.5,0.67,5.4,270,6.5,,,,,,
Vector_CWB_FB_46714D,"2011-07-03 06:00:00",,,,1004.5,26.6,28.6,0.72,5.3,270,6.9,,,,,,
Vector_CWB_FB_46714D,"2011-07-03 07:00:00",5.8,4.8,176,1005.3,27.7,29.2,0.69,4.4,270,6.9,,,,,,
Vector_CWB_FB_46714D,"2011-07-03 08:00:00",5.3,4.2,198,1005.5,27.7,29.1,0.67,4.3,292,6.9,,,,,,
Vector_CWB_FB_46714D,"2011-07-03 09:00:00",5.1,3.8,262,1005.9,26.4,29,0.57,4.3,213,6.9,,,,,,
Vector_CWB_FB_46714D,"2011-07-03 10:00:00",,,,1006,27,29,0.62,4.4,191,5.2,,,,,,
Vector_CWB_FB_46714D,"2011-07-03 11:00:00",3.8,2.3,74,1006.2,27.1,29.2,0.59,4.6,292,7.4,,,,,,
Vector_CWB_FB_46714D,"2011-07-03 12:00:00",,,,1006.4,26.9,29.6,0.57,4.5,146,5.2,,,,,,
Vector_CWB_FB_46714D,"2011-07-03 13:00:00",,,,1005.8,28.6,29.7,0.59,4.6,168,5.2,,,,,,
Vector_CWB_FB_46714D,"2011-07-03 14:00:00",3.1,2.1,256,1005.7,28.5,,0.6,5.1,236,7.4,,,,,,
Vector_CWB_FB_46714D,"2011-07-03 15:00:00",2.7,2,252,1004.5,28.5,30,0.54,5.2,236,7.4,,,,,,
Vector_CWB_FB_46714D,"2011-07-03 16:00:00",2.8,2.1,252,1005.4,28.9,30.3,0.56,5.3,258,6.9,,,,,,
Vector_CWB_FB_46714D,"2011-07-03 17:00:00",5.5,4.9,271,1005.6,28.8,30,0.61,4.9,247,6.9,,,,,,
Vector_CWB_FB_46714D,"2011-07-03 18:00:00",,,,1006.1,28.9,29.9,0.63,4.8,258,6.9,,,,,,
Vector_CWB_FB_46714D,"2011-07-03 19:00:00",2.9,2.2,199,1005.8,28.4,29.7,0.66,4.5,258,6.5,,,,,,
Vector_CWB_FB_46714D,"2011-07-03 20:00:00",3,2.4,178,1005.1,27.8,29.5,0.58,4.8,247,6.9,,,,,,
Vector_CWB_FB_46714D,"2011-07-03 21:00:00",5.1,4.1,179,1005.7,28,29.2,0.48,4.8,213,6.5,,,,,,
Vector_CWB_FB_46714D,"2011-07-03 22:00:00",6.6,5.4,181,1006.5,28,29.2,0.54,4.4,112,6.9,,,,,,
Vector_CWB_FB_46714D,"2011-07-03 23:00:00",6.3,5.3,166,1006.2,27.7,29.2,0.51,3.9,123,3.4,,,,,,
Vector_CWB_FB_46714D,"2011-07-04 00:00:00",5.9,4.9,177,1006.5,27.8,29,0.65,4,202,6.5,,,,,,
Vector_CWB_FB_46714D,"2011-07-04 01:00:00",7,5.5,169,1005.6,27.6,28.9,0.73,4.1,236,6.9,,,,,,
Vector_CWB_FB_46714D,"2011-07-04 02:00:00",6.8,5.6,171,1005.3,27.5,28.9,0.72,4.1,180,3.8,,,,,,
Vector_CWB_FB_46714D,"2011-07-04 03:00:00",5.7,4.7,172,1004.8,27.5,28.9,0.73,4.3,270,6.9,,,,,,
Vector_CWB_FB_46714D,"2011-07-04 04:00:00",5.2,4,156,1005.2,27.1,28.9,0.62,4.1,202,4.5,,,,,,
Vector_CWB_FB_46714D,"2011-07-04 05:00:00",4.9,3.9,166,1005.3,26.9,28.9,0.61,4.4,270,6.5,,,,,,
Vector_CWB_FB_46714D,"2011-07-04 06:00:00",5.3,4.2,172,1006.6,27.4,29.1,0.6,4.2,247,6.9,,,,,,
Vector_CWB_FB_46714D,"2011-07-04 07:00:00",3.9,3.2,142,1006.9,27.6,29,0.64,4.2,258,6.5,,,,,,
Vector_CWB_FB_46714D,"2011-07-04 08:00:00",3.2,2.4,100,1007.4,28,29.6,0.53,4.4,292,6.5,,,,,,
Vector_CWB_FB_46714D,"2011-07-04 09:00:00",2.3,1.4,91,1007.7,28.1,29.5,0.4,4.3,281,6.9,,,,,,
Vector_CWB_FB_46714D,"2011-07-04 10:00:00",,,,1007.3,28.8,30,0.41,4.2,123,6.9,,,,,,
Vector_CWB_FB_46714D,"2011-07-04 11:00:00",1.9,1.2,196,1007.5,28.1,,0.42,4.5,270,6.5,,,,,,
Vector_CWB_FB_46714D,"2011-07-04 12:00:00",3.3,2.2,209,1008.1,28.5,29.8,0.37,4.3,146,6.5,,,,,,
Vector_CWB_FB_46714D,"2011-07-04 13:00:00",4.6,3.7,237,1006.6,28.2,30,0.38,4.4,135,6.9,,,,,,
Vector_CWB_FB_46714D,"2011-07-04 14:00:00",4.3,3.3,235,1006.1,28.1,29.6,0.36,4.5,225,6.9,,,,,,
Vector_CWB_FB_46714D,"2011-07-04 15:00:00",3,2.3,237,1005.6,28.2,30,0.36,4.6,236,6.1,,,,,,
Vector_CWB_FB_46714D,"2011-07-04 16:00:00",2.5,2,217,1005.3,28.3,29.6,0.46,4.9,258,6.1,,,,,,
Vector_CWB_FB_46714D,"2011-07-04 17:00:00",2.9,2.1,214,1005.5,28.1,29.5,0.44,4.6,225,5.8,,,,,,
Vector_CWB_FB_46714D,"2011-07-04 18:00:00",2.5,2,215,1005.8,28.1,29.6,0.48,4.5,247,6.5,,,,,,
Vector_CWB_FB_46714D,"2011-07-04 19:00:00",,,,1006.6,28,29.4,0.49,4.2,270,6.1,,,,,,
Vector_CWB_FB_46714D,"2011-07-04 20:00:00",5,4.4,164,1006.3,27.7,29.1,0.49,4.4,281,6.1,,,,,,
Vector_CWB_FB_46714D,"2011-07-04 21:00:00",1.5,1.1,189,1006.5,27.6,29.3,0.38,4.5,236,6.5,,,,,,
Vector_CWB_FB_46714D,"2011-07-04 22:00:00",2.9,2.1,162,1006.9,27.6,29.3,0.34,4.6,168,6.1,,,,,,
Vector_CWB_FB_46714D,"2011-07-04 23:00:00",3.2,2.2,151,1006.4,27.7,29.3,0.38,4.8,191,5.8,,,,,,
Vector_CWB_FB_46714D,"2011-07-05 00:00:00",6.3,5.1,147,1006.3,27.3,29.1,0.32,4.6,157,6.1,,,,,,
Vector_CWB_FB_46714D,"2011-07-05 01:00:00",6.8,5.6,166,1005.1,27.2,29,0.41,3.9,236,5.8,,,,,,
Vector_CWB_FB_46714D,"2011-07-05 02:00:00",7.8,6.2,168,1004.6,27.1,28.9,0.49,4.1,236,5.8,,,,,,
Vector_CWB_FB_46714D,"2011-07-05 03:00:00",8.6,6.7,164,1004,27,28.9,0.61,3.8,225,4.5,,,,,,
Vector_CWB_FB_46714D,"2011-07-05 04:00:00",7.6,6.1,158,1004.7,27.6,29.1,0.6,3.9,202,4.3,,,,,,
Vector_CWB_FB_46714D,"2011-07-05 05:00:00",6.8,5.6,149,1004.4,27.4,29,0.6,3.8,191,4.3,,,,,,
Vector_CWB_FB_46714D,"2011-07-05 06:00:00",3.4,2.8,53,1005.1,26.5,29,0.46,3.9,191,3.8,,,,,,
Vector_CWB_FB_46714D,"2011-07-05 07:00:00",5.3,4.2,41,1006,26.7,29,0.46,3.9,202,4.1,,,,,,
Vector_CWB_FB_46714D,"2011-07-05 08:00:00",5.6,4.4,47,1006,26.5,29.1,0.41,3.7,270,5.8,,,,,,
Vector_CWB_FB_46714D,"2011-07-05 09:00:00",4,2.5,38,1006,27.2,29,0.37,3.7,258,5.8,,,,,,
Vector_CWB_FB_46714D,"2011-07-05 10:00:00",6,5.3,44,1006,28.6,29.4,0.28,3.9,168,5.4,,,,,,
Vector_CWB_FB_46714D,"2011-07-05 11:00:00",,,,1005.8,29.1,29.6,0.32,4.3,236,6.5,,,,,,
Vector_CWB_FB_46714D,"2011-07-05 12:00:00",4.9,4.3,240,1006.1,29.1,29.3,0.31,4.4,315,5.8,,,,,,
Vector_CWB_FB_46714D,"2011-07-05 13:00:00",3.5,2.5,241,1005.8,29.6,,0.28,4.4,225,3.8,,,,,,
Vector_CWB_FB_46714D,"2011-07-05 14:00:00",3.2,2.4,244,1005.7,29,30.2,0.3,4.6,191,5.4,,,,,,
Vector_CWB_FB_46714D,"2011-07-05 15:00:00",3.6,2.7,243,1004.8,28.7,30.2,0.32,4.7,180,4.9,,,,,,
Vector_CWB_FB_46714D,"2011-07-05 16:00:00",2.4,1.7,263,1004.4,28.6,30.1,0.28,4.8,202,4.9,,,,,,
Vector_CWB_FB_46714D,"2011-07-05 17:00:00",1.7,1.2,290,1004.9,29,29.9,0.3,4.6,236,5.8,,,,,,
Vector_CWB_FB_46714D,"2011-07-05 18:00:00",2.3,1.5,305,1005.4,28.5,29.8,0.3,4.4,247,5.4,,,,,,
Vector_CWB_FB_46714D,"2011-07-05 19:00:00",5.2,4.7,323,1005.4,28.1,29.5,0.36,4,180,4,,,,,,
Vector_CWB_FB_46714D,"2011-07-05 20:00:00",,,,1004.7,27.6,29.9,0.37,3.8,191,3.2,,,,,,
Vector_CWB_FB_46714D,"2011-07-05 21:00:00",2.7,2.1,121,1004,27.4,29.7,0.32,3.8,258,5.8,,,,,,
Vector_CWB_FB_46714D,"2011-07-05 22:00:00",,,,1005.1,27.7,29.8,0.27,4.2,258,5.8,,,,,,
Vector_CWB_FB_46714D,"2011-07-05 23:00:00",3.4,2.3,162,1005.4,28.2,30.6,,,,,,,,,,
Vector_CWB_FB_46714D,"2011-07-06 00:00:00",4.4,3.1,167,1003.8,27.9,30.3,0.24,4.6,146,6.1,,,,,,
Vector_CWB_FB_46714D,"2011-07-06 01:00:00",4.1,3.2,154,1003.2,27.4,29.3,0.25,4.4,135,6.1,,,,,,
Vector_CWB_FB_46714D,"2011-07-06 02:00:00",4.6,3.6,164,1002.8,27.3,29.2,0.28,4,202,5.8,,,,,,
Vector_CWB_FB_46714D,"2011-07-06 03:00:00",4.7,3.8,166,1001.9,27.2,28.6,0.37,3.8,225,5.2,,,,,,
Vector_CWB_FB_46714D,"2011-07-06 04:00:00",3.2,2.4,151,1001.7,27.3,29.2,0.35,3.8,236,3.6,,,,,,
Vector_CWB_FB_46714D,"2011-07-06 05:00:00",2.7,2,94,1002,26.6,29.2,0.29,4,258,4.7,,,,,,
Vector_CWB_FB_46714D,"2011-07-06 06:00:00",2,1.4,65,1002.1,26.7,29.2,0.3,4,157,4.5,,,,,,
Vector_CWB_FB_46714D,"2011-07-06 07:00:00",1.8,1.3,48,1002.5,27.1,29,0.38,4,225,5.2,,,,,,
Vector_CWB_FB_46714D,"2011-07-06 08:00:00",3,2.3,57,1003.5,27.4,29.1,0.37,3.7,191,3.3,,,,,,
Vector_CWB_FB_46714D,"2011-07-06 09:00:00",3.3,2,64,1002.7,27.6,29.3,0.32,3.7,258,5.2,,,,,,
Vector_CWB_FB_46714D,"2011-07-06 10:00:00",2.1,1.3,80,1003.3,28.7,29.9,0.24,3.9,236,5.4,,,,,,
Vector_CWB_FB_46714D,"2011-07-06 11:00:00",,,,1003,29.5,30.8,0.27,4.2,168,5.4,,,,,,
Vector_CWB_FB_46714D,"2011-07-06 12:00:00",2,1.4,254,1003.3,28.7,31.2,0.24,4.3,258,6.9,,,,,,
Vector_CWB_FB_46714D,"2011-07-06 13:00:00",3.5,2.6,306,1002.5,28.3,30.9,,,,,,,,,,
Vector_CWB_FB_46714D,"2011-07-06 14:00:00",3.4,2.7,287,1001.4,28.3,30.7,,,,,,,,,,
Vector_CWB_FB_46714D,"2011-07-06 15:00:00",5.3,4.2,282,1000.5,28.5,30.3,,,,,,,,,,
Vector_CWB_FB_46714D,"2011-07-06 16:00:00",4.9,4.2,294,1000,28.7,30.1,,,,,,,,,,
Vector_CWB_FB_46714D,"2011-07-06 17:00:00",5.6,4.6,304,999.4,28.3,29.9,,,,,,,,,,
Vector_CWB_FB_46714D,"2011-07-06 18:00:00",5.9,4.5,305,999.3,28.1,29.8,0.25,4,168,6.9,,,,,,
Vector_CWB_FB_46714D,"2011-07-06 19:00:00",7.8,6.8,318,999.4,27.5,29.7,0.29,3.8,247,6.9,,,,,,
Vector_CWB_FB_46714D,"2011-07-06 20:00:00",5,4,321,1000,27.5,29.5,0.32,3.9,180,6.5,,,,,,
Vector_CWB_FB_46714D,"2011-07-06 21:00:00",4.3,3.5,325,1000.8,27.5,29.5,0.31,3.7,236,4.7,,,,,,
Vector_CWB_FB_46714D,"2011-07-06 22:00:00",2.5,1.4,331,1000.8,27.4,29.4,0.26,3.8,146,6.9,,,,,,
Vector_CWB_FB_46714D,"2011-07-06 23:00:00",,,,1001,27.3,29.5,0.24,3.8,157,6.9,,,,,,
Vector_CWB_FB_46714D,"2011-07-07 00:00:00",,,,1001,27.3,29.6,0.26,3.9,123,6.9,,,,,,
Vector_CWB_FB_46714D,"2011-07-07 01:00:00",,,,1000.3,27,29.5,0.23,4.4,123,6.5,,,,,,
Vector_CWB_FB_46714D,"2011-07-07 02:00:00",,,,1000,27.2,29.4,,,,,,,,,,
Vector_CWB_FB_46714D,"2011-07-07 03:00:00",,,,999.7,27,29.1,0.25,4.7,146,6.1,,,,,,
Vector_CWB_FB_46714D,"2011-07-07 04:00:00",,,,999.7,27.1,28.8,0.26,4.9,191,6.1,,,,,,
Vector_CWB_FB_46714D,"2011-07-07 05:00:00",,,,1000,26.9,29.2,0.27,5,236,6.9,,,,,,
Vector_CWB_FB_46714D,"2011-07-07 06:00:00",,,,1000.3,26.8,29,0.36,5.7,168,9.5,,,,,,
Vector_CWB_FB_46714D,"2011-07-07 07:00:00",,,,1001.1,28,29.1,0.38,5.5,157,9.5,,,,,,
Vector_CWB_FB_46714D,"2011-07-07 08:00:00",,,,1001.9,29.5,29.5,0.38,5.4,168,9.5,,,,,,
Vector_CWB_FB_46714D,"2011-07-07 09:00:00",5.9,4.9,302,1002.4,27.9,29.9,0.48,5.5,168,8.7,,,,,,
Vector_CWB_FB_46714D,"2011-07-07 10:00:00",6.9,4.9,298,1002.6,28,30,0.46,5.4,168,7.4,,,,,,
Vector_CWB_FB_46714D,"2011-07-07 11:00:00",7.8,6,299,1002.8,28,29.7,0.39,5.1,112,8,,,,,,
Vector_CWB_FB_46714D,"2011-07-07 12:00:00",6.6,5.2,301,1001.4,27.9,29.5,0.34,4.4,157,8,,,,,,
Vector_CWB_FB_46714D,"2011-07-07 13:00:00",7.8,6.2,307,1000.5,28,29.2,0.36,4.2,157,8.7,,,,,,
Vector_CWB_FB_46714D,"2011-07-07 14:00:00",8.8,7.1,319,1000.4,27.9,29.3,0.38,3.4,281,2.8,,,,,,
Vector_CWB_FB_46714D,"2011-07-07 15:00:00",9,7,312,1000.1,28.1,29.6,0.38,3.8,135,8.7,,,,,,
Vector_CWB_FB_46714D,"2011-07-07 16:00:00",8.6,6.4,321,1000,28.3,29.4,0.39,5,146,9.5,,,,,,
Vector_CWB_FB_46714D,"2011-07-07 17:00:00",8.3,6.3,329,1000.1,28,29.2,0.63,3.9,247,4,,,,,,
Vector_CWB_FB_46714D,"2011-07-07 18:00:00",8.4,5.7,333,1000,27.9,29.3,0.5,3.8,247,4.3,,,,,,
Vector_CWB_FB_46714D,"2011-07-07 19:00:00",6.2,4.9,329,1000.3,27.5,29.3,0.52,3.9,247,4,,,,,,
Vector_CWB_FB_46714D,"2011-07-07 20:00:00",4.9,3.6,324,1000.6,27.5,29.2,0.51,3.9,247,4.3,,,,,,
Vector_CWB_FB_46714D,"2011-07-07 21:00:00",3.2,2.5,313,1000.8,27.5,29.2,0.53,3.9,258,4.3,,,,,,
Vector_CWB_FB_46714D,"2011-07-07 22:00:00",2.1,1.7,286,1001.4,27.5,29.1,0.53,3.9,258,4,,,,,,
Vector_CWB_FB_46714D,"2011-07-07 23:00:00",3.3,2.6,267,1001.5,27.4,29.2,0.6,3.8,270,4.1,,,,,,
Vector_CWB_FB_46714D,"2011-07-08 00:00:00",4.3,3.4,267,1001.7,27.4,29.2,0.45,3.6,270,4.3,,,,,,
Vector_CWB_FB_46714D,"2011-07-08 01:00:00",4.5,3.7,245,1001.3,27.4,29.1,0.38,3.7,258,4,,,,,,
Vector_CWB_FB_46714D,"2011-07-08 02:00:00",3.6,2.8,245,1001.5,27.4,29.1,0.33,4.1,123,9.5,,,,,,
Vector_CWB_FB_46714D,"2011-07-08 03:00:00",2.1,1.4,257,1001.3,27.2,28.9,0.36,4.5,180,7.4,,,,,,
Vector_CWB_FB_46714D,"2011-07-08 04:00:00",2.1,1.6,269,1001.4,27.3,29,0.39,4.6,202,6.1,,,,,,
Vector_CWB_FB_46714D,"2011-07-08 05:00:00",2.1,1.4,294,1002,27.3,29,0.51,4.8,202,6.1,,,,,,
Vector_CWB_FB_46714D,"2011-07-08 06:00:00",2.2,1.5,346,1002.1,27.1,29.1,0.46,4.8,213,5.8,,,,,,
Vector_CWB_FB_46714D,"2011-07-08 07:00:00",3.1,2.4,24,1002.5,26.7,29,0.49,4.4,258,4.7,,,,,,
Vector_CWB_FB_46714D,"2011-07-08 08:00:00",3.8,2.8,20,1002.8,26.8,29,0.5,4.9,202,5.8,,,,,,
Vector_CWB_FB_46714D,"2011-07-08 09:00:00",5.4,3.5,333,1002.9,28.1,29.4,0.6,4.6,225,4.5,,,,,,
Vector_CWB_FB_46714D,"2011-07-08 10:00:00",7,4.9,325,1002.5,28.1,29.3,0.6,4.3,258,4.5,,,,,,
Vector_CWB_FB_46714D,"2011-07-08 11:00:00",7.8,5.3,327,1002.2,28.2,29.5,0.75,4.2,258,4.5,,,,,,
Vector_CWB_FB_46714D,"2011-07-08 12:00:00",6.3,5.1,326,1002.1,28.1,29.4,0.82,4.1,258,4.7,,,,,,
Vector_CWB_FB_46714D,"2011-07-08 13:00:00",7.4,5.3,323,1001.3,28.2,29.6,0.61,4.1,247,4.3,,,,,,
Vector_CWB_FB_46714D,"2011-07-08 14:00:00",6.5,5.1,315,1001.1,28.3,29.5,0.6,4,258,4.3,,,,,,
Vector_CWB_FB_46714D,"2011-07-08 15:00:00",5.8,4.4,326,1000.4,28,29.4,0.71,4.1,247,4.7,,,,,,
Vector_CWB_FB_46714D,"2011-07-08 16:00:00",7.2,5.3,320,999.9,27.9,29.5,0.51,4.2,236,4.7,,,,,,
Vector_CWB_FB_46714D,"2011-07-08 17:00:00",6.4,5.2,314,1000.3,27.7,29.4,0.66,4.5,236,5.4,,,,,,
Vector_CWB_FB_46714D,"2011-07-08 18:00:00",5.9,4.5,316,1000.4,27.8,29.5,0.77,4.4,247,5.4,,,,,,
Vector_CWB_FB_46714D,"2011-07-08 19:00:00",8.1,7.2,280,1001,27.8,29.6,0.83,4.7,236,5.4,,,,,,
Vector_CWB_FB_46714D,"2011-07-08 20:00:00",4.3,3.4,288,1001.8,27.7,29.4,0.81,4.8,236,5.4,,,,,,
Vector_CWB_FB_46714D,"2011-07-08 21:00:00",,,,1001.7,27.7,29.3,0.75,4.5,236,5.8,,,,,,
Vector_CWB_FB_46714D,"2011-07-08 22:00:00",,,,1002.2,27.7,29.3,0.92,4.6,258,4.7,,,,,,
Vector_CWB_FB_46714D,"2011-07-08 23:00:00",,,,1001.3,27.4,29.3,0.99,4.7,258,5.2,,,,,,
Vector_CWB_FB_46714D,"2011-07-09 00:00:00",,,,1001.1,27.4,29.3,0.91,4.9,168,6.5,,,,,,
Vector_CWB_FB_46714D,"2011-07-09 01:00:00",,,,1000.4,27.2,28.9,0.77,4.8,168,6.9,,,,,,
Vector_CWB_FB_46714D,"2011-07-09 02:00:00",,,,1000.1,27.1,29.2,0.82,5.1,202,6.1,,,,,,
Vector_CWB_FB_46714D,"2011-07-09 03:00:00",,,,1000.2,27.2,29.2,0.78,5.5,146,6.5,,,,,,
Vector_CWB_FB_46714D,"2011-07-09 04:00:00",2.9,2.2,353,999.9,27.1,29.2,0.86,5.4,202,6.5,,,,,,
Vector_CWB_FB_46714D,"2011-07-09 05:00:00",3.1,2.3,352,1000,27.1,29.1,0.81,5.3,180,6.9,,,,,,
Vector_CWB_FB_46714D,"2011-07-09 06:00:00",4.3,2.7,355,1000.7,27.1,29.1,0.95,5.3,191,6.1,,,,,,
Vector_CWB_FB_46714D,"2011-07-09 07:00:00",3.8,2.6,358,1001.1,27,29.1,0.81,5,225,6.1,,,,,,
Vector_CWB_FB_46714D,"2011-07-09 08:00:00",5.4,3.3,355,1001,27.8,29.1,1.06,5,202,6.9,,,,,,
Vector_CWB_FB_46714D,"2011-07-09 09:00:00",5.7,3.8,321,1001.4,27.8,29.2,1.01,4.9,202,6.5,,,,,,
Vector_CWB_FB_46714D,"2011-07-09 10:00:00",5.5,4.3,309,1001.8,27.9,29.2,1.08,4.7,213,6.1,,,,,,
Vector_CWB_FB_46714D,"2011-07-09 11:00:00",6.3,5.1,311,1001.7,27.9,29.4,1.06,4.8,202,6.5,,,,,,
Vector_CWB_FB_46714D,"2011-07-09 12:00:00",5.2,3.7,315,1001.2,28,29.3,1.1,4.8,202,5.8,,,,,,
Vector_CWB_FB_46714D,"2011-07-09 13:00:00",5.1,3.8,302,1000.5,27.8,29.3,1.07,4.6,191,6.9,,,,,,
Vector_CWB_FB_46714D,"2011-07-09 14:00:00",4.4,3.6,305,1000,28,29.3,0.93,4.5,213,6.5,,,,,,
Vector_CWB_FB_46714D,"2011-07-09 15:00:00",4.8,3.8,305,999.2,27.9,29.3,0.9,5,213,6.9,,,,,,
Vector_CWB_FB_46714D,"2011-07-09 16:00:00",4.8,4,292,999.1,28.1,29.4,1.04,5.4,213,6.1,,,,,,
Vector_CWB_FB_46714D,"2011-07-09 17:00:00",4.4,3.6,294,999.4,27.9,29.3,0.95,5.8,180,7.4,,,,,,
Vector_CWB_FB_46714D,"2011-07-09 18:00:00",4.1,3.3,292,999.6,27.8,29.3,0.86,5.3,180,8,,,,,,
Vector_CWB_FB_46714D,"2011-07-09 19:00:00",5.3,4.2,259,1000,27.8,29.3,1.11,5.7,180,6.9,,,,,,
Vector_CWB_FB_46714D,"2011-07-09 20:00:00",6.3,5.2,288,999.8,27.7,29.2,1.23,5.7,191,6.9,,,,,,
Vector_CWB_FB_46714D,"2011-07-09 21:00:00",6.8,5.6,295,1000,27.8,29.1,1.19,5.4,180,8,,,,,,
Vector_CWB_FB_46714D,"2011-07-09 22:00:00",5.3,4.3,277,1000.7,27.8,29.1,1.29,5.5,202,6.9,,,,,,
Vector_CWB_FB_46714D,"2011-07-09 23:00:00",6.4,5.1,284,999.7,27.7,29.1,1.25,5.3,202,6.1,,,,,,
Vector_CWB_FB_46714D,"2011-07-10 00:00:00",6.2,5.1,275,999.6,27.6,29,1.16,5.1,191,7.4,,,,,,
Vector_CWB_FB_46714D,"2011-07-10 01:00:00",6.2,4.8,274,999.4,27.3,29,1.19,5,191,8,,,,,,
Vector_CWB_FB_46714D,"2011-07-10 02:00:00",,,,999.2,24.8,28.9,1,4.8,191,7.4,,,,,,
Vector_CWB_FB_46714D,"2011-07-10 03:00:00",5.5,4,354,999.4,24.6,28.9,1.06,5.1,202,8,,,,,,
Vector_CWB_FB_46714D,"2011-07-10 04:00:00",3.8,2.8,340,999.8,24.2,28.7,1.03,5.5,191,8,,,,,,
Vector_CWB_FB_46714D,"2011-07-10 05:00:00",3.6,2.8,280,999.7,24.6,29,1.09,5.9,180,6.9,,,,,,
Vector_CWB_FB_46714D,"2011-07-10 06:00:00",6.4,5,276,999.7,25.7,28.8,1.13,6,180,6.9,,,,,,
Vector_CWB_FB_46714D,"2011-07-10 07:00:00",7.1,6,246,999.8,25.7,28.6,1.1,5.5,191,8.7,,,,,,
Vector_CWB_FB_46714D,"2011-07-10 08:00:00",5.6,4.6,265,999.3,26.5,28.7,1.36,5.3,202,8.7,,,,,,
Vector_CWB_FB_46714D,"2011-07-10 09:00:00",6.1,5.1,285,999.5,26.6,29.1,1.43,5.4,213,8,,,,,,
Vector_CWB_FB_46714D,"2011-07-10 10:00:00",5.8,4.6,302,999.4,26.9,29.1,1.26,5.2,236,8.7,,,,,,
Vector_CWB_FB_46714D,"2011-07-10 11:00:00",5.4,4.4,281,999.1,27.4,29.2,1.2,5.2,225,7.4,,,,,,
Vector_CWB_FB_46714D,"2011-07-10 12:00:00",5.3,3.8,255,998.8,27.4,29.3,1.14,5.1,213,6.9,,,,,,
Vector_CWB_FB_46714D,"2011-07-10 13:00:00",5.1,4.2,260,998.3,26.9,29.3,1.07,5.1,191,7.4,,,,,,
Vector_CWB_FB_46714D,"2011-07-10 14:00:00",4.4,2.7,271,998,26.5,29.2,1.03,4.9,236,8,,,,,,
Vector_CWB_FB_46714D,"2011-07-10 15:00:00",7.4,6.3,238,997.2,26.8,29,1.07,4.7,146,6.9,,,,,,
Vector_CWB_FB_46714D,"2011-07-10 16:00:00",5.6,4.2,226,997.9,26.7,29.3,1.13,5.2,157,8,,,,,,
Vector_CWB_FB_46714D,"2011-07-10 17:00:00",5.1,3.8,207,997.4,26.8,29.6,1.01,5.3,168,7.4,,,,,,
Vector_CWB_FB_46714D,"2011-07-10 18:00:00",7,5.7,174,997.7,26.9,28.9,0.97,5.2,180,6.9,,,,,,
Vector_CWB_FB_46714D,"2011-07-10 19:00:00",11.3,8.6,134,997.7,25.7,28.7,1.15,4.8,213,8,,,,,,
Vector_CWB_FB_46714D,"2011-07-10 20:00:00",10.8,9,164,999.1,26.3,29.1,1.25,4.8,247,6.9,,,,,,
Vector_CWB_FB_46714D,"2011-07-10 21:00:00",9.7,7.8,173,999.8,25.7,29,1.24,5,213,8,,,,,,
Vector_CWB_FB_46714D,"2011-07-10 22:00:00",8.5,6.6,211,1000.5,25,28.7,1.46,5.2,236,8,,,,,,
Vector_CWB_FB_46714D,"2011-07-10 23:00:00",7.5,5.9,214,1000.6,25.5,28.6,1.27,4.9,236,6.9,,,,,,
Vector_CWB_FB_46714D,"2011-07-11 00:00:00",8,6.6,197,1000,25.2,28.7,1.16,4.7,247,6.5,,,,,,
Vector_CWB_FB_46714D,"2011-07-11 01:00:00",7,5.6,189,999.9,25.8,28.3,1.24,4.8,236,6.9,,,,,,
Vector_CWB_FB_46714D,"2011-07-11 02:00:00",7.7,6.4,176,999.1,25.5,29.1,1.18,4.9,303,7.4,,,,,,
Vector_CWB_FB_46714D,"2011-07-11 03:00:00",6.5,5.2,149,1000.2,26,29.2,1.24,5.3,191,8.7,,,,,,
Vector_CWB_FB_46714D,"2011-07-11 04:00:00",6.5,5.5,143,1000.3,26.5,29.2,0.9,5.1,202,8.7,,,,,,
Vector_CWB_FB_46714D,"2011-07-11 05:00:00",7.2,6.2,145,1000.5,26.5,29.1,0.99,5.1,213,8.7,,,,,,
Vector_CWB_FB_46714D,"2011-07-11 06:00:00",6.8,5.6,157,1001,27,29.1,1.02,5.1,213,8.7,,,,,,
Vector_CWB_FB_46714D,"2011-07-11 07:00:00",7.7,6,164,1001.5,27.2,29.1,1.19,5.3,213,8,,,,,,
Vector_CWB_FB_46714D,"2011-07-11 08:00:00",8.5,6.9,154,1001.6,27.3,29.2,1.18,5.1,225,8,,,,,,
Vector_CWB_FB_46714D,"2011-07-11 09:00:00",8.7,7.1,151,1002.2,27.5,29.2,1.18,4.9,213,8.7,,,,,,
Vector_CWB_FB_46714D,"2011-07-11 10:00:00",9.5,8,147,1002.3,26.9,29.4,1.07,4.5,236,7.4,,,,,,
Vector_CWB_FB_46714D,"2011-07-11 11:00:00",7.7,6.6,136,1002.5,26.9,29.5,1.26,5.1,236,8,,,,,,
Vector_CWB_FB_46714D,"2011-07-11 12:00:00",6.6,5.4,141,1002.1,27.2,29.4,1.17,5,258,8,,,,,,
Vector_CWB_FB_46714D,"2011-07-11 13:00:00",7,5.9,134,1001.6,27.1,29.5,1.07,4.7,258,8.7,,,,,,
Vector_CWB_FB_46714D,"2011-07-11 14:00:00",7.7,6.5,152,1001.1,27.2,29.6,1.17,5.1,247,7.4,,,,,,
Vector_CWB_FB_46714D,"2011-07-11 15:00:00",6.4,5.2,175,999.4,27.4,29.6,1.32,5.3,247,8,,,,,,
Vector_CWB_FB_46714D,"2011-07-11 16:00:00",8.5,6.3,144,1000.6,28.1,29.8,0.99,5,225,8.7,,,,,,
Vector_CWB_FB_46714D,"2011-07-11 17:00:00",8.7,6.7,120,1000.4,27.4,29.7,1.01,5,157,8,,,,,,
Vector_CWB_FB_46714D,"2011-07-11 18:00:00",6.4,5.1,127,1000.2,27.4,29.7,0.97,4.9,180,8,,,,,,
Vector_CWB_FB_46714D,"2011-07-11 19:00:00",10,8,150,1000.3,27.4,29.5,1.24,4.9,123,8,,,,,,
Vector_CWB_FB_46714D,"2011-07-11 20:00:00",8.5,6.5,150,1001.3,27.6,29.3,1.28,5.3,247,8,,,,,,
Vector_CWB_FB_46714D,"2011-07-11 21:00:00",8.6,6.9,145,1001.3,27.6,29.2,1.17,5.3,225,6.9,,,,,,
Vector_CWB_FB_46714D,"2011-07-11 22:00:00",9,7.6,144,1001.9,27.8,29,1.57,5.9,236,8,,,,,,
Vector_CWB_FB_46714D,"2011-07-11 23:00:00",10.3,8.3,153,1002.1,27.1,28.9,1.39,5.5,236,8.7,,,,,,
Vector_CWB_FB_46714D,"2011-07-12 00:00:00",9.8,7.9,148,1002.3,26.7,28.8,1.49,5.1,247,8,,,,,,
Vector_CWB_FB_46714D,"2011-07-12 01:00:00",8.7,7.4,134,1002,26.5,28.8,1.23,4.8,258,6.1,,,,,,
Vector_CWB_FB_46714D,"2011-07-12 02:00:00",6.9,5.6,146,1002.3,26.6,29.3,1.01,5,247,8.7,,,,,,
Vector_CWB_FB_46714D,"2011-07-12 03:00:00",7.4,6.3,133,1001.3,26.5,29.1,1.06,4.9,247,7.4,,,,,,
Vector_CWB_FB_46714D,"2011-07-12 04:00:00",5.2,4,127,1001.3,25.8,29.4,0.89,5,236,8,,,,,,
Vector_CWB_FB_46714D,"2011-07-12 05:00:00",4.7,3.4,132,1000.9,26.7,29.2,0.79,5.6,258,8,,,,,,
Vector_CWB_FB_46714D,"2011-07-12 06:00:00",5.5,4.5,163,1000.8,27.2,29.1,0.85,6,225,8,,,,,,
Vector_CWB_FB_46714D,"2011-07-12 07:00:00",5.6,4.7,155,1001.3,27.3,29.2,0.81,5.4,236,8,,,,,,
Vector_CWB_FB_46714D,"2011-07-12 08:00:00",6.8,5.8,169,1001.7,27.6,29.2,0.81,5.1,236,8,,,,,,
Vector_CWB_FB_46714D,"2011-07-12 09:00:00",4.5,2.6,143,1001.9,27.6,29.3,0.87,5,247,8.7,,,,,,
Vector_CWB_FB_46714D,"2011-07-12 10:00:00",7.8,6.5,174,1002.1,27.6,29.4,0.95,4.7,213,8,,,,,,
Vector_CWB_FB_46714D,"2011-07-12 11:00:00",7.6,6.2,179,1001.2,27.6,29.4,0.98,4.8,236,7.4,,,,,,
Vector_CWB_FB_46714D,"2011-07-12 12:00:00",7.9,6.7,179,1000.8,27.8,29.5,1.11,4.7,202,8.7,,,,,,
Vector_CWB_FB_46714D,"2011-07-12 13:00:00",8.9,7.5,185,1000.2,27.5,29.4,1.22,4.8,247,8,,,,,,
Vector_CWB_FB_46714D,"2011-07-12 14:00:00",10.4,8.7,180,999.8,27.4,29.4,1.31,4.8,247,8,,,,,,
Vector_CWB_FB_46714D,"2011-07-12 15:00:00",10.6,9,179,1000.3,27.2,29.5,1.48,4.7,236,8.7,,,,,,
Vector_CWB_FB_46714D,"2011-07-12 16:00:00",10.3,8,187,1000.3,27,29.5,1.34,4.5,168,4.3,,,,,,
Vector_CWB_FB_46714D,"2011-07-12 17:00:00",8.8,6.9,184,1001.3,27,29.4,1.22,5,180,7.4,,,,,,
Vector_CWB_FB_46714D,"2011-07-12 18:00:00",8.3,6.6,155,1001.8,26.7,29.2,1.17,4.9,202,8,,,,,,
Vector_CWB_FB_46714D,"2011-07-12 19:00:00",5.8,4.2,148,1002.4,26.5,29.3,1.21,5.7,180,8,,,,,,
Vector_CWB_FB_46714D,"2011-07-12 20:00:00",5.7,4.4,111,1001.3,25.9,29.1,1.12,5.1,168,6.9,,,,,,
Vector_CWB_FB_46714D,"2011-07-12 21:00:00",5.5,3.7,163,1002.2,26.5,29.1,1.11,5.3,213,8.7,,,,,,
Vector_CWB_FB_46714D,"2011-07-12 22:00:00",7.5,4.2,186,1003.1,26,28.8,1.09,5.4,213,8.7,,,,,,
Vector_CWB_FB_46714D,"2011-07-12 23:00:00",7.1,5.5,160,1003,26,28.6,1.28,6,225,8.7,,,,,,
Vector_CWB_FB_46714D,"2011-07-13 00:00:00",6.2,5,144,1002.7,26.1,28.6,1.41,5.9,247,8,,,,,,
Vector_CWB_FB_46714D,"2011-07-13 01:00:00",4.5,3.5,120,1002.3,26.4,28.6,1.37,5.9,213,7.4,,,,,,
Vector_CWB_FB_46714D,"2011-07-13 02:00:00",6.1,4.8,154,1002.5,26.7,28.8,1.18,5.6,236,8,,,,,,
Vector_CWB_FB_46714D,"2011-07-13 03:00:00",4.4,3.4,165,1002.1,26.7,28.9,1.23,5.7,247,8,,,,,,
Vector_CWB_FB_46714D,"2011-07-13 04:00:00",2.6,1.7,200,1001.6,24.8,28.7,1,5.5,247,8.7,,,,,,
Vector_CWB_FB_46714D,"2011-07-13 05:00:00",5.6,4.5,160,1002.6,25.2,29,0.92,5.4,236,8.7,,,,,,
Vector_CWB_FB_46714D,"2011-07-13 06:00:00",2.9,1.6,215,1002.2,24.5,28.8,1.1,5.4,247,8.7,,,,,,
Vector_CWB_FB_46714D,"2011-07-13 07:00:00",3.7,3,164,1003.1,25,29.1,1.34,5.1,225,8,,,,,,
Vector_CWB_FB_46714D,"2011-07-13 08:00:00",6.5,5.1,162,1004,25.7,29.1,1.27,5.6,247,8.7,,,,,,
Vector_CWB_FB_46714D,"2011-07-13 09:00:00",3.4,2.5,138,1004.5,25.5,29.2,1.25,5.6,247,8,,,,,,
Vector_CWB_FB_46714D,"2011-07-13 10:00:00",3.8,2.9,146,1004.1,25.6,29.1,1.36,5.9,225,8,,,,,,
Vector_CWB_FB_46714D,"2011-07-13 11:00:00",3.3,2.2,179,1003.3,25.6,28.9,1.27,6.1,202,8.7,,,,,,
Vector_CWB_FB_46714D,"2011-07-13 12:00:00",4.3,3.2,117,1003.1,26,29.1,1.45,6.1,191,8.7,,,,,,
Vector_CWB_FB_46714D,"2011-07-13 13:00:00",4.5,3,126,1003.4,27.4,29.5,1.46,6.2,202,8,,,,,,
Vector_CWB_FB_46714D,"2011-07-13 14:00:00",7.8,5.9,164,1002.8,27.1,29.4,1.56,5.7,225,8,,,,,,
Vector_CWB_FB_46714D,"2011-07-13 15:00:00",7.4,6.2,180,1001.5,27.9,29.2,1.87,5.9,213,8,,,,,,
Vector_CWB_FB_46714D,"2011-07-13 16:00:00",6.7,5.5,169,1001.2,27.9,29.3,1.57,5.4,213,8.7,,,,,,
Vector_CWB_FB_46714D,"2011-07-13 17:00:00",7.4,6,162,1000.2,27,29.3,1.44,4.9,225,7.4,,,,,,
Vector_CWB_FB_46714D,"2011-07-13 18:00:00",8.3,6.3,192,1001,26.8,29.3,1.6,5.3,180,8.7,,,,,,
Vector_CWB_FB_46714D,"2011-07-13 19:00:00",10.1,7.1,157,1001.8,27.3,29.3,1.65,5.5,191,8.7,,,,,,
Vector_CWB_FB_46714D,"2011-07-13 20:00:00",7.5,5.8,152,1002.1,27.2,29.2,1.62,5.5,202,8,,,,,,
Vector_CWB_FB_46714D,"2011-07-13 21:00:00",9.5,7.6,134,1003.4,26.5,29.3,1.95,5.4,146,8,,,,,,
Vector_CWB_FB_46714D,"2011-07-13 22:00:00",12.3,9.5,194,1004.4,24.9,28.7,2.16,5.7,225,8.7,,,,,,
Vector_CWB_FB_46714D,"2011-07-13 23:00:00",12,8.8,168,1003.8,25.5,28.5,2.64,5.8,191,8,,,,,,
Vector_CWB_FB_46714D,"2011-07-14 00:00:00",8.4,5,164,1003.9,25.4,28.3,2.41,5.9,213,8.7,,,,,,
Vector_CWB_FB_46714D,"2011-07-14 01:00:00",13,9.7,185,1003.7,26,28.5,2.4,5.7,202,6.9,,,,,,
Vector_CWB_FB_46714D,"2011-07-14 02:00:00",12.1,9.2,187,1003.1,26.5,28.6,2.7,5.8,236,6.9,,,,,,
Vector_CWB_FB_46714D,"2011-07-14 03:00:00",10.6,8.7,181,1003,25.3,28.7,2.8,5.8,213,8,,,,,,
Vector_CWB_FB_46714D,"2011-07-14 04:00:00",11.4,8.3,178,1002.5,24.6,28.9,2.4,5.8,202,7.4,,,,,,
Vector_CWB_FB_46714D,"2011-07-14 05:00:00",9.1,7.1,181,1003.2,25.5,29,1.97,5.3,213,8.7,,,,,,
Vector_CWB_FB_46714D,"2011-07-14 06:00:00",7.7,5.7,179,1003.6,25.8,29,2,5.5,213,8,,,,,,
Vector_CWB_FB_46714D,"2011-07-14 07:00:00",8.4,6.9,180,1003.9,26.5,29,1.81,5.4,202,8.7,,,,,,
Vector_CWB_FB_46714D,"2011-07-14 08:00:00",9.1,6.7,172,1003.2,26.6,28.9,2.24,5.9,225,9.5,,,,,,
Vector_CWB_FB_46714D,"2011-07-14 09:00:00",10.6,8.3,172,1003.9,26.1,29.1,1.97,5.6,213,7.4,,,,,,
Vector_CWB_FB_46714D,"2011-07-14 10:00:00",9.2,7.3,182,1003.4,26.5,28.9,2.13,5.6,168,9.5,,,,,,
Vector_CWB_FB_46714D,"2011-07-14 11:00:00",9,7.2,163,1003.3,26.5,28.9,1.97,5.8,202,9.5,,,,,,
Vector_CWB_FB_46714D,"2011-07-14 12:00:00",11.9,8.4,164,1003.7,26,29,2.05,6.1,202,8.7,,,,,,
Vector_CWB_FB_46714D,"2011-07-14 13:00:00",9.3,7.5,187,1003.5,25.7,29,2.12,6.1,202,8.7,,,,,,
Vector_CWB_FB_46714D,"2011-07-14 14:00:00",9.2,7.3,175,1003.6,25.7,28.9,2.17,6.1,225,8,,,,,,
Vector_CWB_FB_46714D,"2011-07-14 15:00:00",9.2,7,174,1002.7,25.8,28.8,2.22,5.9,225,9.5,,,,,,
Vector_CWB_FB_46714D,"2011-07-14 16:00:00",6.6,5.1,155,1002.5,26.5,28.9,2.42,6.4,225,9.5,,,,,,
Vector_CWB_FB_46714D,"2011-07-14 17:00:00",8.2,6.6,178,1002.2,26.3,28.8,2.37,6.1,225,8.7,,,,,,
Vector_CWB_FB_46714D,"2011-07-14 18:00:00",8.3,6.7,149,1002.7,26.5,28.9,2.39,6.1,225,8.7,,,,,,
Vector_CWB_FB_46714D,"2011-07-14 19:00:00",7.7,6,159,1003.7,26.8,28.9,1.99,6,213,9.5,,,,,,
Vector_CWB_FB_46714D,"2011-07-14 20:00:00",8.5,6.6,150,1004.8,27,28.9,1.86,5.9,157,8.7,,,,,,
Vector_CWB_FB_46714D,"2011-07-14 21:00:00",5.6,3.6,206,1005.2,24.4,28.8,2.03,6.5,168,9.5,,,,,,
Vector_CWB_FB_46714D,"2011-07-14 22:00:00",5.1,3.8,144,1006.5,25.1,28.8,1.9,6,180,7.4,,,,,,
Vector_CWB_FB_46714D,"2011-07-14 23:00:00",4.9,3.1,147,1005.9,24.1,28.2,2.07,6.3,225,9.5,,,,,,
Vector_CWB_FB_46714D,"2011-07-15 00:00:00",7.5,5.3,104,1005.9,24.7,28.5,1.94,6.1,213,8.7,,,,,,
Vector_CWB_FB_46714D,"2011-07-15 01:00:00",7.2,5.5,122,1005.5,24.9,28.6,2.09,6.6,213,8.7,,,,,,
Vector_CWB_FB_46714D,"2011-07-15 02:00:00",8.8,7.1,140,1004.7,25.6,28.5,2.35,6.6,225,8.7,,,,,,
Vector_CWB_FB_46714D,"2011-07-15 03:00:00",9.4,7.8,144,1004.5,26.1,28.5,2.46,6.7,236,8.7,,,,,,
Vector_CWB_FB_46714D,"2011-07-15 04:00:00",9.5,7.2,174,1004.6,25.7,28.7,2.17,6,247,9.5,,,,,,
Vector_CWB_FB_46714D,"2011-07-15 05:00:00",9.8,7.5,171,1004.6,26.2,28.7,1.93,5.8,247,9.5,,,,,,
Vector_CWB_FB_46714D,"2011-07-15 06:00:00",10.3,8.3,200,1004.2,26.9,28.6,1.9,5.7,225,9.5,,,,,,
Vector_CWB_FB_46714D,"2011-07-15 07:00:00",8.4,6.7,181,1004.8,26.8,28.7,2.13,5.8,236,8.7,,,,,,
Vector_CWB_FB_46714D,"2011-07-15 08:00:00",8.3,6.9,209,1004.9,26.9,28.6,2.29,5.9,213,9.5,,,,,,
Vector_CWB_FB_46714D,"2011-07-15 09:00:00",6.7,5.1,191,1005.5,27,28.8,2.59,6.2,236,10.4,,,,,,
Vector_CWB_FB_46714D,"2011-07-15 10:00:00",5.5,4.2,198,1005.3,26.9,28.8,2.39,6.5,225,10.4,,,,,,
Vector_CWB_FB_46714D,"2011-07-15 11:00:00",6,4.5,191,1005.4,26.8,28.7,2.28,6.6,202,10.4,,,,,,
Vector_CWB_FB_46714D,"2011-07-15 12:00:00",5.1,3.7,164,1005.2,27.5,28.7,2.34,7.1,213,10.4,,,,,,
Vector_CWB_FB_46714D,"2011-07-15 13:00:00",5,3.8,163,1005.1,27.3,28.4,1.86,6.2,202,9.5,,,,,,
Vector_CWB_FB_46714D,"2011-07-15 14:00:00",7.7,6.3,156,1004.8,27.4,28.7,2.13,6.7,213,9.5,,,,,,
Vector_CWB_FB_46714D,"2011-07-15 15:00:00",6.5,4.9,167,1004.1,27.2,28.3,2.33,6.5,236,9.5,,,,,,
Vector_CWB_FB_46714D,"2011-07-15 16:00:00",11.9,9.2,239,1004.6,24.7,28.6,2.86,6.9,213,8.7,,,,,,
Vector_CWB_FB_46714D,"2011-07-15 17:00:00",11.6,8.6,227,1004.2,25.4,28.2,2.95,6.3,225,9.5,,,,,,
Vector_CWB_FB_46714D,"2011-07-15 18:00:00",3.4,1.5,209,1004.9,25.6,28.2,2.64,6.2,213,9.5,,,,,,
Vector_CWB_FB_46714D,"2011-07-15 19:00:00",2.9,1.3,79,1005,25.9,28.1,2.54,6.3,225,10.4,,,,,,
Vector_CWB_FB_46714D,"2011-07-15 20:00:00",4.9,3,52,1006,26,28.7,2.5,6.7,213,9.5,,,,,,
Vector_CWB_FB_46714D,"2011-07-15 21:00:00",3.9,2.3,51,1006.1,26.3,28.7,2.35,6.8,191,9.5,,,,,,
Vector_CWB_FB_46714D,"2011-07-15 22:00:00",2.6,1.5,75,1006.4,26.6,28.6,1.98,6.8,157,9.5,,,,,,
Vector_CWB_FB_46714D,"2011-07-15 23:00:00",4.1,2.6,68,1006,26.7,28.1,2.1,6.7,191,9.5,,,,,,
Vector_CWB_FB_46714D,"2011-07-16 00:00:00",5,2.3,115,1006.2,26.8,28.2,2.01,6.7,236,9.5,,,,,,
Vector_CWB_FB_46714D,"2011-07-16 01:00:00",4.2,2.3,121,1005.3,27,28.3,2.01,6.3,236,8,,,,,,
Vector_CWB_FB_46714D,"2011-07-16 02:00:00",3.8,2.2,93,1003.9,27,28.3,2.06,6.6,236,8,,,,,,
Vector_CWB_FB_46714D,"2011-07-16 03:00:00",3.7,1.7,88,1003,27,28.4,2.19,6.6,258,9.5,,,,,,
Vector_CWB_FB_46714D,"2011-07-16 04:00:00",3.6,2.5,169,1002.9,26.9,28.5,2.16,6.6,247,9.5,,,,,,
Vector_CWB_FB_46714D,"2011-07-16 05:00:00",2.9,2,163,1002.5,26.6,28.5,2.18,6.3,236,8.7,,,,,,
Vector_CWB_FB_46714D,"2011-07-16 06:00:00",4.2,3.1,156,1002.7,26.6,28.5,1.94,6.2,258,8,,,,,,
Vector_CWB_FB_46714D,"2011-07-16 07:00:00",3.4,2.6,170,1003,26.8,28.6,1.79,6.3,247,10.4,,,,,,
Vector_CWB_FB_46714D,"2011-07-16 08:00:00",2.5,1.8,146,1003.2,26.7,28.6,1.8,6.4,247,9.5,,,,,,
Vector_CWB_FB_46714D,"2011-07-16 09:00:00",3.6,2,132,1003.5,27.1,28.7,1.63,6.5,236,9.5,,,,,,
Vector_CWB_FB_46714D,"2011-07-16 10:00:00",6.2,5,128,1004.3,27.4,28.9,1.4,6.3,247,10.4,,,,,,
Vector_CWB_FB_46714D,"2011-07-16 11:00:00",3,1.5,193,1003.5,26.4,28.7,1.77,7.4,213,9.5,,,,,,
Vector_CWB_FB_46714D,"2011-07-16 12:00:00",3.3,2,100,1003.3,26.3,28.6,1.6,7.2,225,9.5,,,,,,
Vector_CWB_FB_46714D,"2011-07-16 13:00:00",5.1,3.3,48,1002.9,26.5,28.7,1.62,6.5,247,9.5,,,,,,
Vector_CWB_FB_46714D,"2011-07-16 14:00:00",2.5,1.3,70,1002.7,24.7,28.5,1.98,7,225,9.5,,,,,,
Vector_CWB_FB_46714D,"2011-07-16 15:00:00",6.5,4.9,83,1002.3,25.5,28.5,2.22,7.3,225,9.5,,,,,,
Vector_CWB_FB_46714D,"2011-07-16 16:00:00",3.9,2.6,86,1001.5,26.2,28.6,2,6.5,236,9.5,,,,,,
Vector_CWB_FB_46714D,"2011-07-16 17:00:00",5.6,3.5,71,1001.2,26.3,28.6,2.62,5.2,78,8,,,,,,
Vector_CWB_FB_46714D,"2011-07-16 18:00:00",3,1.8,321,1002,24.4,28.4,2.27,6.5,247,8,,,,,,
Vector_CWB_FB_46714D,"2011-07-16 19:00:00",4.8,2.7,65,1002.3,24.3,28.2,2.14,6.2,258,8.7,,,,,,
Vector_CWB_FB_46714D,"2011-07-16 20:00:00",5.5,3.2,63,1002.6,25.1,28.3,1.83,5.9,236,8,,,,,,
Vector_CWB_FB_46714D,"2011-07-16 21:00:00",4,1.9,21,1002.9,24.9,28.3,1.82,6.5,225,8.7,,,,,,
Vector_CWB_FB_46714D,"2011-07-16 22:00:00",3.3,2.1,30,1002.2,24.8,28.4,1.66,6.4,225,9.5,,,,,,
Vector_CWB_FB_46714D,"2011-07-16 23:00:00",2.7,1.4,35,1002.9,25.6,28.6,1.6,6.6,225,8,,,,,,
Vector_CWB_FB_46714D,"2011-07-17 00:00:00",4.1,2.4,44,1001.7,25.6,28.1,1.6,6.7,180,8.7,,,,,,
Vector_CWB_FB_46714D,"2011-07-17 01:00:00",3.3,1.8,26,1001.4,26.2,28.3,1.95,6.6,213,9.5,,,,,,
Vector_CWB_FB_46714D,"2011-07-17 02:00:00",3.8,1.6,43,1000.4,25.8,28.2,2.13,6.4,247,8,,,,,,
Vector_CWB_FB_46714D,"2011-07-17 03:00:00",4.1,2.6,55,999.7,26,28.2,1.86,6.4,258,8,,,,,,
Vector_CWB_FB_46714D,"2011-07-17 04:00:00",3.6,2.1,34,999.1,25.9,28.2,1.85,6.5,236,8.7,,,,,,
Vector_CWB_FB_46714D,"2011-07-17 05:00:00",,,,999.8,25.6,28.3,2,6.3,236,8,,,,,,
Vector_CWB_FB_46714D,"2011-07-17 06:00:00",2.6,1.1,32,999.5,25.6,28,2.18,6.3,236,8.7,,,,,,
Vector_CWB_FB_46714D,"2011-07-17 07:00:00",,,,999.9,26.1,28.2,1.87,6.1,236,9.5,,,,,,
Vector_CWB_FB_46714D,"2011-07-17 08:00:00",3.1,2,88,1000.1,26.4,28.3,1.56,5.8,247,8.7,,,,,,
Vector_CWB_FB_46714D,"2011-07-17 09:00:00",11.9,2.7,58,1000.4,25.6,28.3,1.6,6.3,236,8.7,,,,,,
Vector_CWB_FB_46714D,"2011-07-17 10:00:00",3.3,2.5,300,1000.5,25.4,28.3,1.33,6.1,225,9.5,,,,,,
Vector_CWB_FB_46714D,"2011-07-17 11:00:00",,,,1000.6,26.1,28.4,1.44,6.4,225,8.7,,,,,,
Vector_CWB_FB_46714D,"2011-07-17 12:00:00",,,,1000,26.6,28.8,1.37,6.4,236,9.5,,,,,,
Vector_CWB_FB_46714D,"2011-07-17 13:00:00",7.6,4.7,285,999.9,24.4,28.6,1.38,6.2,168,9.5,,,,,,
Vector_CWB_FB_46714D,"2011-07-17 14:00:00",3,1.8,253,999.3,25.2,28.5,1.34,6.5,213,8.7,,,,,,
Vector_CWB_FB_46714D,"2011-07-17 15:00:00",5.9,4.4,314,999,24.6,28.4,1.7,6.5,236,8.7,,,,,,
Vector_CWB_FB_46714D,"2011-07-17 16:00:00",9.4,6.8,318,998.7,24,28.2,2.16,6.9,213,9.5,,,,,,
Vector_CWB_FB_46714D,"2011-07-17 17:00:00",5.9,3.9,350,998.2,24.7,28.2,1.98,6.4,225,8.7,,,,,,
Vector_CWB_FB_46714D,"2011-07-17 18:00:00",5.4,3.3,26,998.2,24.7,28.1,1.9,6.7,202,8.7,,,,,,
Vector_CWB_FB_46714D,"2011-07-17 19:00:00",5.9,4.2,52,998.8,25.5,28.3,2.05,6.8,202,9.5,,,,,,
Vector_CWB_FB_46714D,"2011-07-17 20:00:00",4.5,3.1,49,998.6,25.5,28.1,1.84,6.2,213,8.7,,,,,,
Vector_CWB_FB_46714D,"2011-07-17 21:00:00",,,,999.3,24.7,28.2,1.82,6.2,213,9.5,,,,,,
Vector_CWB_FB_46714D,"2011-07-17 22:00:00",,,,999.8,25.5,28.3,2.03,6.6,213,8.7,,,,,,
Vector_CWB_FB_46714D,"2011-07-17 23:00:00",3.7,2.3,79,999.6,25.7,28.2,1.93,6.8,202,9.5,,,,,,
Vector_CWB_FB_46714D,"2011-07-18 00:00:00",4.9,3,61,999.2,26,28.3,1.84,6.9,213,8.7,,,,,,
Vector_CWB_FB_46714D,"2011-07-18 01:00:00",3.9,2.5,52,998.5,26.5,27.8,1.57,6.7,202,8.7,,,,,,
Vector_CWB_FB_46714D,"2011-07-18 02:00:00",2.3,1.1,97,997.8,26.7,28,2.04,6.4,213,9.5,,,,,,
Vector_CWB_FB_46714D,"2011-07-18 03:00:00",10.1,4,205,997.2,26.5,28,2.07,6.8,225,9.5,,,,,,
Vector_CWB_FB_46714D,"2011-07-18 04:00:00",6.6,5,229,997.2,27.2,28.1,1.94,6.3,236,7.4,,,,,,
Vector_CWB_FB_46714D,"2011-07-18 05:00:00",12.7,9.2,271,997,24.5,28.1,2.31,5.8,247,7.4,,,,,,
Vector_CWB_FB_46714D,"2011-07-18 06:00:00",8.5,6.7,248,997.4,25.6,28.1,2.45,5.8,247,6.9,,,,,,
Vector_CWB_FB_46714D,"2011-07-18 07:00:00",4.6,3.2,274,998,25.8,28.2,2.1,5.5,270,7.4,,,,,,
Vector_CWB_FB_46714D,"2011-07-18 08:00:00",6,4.8,257,998.6,26.7,28.3,1.9,5.6,236,8,,,,,,
Vector_CWB_FB_46714D,"2011-07-18 09:00:00",10,7.2,254,998.3,25.8,28.3,1.85,5.5,202,8.7,,,,,,
Vector_CWB_FB_46714D,"2011-07-18 10:00:00",7.3,5.4,240,998.1,26.3,28.3,1.96,6,236,8.7,,,,,,
Vector_CWB_FB_46714D,"2011-07-18 11:00:00",7.2,5.6,248,997.9,27,28.3,2.03,6.1,191,9.5,,,,,,
Vector_CWB_FB_46714D,"2011-07-18 12:00:00",7.5,5.9,247,997.3,26.5,28.3,1.71,6,202,8.7,,,,,,
Vector_CWB_FB_46714D,"2011-07-18 13:00:00",4.5,3.5,246,997.5,26.7,28.3,2.03,6.2,180,9.5,,,,,,
Vector_CWB_FB_46714D,"2011-07-18 14:00:00",6.5,4.9,245,996.8,27,28.4,1.87,6.1,213,8.7,,,,,,
Vector_CWB_FB_46714D,"2011-07-18 15:00:00",4.5,3,204,996.1,27.4,28.4,2.26,6.4,213,8.7,,,,,,
Vector_CWB_FB_46714D,"2011-07-18 16:00:00",9.9,5.4,245,995.3,26.5,28.2,2.63,6.5,213,9.5,,,,,,
Vector_CWB_FB_46714D,"2011-07-18 17:00:00",9.1,6.7,236,995.5,26.8,28.2,2.93,6.6,225,8.7,,,,,,
Vector_CWB_FB_46714D,"2011-07-18 18:00:00",9,6.9,244,995.4,27.1,28.2,3.15,6.8,213,9.5,,,,,,
Vector_CWB_FB_46714D,"2011-07-18 19:00:00",9.5,7.6,239,995.6,26.9,28.1,2.9,6.4,236,10.4,,,,,,
Vector_CWB_FB_46714D,"2011-07-18 20:00:00",9.9,7.2,235,996.8,26.9,28.1,4.09,7.1,225,9.5,,,,,,
Vector_CWB_FB_46714D,"2011-07-18 21:00:00",9.5,7.2,233,997.3,26.9,28,3.29,6.4,247,10.4,,,,,,
Vector_CWB_FB_46714D,"2011-07-18 22:00:00",8.7,6.7,235,997.2,26.7,27.8,2.91,6.3,225,8.7,,,,,,
Vector_CWB_FB_46714D,"2011-07-18 23:00:00",9,6.6,246,997.5,26.9,28.2,2.98,6.9,202,10.4,,,,,,
Vector_CWB_FB_46714D,"2011-07-19 00:00:00",9.3,6.9,247,997.8,27.1,28.6,2.56,6.9,180,10.4,,,,,,
Vector_CWB_FB_46714D,"2011-07-19 01:00:00",11.3,8.9,249,996.9,26.1,28.3,2.6,7,168,9.5,,,,,,
Vector_CWB_FB_46714D,"2011-07-19 02:00:00",10,7.1,261,996.8,26.3,27.8,2.83,6.4,202,10.4,,,,,,
Vector_CWB_FB_46714D,"2011-07-19 03:00:00",10.7,8.4,268,996.5,26.5,27.6,3.07,6.5,236,9.5,,,,,,
Vector_CWB_FB_46714D,"2011-07-19 04:00:00",7.3,5.6,262,996.7,26.6,27.8,3.15,6.8,225,9.5,,,,,,
Vector_CWB_FB_46714D,"2011-07-19 05:00:00",9.6,7.4,254,996.5,27,27.9,2.73,6.4,236,8.7,,,,,,
Vector_CWB_FB_46714D,"2011-07-19 06:00:00",11.2,7.8,249,997,26.7,27.9,2.82,6.5,225,9.5,,,,,,
Vector_CWB_FB_46714D,"2011-07-19 07:00:00",9.7,7.5,250,997.2,27,27.9,2.74,6.2,213,9.5,,,,,,
Vector_CWB_FB_46714D,"2011-07-19 08:00:00",8.1,6,244,998.1,27.1,27.8,2.57,6.2,213,10.4,,,,,,
Vector_CWB_FB_46714D,"2011-07-19 09:00:00",7.9,5.4,238,998.5,27,28,2.29,6.2,225,9.5,,,,,,
Vector_CWB_FB_46714D,"2011-07-19 10:00:00",8.4,6.7,250,998.6,27,28.1,2,5.9,247,9.5,,,,,,
Vector_CWB_FB_46714D,"2011-07-19 11:00:00",9.8,7.7,255,998.9,26.5,28.3,2.38,6.2,247,10.4,,,,,,
Vector_CWB_FB_46714D,"2011-07-19 12:00:00",8,6.3,256,998.9,27.2,28.4,2.16,6.5,225,10.4,,,,,,
Vector_CWB_FB_46714D,"2011-07-19 13:00:00",7.8,5.7,256,999,27.6,28.5,2.01,6.1,202,9.5,,,,,,
Vector_CWB_FB_46714D,"2011-07-19 14:00:00",9.1,7.2,256,998,27.1,28.4,2.63,6.8,202,9.5,,,,,,
Vector_CWB_FB_46714D,"2011-07-19 15:00:00",7.4,6.1,254,998.1,27.1,28.4,2.17,6.4,168,10.4,,,,,,
Vector_CWB_FB_46714D,"2011-07-19 16:00:00",7.5,5.9,257,998.5,27.2,28.4,2.19,6.4,191,10.4,,,,,,
Vector_CWB_FB_46714D,"2011-07-19 17:00:00",7.3,6,261,998.4,27.2,28.3,2.37,6.3,213,8.7,,,,,,
Vector_CWB_FB_46714D,"2011-07-19 18:00:00",6.9,5.2,254,998.4,27.2,28.3,2.56,6.8,202,8.7,,,,,,
Vector_CWB_FB_46714D,"2011-07-19 19:00:00",8.9,7.2,251,999.2,26.8,28.2,2.7,6.4,180,9.5,,,,,,
Vector_CWB_FB_46714D,"2011-07-19 20:00:00",7.7,6.1,260,999.8,27,28.1,2.26,6,202,8.7,,,,,,
Vector_CWB_FB_46714D,"2011-07-19 21:00:00",8.5,6.8,252,1000.4,27.1,28.2,2.21,6.3,78,9.5,,,,,,
Vector_CWB_FB_46714D,"2011-07-19 22:00:00",8.4,6.6,253,1001.8,27.2,28.3,2.45,6.6,213,9.5,,,,,,
Vector_CWB_FB_46714D,"2011-07-19 23:00:00",8.5,6.9,245,1001.1,27.1,28.2,2.71,6.9,225,9.5,,,,,,
Vector_CWB_FB_46714D,"2011-07-20 00:00:00",7.1,5.2,246,1000.9,27.1,28.3,2.3,6.6,225,9.5,,,,,,
Vector_CWB_FB_46714D,"2011-07-20 01:00:00",4.7,3.4,240,1000.8,27.1,28.3,1.92,6.4,135,10.4,,,,,,
Vector_CWB_FB_46714D,"2011-07-20 02:00:00",5.7,3.5,219,999.9,27.1,28.2,2.51,6.9,225,10.4,,,,,,
Vector_CWB_FB_46714D,"2011-07-20 03:00:00",6.2,4.1,216,999.9,27,28.2,2.64,7,225,9.5,,,,,,
Vector_CWB_FB_46714D,"2011-07-20 04:00:00",4.7,3,226,1000,27.1,28.3,2.27,6.6,236,9.5,,,,,,
Vector_CWB_FB_46714D,"2011-07-20 05:00:00",12,7.5,251,1000.9,25,28.4,2.3,6.4,225,9.5,,,,,,
Vector_CWB_FB_46714D,"2011-07-20 06:00:00",8.2,6.2,245,1000.9,25.7,28.4,2.17,5.9,247,8.7,,,,,,
Vector_CWB_FB_46714D,"2011-07-20 07:00:00",8.3,6.4,259,1002.1,25.4,28.3,2.23,6,247,9.5,,,,,,
Vector_CWB_FB_46714D,"2011-07-20 08:00:00",8.2,5.9,253,1002.5,24.5,28.3,2.1,6,281,8,,,,,,
Vector_CWB_FB_46714D,"2011-07-20 09:00:00",,,,1002.7,25.2,28.3,2.22,6,247,8.7,,,,,,
Vector_CWB_FB_46714D,"2011-07-20 10:00:00",5.9,2.8,6,1002.7,25.6,28.3,1.93,6.2,225,8.7,,,,,,
Vector_CWB_FB_46714D,"2011-07-20 11:00:00",,,,1003,26.1,28.3,2.17,6.2,225,8.7,,,,,,
Vector_CWB_FB_46714D,"2011-07-20 12:00:00",3.7,1.3,20,1003,25.9,28.3,2.28,6.2,236,9.5,,,,,,
Vector_CWB_FB_46714D,"2011-07-20 13:00:00",4.7,2.3,52,1002.6,26.2,28.4,2.12,6.4,236,10.4,,,,,,
Vector_CWB_FB_46714D,"2011-07-20 14:00:00",6.6,3.8,342,1002.6,25.7,28.3,1.67,6.2,202,9.5,,,,,,
Vector_CWB_FB_46714D,"2011-07-20 15:00:00",6.9,4.6,4,1002.6,25.4,28.3,2.07,6.8,202,8.7,,,,,,
Vector_CWB_FB_46714D,"2011-07-20 16:00:00",7.3,4.6,34,1002.7,25.1,28.2,2.14,6.7,213,9.5,,,,,,
Vector_CWB_FB_46714D,"2011-07-20 17:00:00",5.3,3.4,40,1002.4,25.5,27.7,1.75,6.2,236,10.4,,,,,,
Vector_CWB_FB_46714D,"2011-07-20 18:00:00",3.5,1.7,47,1002.5,26.1,,2.04,6.8,225,9.5,,,,,,
Vector_CWB_FB_46714D,"2011-07-20 19:00:00",3.5,1.5,57,1002.8,25.9,,2.67,7.2,236,9.5,,,,,,
Vector_CWB_FB_46714D,"2011-07-20 20:00:00",,,,1003.5,25.8,26.5,2.11,6.5,236,9.5,,,,,,
Vector_CWB_FB_46714D,"2011-07-20 21:00:00",,,,1004.3,25.6,26.2,2.25,6.3,247,9.5,,,,,,
Vector_CWB_FB_46714D,"2011-07-20 22:00:00",,,,1004.6,25.3,25.2,2.35,6.7,236,9.5,,,,,,
Vector_CWB_FB_46714D,"2011-07-20 23:00:00",,,,1004.8,25.6,26.1,1.68,5.8,225,9.5,,,,,,
Vector_CWB_FB_46714D,"2011-07-21 00:00:00",,,,1004,25.8,25.9,1.68,6,236,8.7,,,,,,
Vector_CWB_FB_46714D,"2011-07-21 01:00:00",,,,1003.2,25.7,25.8,1.95,6.7,236,9.5,,,,,,
Vector_CWB_FB_46714D,"2011-07-21 02:00:00",,,,1002.6,25.6,25.5,1.84,6.5,236,8,,,,,,
Vector_CWB_FB_46714D,"2011-07-21 03:00:00",5.8,4.3,19,1002.4,24.9,25.8,1.98,6.7,202,9.5,,,,,,
Vector_CWB_FB_46714D,"2011-07-21 04:00:00",,,,1002.6,24.9,25.9,2.03,6.8,213,9.5,,,,,,
Vector_CWB_FB_46714D,"2011-07-21 05:00:00",4.4,2.5,232,1002.8,25.4,26.1,2.02,6.4,213,8.7,,,,,,
Vector_CWB_FB_46714D,"2011-07-21 06:00:00",,,,1003.6,25.9,26.5,2.04,6.2,236,8.7,,,,,,
Vector_CWB_FB_46714D,"2011-07-21 07:00:00",2.2,1.4,265,1003.9,26.1,26.9,2.16,6.4,247,9.5,,,,,,
Vector_CWB_FB_46714D,"2011-07-21 08:00:00",,,,1004.3,26.5,26.6,1.97,6.2,247,9.5,,,,,,
Vector_CWB_FB_46714D,"2011-07-21 09:00:00",,,,1004.5,27.3,27.4,1.96,6.1,236,8.7,,,,,,
Vector_CWB_FB_46714D,"2011-07-21 10:00:00",1.9,1.1,274,1005.6,27.5,,1.76,6,225,9.5,,,,,,
Vector_CWB_FB_46714D,"2011-07-21 11:00:00",2.2,1.4,283,1005.3,27.7,,1.69,6,236,8.7,,,,,,
Vector_CWB_FB_46714D,"2011-07-21 12:00:00",3.3,2.6,269,1004.9,27.8,,1.68,6,247,9.5,,,,,,
Vector_CWB_FB_46714D,"2011-07-21 13:00:00",3.8,2.9,258,1004.4,28,29.3,1.65,6,225,9.5,,,,,,
Vector_CWB_FB_46714D,"2011-07-21 14:00:00",3.8,2.8,253,1003.7,27.9,28.8,1.51,6.3,225,9.5,,,,,,
Vector_CWB_FB_46714D,"2011-07-21 15:00:00",4,2.9,259,1003.6,28.1,29,1.53,6.6,213,9.5,,,,,,
Vector_CWB_FB_46714D,"2011-07-21 16:00:00",4,3,247,1003.5,28.1,29.1,1.37,6.7,213,8.7,,,,,,
Vector_CWB_FB_46714D,"2011-07-21 17:00:00",3,2.2,260,1003.3,28.3,29.1,1.47,6.4,202,9.5,,,,,,
Vector_CWB_FB_46714D,"2011-07-21 18:00:00",3,2,270,1003.7,27.8,28.8,1.9,6.7,225,9.5,,,,,,
Vector_CWB_FB_46714D,"2011-07-21 19:00:00",1.9,1.2,268,1003.6,27.4,28.7,1.67,6.3,247,8.7,,,,,,
Vector_CWB_FB_46714D,"2011-07-21 20:00:00",,,,1004,27.3,28.7,1.83,6.6,225,9.5,,,,,,
Vector_CWB_FB_46714D,"2011-07-21 21:00:00",,,,1004.4,27.2,28.6,1.63,6.1,213,8.7,,,,,,
Vector_CWB_FB_46714D,"2011-07-21 22:00:00",2.2,1.4,191,1004.9,27.2,28.5,1.4,6,191,8.7,,,,,,
Vector_CWB_FB_46714D,"2011-07-21 23:00:00",2.4,1.5,170,1004.5,27,28.3,1.54,6.5,202,8,,,,,,
Vector_CWB_FB_46714D,"2011-07-22 00:00:00",4.6,3.6,212,1004.3,27.2,28.4,1.37,6.3,191,9.5,,,,,,
Vector_CWB_FB_46714D,"2011-07-22 01:00:00",4.8,3.8,228,1003.6,27.1,28.4,1.2,6.6,202,9.5,,,,,,
Vector_CWB_FB_46714D,"2011-07-22 02:00:00",4.6,3.6,226,1003.3,27.1,28.6,1.16,6.2,191,9.5,,,,,,
Vector_CWB_FB_46714D,"2011-07-22 03:00:00",4.1,3,241,1003,26.9,27.8,1.49,6.4,213,9.5,,,,,,
Vector_CWB_FB_46714D,"2011-07-22 04:00:00",3.5,2.7,238,1003,26.7,,1.42,6.3,213,8.7,,,,,,
Vector_CWB_FB_46714D,"2011-07-22 05:00:00",2.5,1.8,276,1003.4,26.5,,1.43,6.4,225,9.5,,,,,,
Vector_CWB_FB_46714D,"2011-07-22 06:00:00",1.7,1.3,298,1003.5,26.3,27,1.42,6.1,225,8.7,,,,,,
Vector_CWB_FB_46714D,"2011-07-22 07:00:00",,,,1004,26.5,28.1,1.35,6.1,225,8.7,,,,,,
Vector_CWB_FB_46714D,"2011-07-22 08:00:00",2.3,1.6,296,1004.4,26.8,28,1.42,5.9,225,7.4,,,,,,
Vector_CWB_FB_46714D,"2011-07-22 09:00:00",,,,1004.7,27.4,28.4,1.35,5.8,236,8.7,,,,,,
Vector_CWB_FB_46714D,"2011-07-22 10:00:00",3.5,1.9,300,1005,27.2,28.8,1.39,5.8,236,8.7,,,,,,
Vector_CWB_FB_46714D,"2011-07-22 11:00:00",4.1,3.1,297,1005,27.5,28.8,1.49,5.9,236,8,,,,,,
Vector_CWB_FB_46714D,"2011-07-22 12:00:00",4.8,3.8,307,1004.9,27.7,29.2,1.22,5.5,247,7.4,,,,,,
Vector_CWB_FB_46714D,"2011-07-22 13:00:00",5.2,4.1,301,1004.6,27.8,,1.15,5.5,236,8.7,,,,,,
Vector_CWB_FB_46714D,"2011-07-22 14:00:00",5.1,4.4,302,1003.8,27.8,29.3,1.15,5.8,236,8,,,,,,
Vector_CWB_FB_46714D,"2011-07-22 15:00:00",4.7,3.9,294,1003.4,27.9,29,1.01,6,225,8.7,,,,,,
Vector_CWB_FB_46714D,"2011-07-22 16:00:00",5.4,4.2,294,1002.9,27.7,28.8,0.97,6,225,8.7,,,,,,
Vector_CWB_FB_46714D,"2011-07-22 17:00:00",4.6,3.8,300,1002.7,27.7,28.7,0.98,6.1,236,8.7,,,,,,
Vector_CWB_FB_46714D,"2011-07-22 18:00:00",4.7,3.9,304,1002.7,27.6,28.7,1.07,6.1,213,8,,,,,,
Vector_CWB_FB_46714D,"2011-07-22 19:00:00",3.5,2.4,309,1003.3,27.3,28.6,1.12,6,213,8.7,,,,,,
Vector_CWB_FB_46714D,"2011-07-22 20:00:00",3.1,2.2,310,1003.6,27.3,28.5,1.15,6,225,8,,,,,,
Vector_CWB_FB_46714D,"2011-07-22 21:00:00",1.9,1.3,289,1004,27.2,28.3,1.33,6.3,213,8.7,,,,,,
Vector_CWB_FB_46714D,"2011-07-22 22:00:00",,,,1004.7,27.1,28.3,1.04,5.9,225,8.7,,,,,,
Vector_CWB_FB_46714D,"2011-07-22 23:00:00",,,,1004.7,27,28.3,0.93,5.7,213,8,,,,,,
Vector_CWB_FB_46714D,"2011-07-23 00:00:00",1.6,1.1,277,1004.4,26.9,28.4,0.86,6.1,213,8.7,,,,,,
Vector_CWB_FB_46714D,"2011-07-23 01:00:00",,,,1003.9,27.1,28.7,0.83,5.9,191,8.7,,,,,,
Vector_CWB_FB_46714D,"2011-07-23 02:00:00",,,,1003.6,26.6,28.5,0.85,6.2,202,8.7,,,,,,
Vector_CWB_FB_46714D,"2011-07-23 03:00:00",,,,1003.5,26.5,28.4,0.8,6,180,8,,,,,,
Vector_CWB_FB_46714D,"2011-07-23 04:00:00",2.3,1.5,336,1003.4,26.4,28.6,0.89,6.1,236,8.7,,,,,,
Vector_CWB_FB_46714D,"2011-07-23 05:00:00",3.3,2.1,356,1003.3,26.4,28.9,0.95,6.4,225,8,,,,,,
Vector_CWB_FB_46714D,"2011-07-23 06:00:00",3.1,2.1,5,1003.9,26.5,28.8,0.89,6,236,6.5,,,,,,
Vector_CWB_FB_46714D,"2011-07-23 07:00:00",3.7,2.5,339,1005.2,27.4,29,0.85,5.9,247,7.4,,,,,,
Vector_CWB_FB_46714D,"2011-07-23 08:00:00",4,2.6,340,1005.6,27.6,29.3,0.78,5.6,247,7.4,,,,,,
Vector_CWB_FB_46714D,"2011-07-23 09:00:00",6.9,5.8,317,1006,27.8,29.2,0.88,5.7,236,8,,,,,,
Vector_CWB_FB_46714D,"2011-07-23 10:00:00",5,3.5,311,1005.9,27.7,29,0.76,5.8,213,7.4,,,,,,
Vector_CWB_FB_46714D,"2011-07-23 11:00:00",5.2,4.2,309,1005.5,27.9,29.5,0.88,5.4,258,7.4,,,,,,
Vector_CWB_FB_46714D,"2011-07-23 12:00:00",5.5,4.3,302,1005.2,28,29.9,0.85,5.4,258,7.4,,,,,,
Vector_CWB_FB_46714D,"2011-07-23 13:00:00",6.4,5.3,302,1004.6,28,30,0.87,5.3,247,7.4,,,,,,
Vector_CWB_FB_46714D,"2011-07-23 14:00:00",6.8,5.6,303,1004.4,28.1,29.8,0.9,5.1,213,6.9,,,,,,
Vector_CWB_FB_46714D,"2011-07-23 15:00:00",6.3,5.3,304,1004.5,28.1,29.8,0.92,5.3,202,6.9,,,,,,
Vector_CWB_FB_46714D,"2011-07-23 16:00:00",6,5,299,1004.3,28.3,29.7,0.91,5.6,213,7.4,,,,,,
Vector_CWB_FB_46714D,"2011-07-23 17:00:00",5.4,4.5,307,1004.3,28.2,29.6,0.71,5,213,6.9,,,,,,
Vector_CWB_FB_46714D,"2011-07-23 18:00:00",4.7,3.6,309,1004.4,28.1,29.5,0.67,5.4,225,8,,,,,,
Vector_CWB_FB_46714D,"2011-07-23 19:00:00",3,2.4,310,1004.9,27.9,29.4,0.65,5.3,202,7.4,,,,,,
Vector_CWB_FB_46714D,"2011-07-23 20:00:00",2.1,1.5,322,1005.2,27.8,29.3,0.8,5.7,236,7.4,,,,,,
Vector_CWB_FB_46714D,"2011-07-23 21:00:00",2.6,2,286,1005.6,27.9,29.3,0.8,5.5,236,8,,,,,,
Vector_CWB_FB_46714D,"2011-07-23 22:00:00",,,,1006.3,27.8,29.3,0.83,5.5,225,7.4,,,,,,
Vector_CWB_FB_46714D,"2011-07-23 23:00:00",1.9,1.4,247,1006.4,27.7,29.1,0.67,5.1,236,8,,,,,,
Vector_CWB_FB_46714D,"2011-07-24 00:00:00",1.5,1.1,270,1006.2,27.6,29.1,0.64,5.2,225,7.4,,,,,,
Vector_CWB_FB_46714D,"2011-07-24 01:00:00",,,,1005.5,27.4,29.2,0.64,5.5,213,8,,,,,,
Vector_CWB_FB_46714D,"2011-07-24 02:00:00",2.2,1.7,307,1005.1,27.4,29.4,0.58,5.6,213,7.4,,,,,,
Vector_CWB_FB_46714D,"2011-07-24 03:00:00",1.9,1.1,333,1004.8,27.3,29.4,0.46,5.7,236,6.9,,,,,,
Vector_CWB_FB_46714D,"2011-07-24 04:00:00",2.8,1.9,338,1004.3,27.2,29.3,0.53,6,225,7.4,,,,,,
Vector_CWB_FB_46714D,"2011-07-24 05:00:00",3.4,2.2,342,1004.9,27.3,29.3,0.55,6,225,7.4,,,,,,
Vector_CWB_FB_46714D,"2011-07-24 06:00:00",3.4,2.4,349,1005.2,27.4,29.4,0.48,5.9,225,7.4,,,,,,
Vector_CWB_FB_46714D,"2011-07-24 07:00:00",2.7,1.8,353,1004.9,27.8,29.5,0.42,5.5,225,8,,,,,,
Vector_CWB_FB_46714D,"2011-07-24 08:00:00",3.8,2.8,347,1005.3,28.1,29.6,0.46,5.7,225,7.4,,,,,,
Vector_CWB_FB_46714D,"2011-07-24 09:00:00",4.2,3.3,317,1005.5,27.9,29.7,0.53,5.8,236,6.9,,,,,,
Vector_CWB_FB_46714D,"2011-07-24 10:00:00",4.9,4.1,311,1005.5,28,29.9,0.46,5.4,225,6.9,,,,,,
Vector_CWB_FB_46714D,"2011-07-24 11:00:00",5.6,4.6,309,1005.6,28.1,29.8,0.47,5.2,236,6.1,,,,,,
Vector_CWB_FB_46714D,"2011-07-24 12:00:00",5.5,4.5,299,1005.8,28.3,29.9,0.49,5,236,6.5,,,,,,
Vector_CWB_FB_46714D,"2011-07-24 13:00:00",6.3,5.5,296,1005.2,28.2,29.7,0.47,4.6,270,6.9,,,,,,
Vector_CWB_FB_46714D,"2011-07-24 14:00:00",5.7,4.6,292,1004.8,28.1,29.6,0.54,4.4,258,7.4,,,,,,
Vector_CWB_FB_46714D,"2011-07-24 15:00:00",4.7,3.8,281,1005.1,28.3,29.7,0.54,4.6,225,6.9,,,,,,
Vector_CWB_FB_46714D,"2011-07-24 16:00:00",4.4,3.8,294,1004.6,28.3,30.2,0.33,4.6,168,6.1,,,,,,
Vector_CWB_FB_46714D,"2011-07-24 17:00:00",2.8,2,286,1003.8,28.2,30,0.35,4.8,135,6.9,,,,,,
Vector_CWB_FB_46714D,"2011-07-24 18:00:00",,,,1003.9,27.9,30,0.36,4.9,202,6.9,,,,,,
Vector_CWB_FB_46714D,"2011-07-24 19:00:00",2.5,1.9,220,1004.7,27.9,29.9,0.38,5,157,6.5,,,,,,
Vector_CWB_FB_46714D,"2011-07-24 20:00:00",1.6,1.1,289,1005.5,27.9,29.8,0.35,5,191,6.5,,,,,,
Vector_CWB_FB_46714D,"2011-07-24 21:00:00",,,,1005.8,27.6,29.6,0.37,5.1,213,6.9,,,,,,
Vector_CWB_FB_46714D,"2011-07-24 22:00:00",1.7,1.3,24,1006,27.5,29.4,0.34,4.7,202,6.1,,,,,,
Vector_CWB_FB_46714D,"2011-07-24 23:00:00",,,,1005.7,27.2,29.7,0.38,4.8,225,5.2,,,,,,
Vector_CWB_FB_46714D,"2011-07-25 00:00:00",,,,1005.2,27.3,29.8,0.37,4.7,236,6.5,,,,,,
Vector_CWB_FB_46714D,"2011-07-25 01:00:00",,,,1005.1,27.2,29.8,0.4,5,225,6.1,,,,,,
Vector_CWB_FB_46714D,"2011-07-25 02:00:00",,,,1004.7,27.3,29.5,0.33,4.8,236,5.4,,,,,,
Vector_CWB_FB_46714D,"2011-07-25 03:00:00",,,,1004.6,27.3,29.4,0.37,5.1,247,6.5,,,,,,
Vector_CWB_FB_46714D,"2011-07-25 04:00:00",1.8,1.2,24,1005.2,27,29.3,0.34,5.2,236,6.1,,,,,,
Vector_CWB_FB_46714D,"2011-07-25 05:00:00",,,,1005,26.9,29.3,0.31,4.9,225,6.1,,,,,,
Vector_CWB_FB_46714D,"2011-07-25 06:00:00",2.3,1.7,26,1005.8,26.8,29.6,0.32,4.9,236,5.8,,,,,,
Vector_CWB_FB_46714D,"2011-07-25 07:00:00",2.9,2,59,1006.1,27.1,29.6,0.33,5.1,236,6.9,,,,,,
Vector_CWB_FB_46714D,"2011-07-25 08:00:00",,,,1006.7,28.4,29.6,0.29,4.7,236,6.9,,,,,,
Vector_CWB_FB_46714D,"2011-07-25 09:00:00",4.8,2.1,21,1007.1,29.3,29.8,0.3,4.9,225,6.9,,,,,,
Vector_CWB_FB_46714D,"2011-07-25 10:00:00",,,,1007.4,29.5,30.7,0.26,4.7,225,6.5,,,,,,
Vector_CWB_FB_46714D,"2011-07-25 11:00:00",,,,1007.3,29.7,30.1,0.3,4.8,247,6.9,,,,,,
Vector_CWB_FB_46714D,"2011-07-25 12:00:00",2.9,1.8,252,1006.9,29,31,0.3,4.4,236,7.4,,,,,,
Vector_CWB_FB_46714D,"2011-07-25 13:00:00",2.5,1.5,214,1006.2,28.9,30.7,0.28,4.4,270,5.8,,,,,,
Vector_CWB_FB_46714D,"2011-07-25 14:00:00",3.4,2.3,229,1005.6,29,30.5,0.27,4.4,281,6.1,,,,,,
Vector_CWB_FB_46714D,"2011-07-25 15:00:00",3.5,2.6,201,1005,29,30.4,0.3,4.5,225,6.9,,,,,,
Vector_CWB_FB_46714D,"2011-07-25 16:00:00",3.7,2.9,187,1004.9,29,30.6,0.27,4.7,33,6.5,,,,,,
Vector_CWB_FB_46714D,"2011-07-25 17:00:00",4.2,3.6,174,1005,29,30.5,0.26,4.7,191,7.4,,,,,,
Vector_CWB_FB_46714D,"2011-07-25 18:00:00",4,3.1,172,1005.4,28.8,30.5,0.26,4.9,168,6.5,,,,,,
Vector_CWB_FB_46714D,"2011-07-25 19:00:00",4.8,3.8,170,1005.6,28.5,30.1,0.27,4.8,157,6.5,,,,,,
Vector_CWB_FB_46714D,"2011-07-25 20:00:00",4.8,3.8,169,1006.2,28.6,30.1,0.32,4,180,6.9,,,,,,
Vector_CWB_FB_46714D,"2011-07-25 21:00:00",6.1,4.9,161,1006.7,28.5,30.1,0.32,3.7,258,6.1,,,,,,
Vector_CWB_FB_46714D,"2011-07-25 22:00:00",6.7,5.4,165,1007,28.4,29.9,0.39,3.5,270,6.1,,,,,,
Vector_CWB_FB_46714D,"2011-07-25 23:00:00",8.1,6.6,151,1006.6,28.5,29.9,0.4,3.4,146,3.2,,,,,,
Vector_CWB_FB_46714D,"2011-07-26 00:00:00",7.8,6.4,163,1005.2,28.3,29.8,0.55,3.3,157,3,,,,,,
Vector_CWB_FB_46714D,"2011-07-26 01:00:00",8.3,6.4,161,1004.9,28.1,29.7,0.66,3.3,157,3.2,,,,,,
Vector_CWB_FB_46714D,"2011-07-26 02:00:00",11,8.9,163,1004,28.3,29.6,0.82,3.4,135,3.7,,,,,,
Vector_CWB_FB_46714D,"2011-07-26 03:00:00",10,7.9,136,1004,28.3,29.6,0.82,3.6,146,4.1,,,,,,
Vector_CWB_FB_46714D,"2011-07-26 04:00:00",8.7,7.3,139,1004.1,28.1,29.5,0.81,3.6,135,4.3,,,,,,
Vector_CWB_FB_46714D,"2011-07-26 05:00:00",9.8,8.1,145,1004.2,28.2,29.4,0.78,3.7,157,4.5,,,,,,
Vector_CWB_FB_46714D,"2011-07-26 06:00:00",9.6,8.1,143,1004.9,28.4,29.4,0.89,3.7,157,4.3,,,,,,
Vector_CWB_FB_46714D,"2011-07-26 07:00:00",9.6,7.5,102,1005.3,28.4,29.4,0.88,3.8,157,4.5,,,,,,
Vector_CWB_FB_46714D,"2011-07-26 08:00:00",4.6,3.2,43,1006.4,28.3,29.5,0.71,3.8,135,4.1,,,,,,
Vector_CWB_FB_46714D,"2011-07-26 09:00:00",2.2,1.4,50,1007,29,29.7,0.59,3.8,180,4.7,,,,,,
Vector_CWB_FB_46714D,"2011-07-26 10:00:00",3.2,2,69,1007.2,29.6,30,0.54,3.8,180,4.7,,,,,,
Vector_CWB_FB_46714D,"2011-07-26 11:00:00",,,,1007.4,30.5,30.6,0.49,4,180,4.5,,,,,,
Vector_CWB_FB_46714D,"2011-07-26 12:00:00",2,1.6,286,1007.2,29.5,30.8,0.43,4,168,4.7,,,,,,
Vector_CWB_FB_46714D,"2011-07-26 13:00:00",3.2,2.7,279,1006.5,29.6,30.5,0.38,4.2,180,4.3,,,,,,
Vector_CWB_FB_46714D,"2011-07-26 14:00:00",5.3,4.4,310,1005.5,29,30.3,0.44,4.4,191,4.7,,,,,,
Vector_CWB_FB_46714D,"2011-07-26 15:00:00",5.6,4.7,309,1004.8,28.8,30,0.46,4.2,157,5.4,,,,,,
Vector_CWB_FB_46714D,"2011-07-26 16:00:00",7.1,5.5,317,1004.7,28.7,29.9,0.45,4.3,157,5.4,,,,,,
Vector_CWB_FB_46714D,"2011-07-26 17:00:00",6.1,4.9,325,1004.3,28.6,29.7,0.49,4.2,157,5.8,,,,,,
Vector_CWB_FB_46714D,"2011-07-26 18:00:00",5.8,4.1,341,1004.6,28.2,29.8,0.55,4.6,146,5.2,,,,,,
Vector_CWB_FB_46714D,"2011-07-26 19:00:00",5.3,3.7,341,1005.7,28.2,29.4,0.47,4.5,135,5.4,,,,,,
Vector_CWB_FB_46714D,"2011-07-26 20:00:00",3.3,1.9,340,1005.7,28.2,29.3,0.58,4.7,135,5.4,,,,,,
Vector_CWB_FB_46714D,"2011-07-26 21:00:00",2.5,1.1,205,1005.6,28,29.2,0.61,4.8,180,9.5,,,,,,
Vector_CWB_FB_46714D,"2011-07-26 22:00:00",9.6,7.8,141,1005.2,28.7,28.9,0.71,4.5,270,7.4,,,,,,
Vector_CWB_FB_46714D,"2011-07-26 23:00:00",9.6,7.8,136,1004.9,28.8,29.6,0.85,4.3,180,4.3,,,,,,
Vector_CWB_FB_46714D,"2011-07-27 00:00:00",7.8,6,29,1005.3,27.4,29.7,0.9,5.1,157,9.5,,,,,,
Vector_CWB_FB_46714D,"2011-07-27 01:00:00",4.7,3.4,48,1005.6,27.1,29.6,1.08,5.6,157,10.4,,,,,,
Vector_CWB_FB_46714D,"2011-07-27 02:00:00",2.2,1.4,59,1004.9,27.2,29.5,1.05,5.9,168,9.5,,,,,,
Vector_CWB_FB_46714D,"2011-07-27 03:00:00",,,,1004.5,27.1,29.5,0.92,5.7,168,10.4,,,,,,
Vector_CWB_FB_46714D,"2011-07-27 04:00:00",,,,1004.8,27.1,29.6,1.14,6.7,157,11.6,,,,,,
Vector_CWB_FB_46714D,"2011-07-27 05:00:00",,,,1004.8,26.8,29.6,1.25,7.1,168,11.6,,,,,,
Vector_CWB_FB_46714D,"2011-07-27 06:00:00",,,,1005.5,27,29.6,1.1,7.1,146,11.6,,,,,,
Vector_CWB_FB_46714D,"2011-07-27 07:00:00",,,,1005.1,27.7,29.7,1.34,7.1,180,9.5,,,,,,
Vector_CWB_FB_46714D,"2011-07-27 08:00:00",3.6,2.7,272,1005.2,27.8,29.7,1.08,6.6,168,10.4,,,,,,
Vector_CWB_FB_46714D,"2011-07-27 09:00:00",3.9,2.7,301,1005.2,28.4,29.9,1.18,7,180,10.4,,,,,,
Vector_CWB_FB_46714D,"2011-07-27 10:00:00",3.8,3,303,1006.1,28.4,30,0.84,6.1,191,10.4,,,,,,
Vector_CWB_FB_46714D,"2011-07-27 11:00:00",3.8,3,294,1006,28.3,30.2,0.85,6.2,180,10.4,,,,,,
Vector_CWB_FB_46714D,"2011-07-27 12:00:00",4,3.1,284,1005.6,28.5,30.3,0.91,6.3,180,10.4,,,,,,
Vector_CWB_FB_46714D,"2011-07-27 13:00:00",4.5,3.8,284,1005.4,28.8,30.2,0.82,5.7,157,10.4,,,,,,
Vector_CWB_FB_46714D,"2011-07-27 14:00:00",4.5,3.7,295,1004.4,29,30.2,0.79,5.9,146,10.4,,,,,,
Vector_CWB_FB_46714D,"2011-07-27 15:00:00",5.3,4,308,1003.4,29,29.9,0.7,5.5,180,9.5,,,,,,
Vector_CWB_FB_46714D,"2011-07-27 16:00:00",4.9,3.7,310,1003.5,28.7,29.8,0.73,5.6,157,8,,,,,,
Vector_CWB_FB_46714D,"2011-07-27 17:00:00",5.5,4,305,1003.4,28.9,29.7,0.82,5.8,135,8,,,,,,
Vector_CWB_FB_46714D,"2011-07-27 18:00:00",6,3.9,296,1003.3,28.7,29.3,0.7,5.5,146,8.7,,,,,,
Vector_CWB_FB_46714D,"2011-07-27 19:00:00",7.3,6.5,289,1004,28.6,29.2,0.71,5.5,146,7.4,,,,,,
Vector_CWB_FB_46714D,"2011-07-27 20:00:00",2.6,1.9,250,1004.3,28.5,29.1,0.84,5.2,146,7.4,,,,,,
Vector_CWB_FB_46714D,"2011-07-27 21:00:00",3,1.9,251,1004.1,28.6,29.2,0.73,4.8,180,9.5,,,,,,
Vector_CWB_FB_46714D,"2011-07-27 22:00:00",6.6,4.3,121,1004.1,29.2,28.9,0.78,4.6,191,4.7,,,,,,
Vector_CWB_FB_46714D,"2011-07-27 23:00:00",5,3.8,109,1003.6,29.1,28.6,0.81,4.6,157,8.7,,,,,,
Vector_CWB_FB_46714D,"2011-07-28 00:00:00",6.3,4.3,110,1003.2,29.3,28.7,0.77,4.5,146,4.5,,,,,,
Vector_CWB_FB_46714D,"2011-07-28 01:00:00",9.2,7.3,127,1003.5,28.6,29.3,0.69,4.4,157,8.7,,,,,,
Vector_CWB_FB_46714D,"2011-07-28 02:00:00",6.7,5.1,112,1003.7,26.1,29.7,0.87,4.4,157,9.5,,,,,,
Vector_CWB_FB_46714D,"2011-07-28 03:00:00",6.1,4.8,112,1003,26.8,29.8,0.92,4.6,191,8.7,,,,,,
Vector_CWB_FB_46714D,"2011-07-28 04:00:00",6.2,4.4,115,1002.7,27.5,29.8,1.16,4.8,168,8.7,,,,,,
Vector_CWB_FB_46714D,"2011-07-28 05:00:00",11.3,8.6,124,1001.8,28.1,29.7,0.9,4.4,202,8,,,,,,
Vector_CWB_FB_46714D,"2011-07-28 06:00:00",12.2,9.7,141,1001.4,28.3,29.4,1.19,4.6,180,8.7,,,,,,
Vector_CWB_FB_46714D,"2011-07-28 07:00:00",11.4,9.3,126,1001.9,27.9,29.5,1.28,4.1,180,8.7,,,,,,
Vector_CWB_FB_46714D,"2011-07-28 08:00:00",8.1,6.5,104,1003.1,28.3,29.6,1.08,4.3,157,8.7,,,,,,
Vector_CWB_FB_46714D,"2011-07-28 09:00:00",3.6,2.7,71,1003.8,27.2,29.5,1.02,4.5,180,6.5,,,,,,
Vector_CWB_FB_46714D,"2011-07-28 10:00:00",4.7,3.3,44,1004,26.7,29.5,0.92,4.7,180,7.4,,,,,,
Vector_CWB_FB_46714D,"2011-07-28 11:00:00",,,,1003.6,26.8,29.5,0.81,4.9,202,8.7,,,,,,
Vector_CWB_FB_46714D,"2011-07-28 12:00:00",2.7,1.5,37,1003.5,27.4,29.5,0.86,5.6,202,9.5,,,,,,
Vector_CWB_FB_46714D,"2011-07-28 13:00:00",,,,1003.5,28.7,29.9,0.81,5.3,202,8.7,,,,,,
Vector_CWB_FB_46714D,"2011-07-28 14:00:00",2.5,1.8,300,1002.9,28.3,29.6,0.78,5.1,168,7.4,,,,,,
Vector_CWB_FB_46714D,"2011-07-28 15:00:00",2.8,1.3,328,1002.9,28.4,29.7,0.83,5.6,168,9.5,,,,,,
Vector_CWB_FB_46714D,"2011-07-28 16:00:00",2.2,1.3,260,1002.4,28.3,29.7,0.79,4.7,157,7.4,,,,,,
Vector_CWB_FB_46714D,"2011-07-28 17:00:00",10.6,7.9,122,1001.6,29,29.6,0.98,4.5,135,4.1,,,,,,
Vector_CWB_FB_46714D,"2011-07-28 18:00:00",12.2,9.5,130,1001.9,28.8,29.6,1.12,4.1,146,4.3,,,,,,
Vector_CWB_FB_46714D,"2011-07-28 19:00:00",10.8,8.3,130,1002.6,28.8,29.6,1.09,4.5,112,4.7,,,,,,
Vector_CWB_FB_46714D,"2011-07-28 20:00:00",10.8,8.6,133,1003.7,28.8,29.7,1.25,4.6,123,4.5,,,,,,
Vector_CWB_FB_46714D,"2011-07-28 21:00:00",11.2,8.8,126,1003.6,28.5,29.3,1.14,4.3,146,4.3,,,,,,
Vector_CWB_FB_46714D,"2011-07-28 22:00:00",11,8.5,131,1003.5,28.2,29.1,1.16,4.4,135,4.3,,,,,,
Vector_CWB_FB_46714D,"2011-07-28 23:00:00",9.7,7.9,128,1003.6,28.6,29.5,1.21,5,191,8.7,,,,,,
Vector_CWB_FB_46714D,"2011-07-29 00:00:00",11.5,9.1,153,1003.5,28.2,29.4,1.21,5.3,202,9.5,,,,,,
Vector_CWB_FB_46714D,"2011-07-29 01:00:00",13.4,10.7,136,1002.3,27.9,29.4,1.35,5,213,9.5,,,,,,
Vector_CWB_FB_46714D,"2011-07-29 02:00:00",11.6,9.1,144,1001.9,28,29.5,1.21,4.9,202,8.7,,,,,,
Vector_CWB_FB_46714D,"2011-07-29 03:00:00",10.3,8.4,142,1001.2,28.2,29.5,1.23,4.8,191,8,,,,,,
Vector_CWB_FB_46714D,"2011-07-29 04:00:00",9.7,7.5,137,1001,28.5,29.5,1.26,4.9,213,8.7,,,,,,
Vector_CWB_FB_46714D,"2011-07-29 05:00:00",10.4,8.3,135,1001.4,28.3,29.5,1.31,5,202,9.5,,,,,,
Vector_CWB_FB_46714D,"2011-07-29 06:00:00",7.6,6,102,1001.8,27.9,29.5,1.4,5.2,191,9.5,,,,,,
Vector_CWB_FB_46714D,"2011-07-29 07:00:00",2.8,2.1,75,1002.5,27.8,29.4,1.15,4.9,191,9.5,,,,,,
Vector_CWB_FB_46714D,"2011-07-29 08:00:00",2.2,1.4,84,1002.7,28.1,29.5,1.21,5.7,202,8.7,,,,,,
Vector_CWB_FB_46714D,"2011-07-29 09:00:00",8.8,7,133,1002.5,28.6,29.5,1.26,5.3,202,9.5,,,,,,
Vector_CWB_FB_46714D,"2011-07-29 10:00:00",9.2,7.6,139,1002.6,28.8,29.6,1.29,5.3,213,8.7,,,,,,
Vector_CWB_FB_46714D,"2011-07-29 11:00:00",10.3,8.2,148,1002.7,28.9,29.6,1.61,5.8,213,8.7,,,,,,
Vector_CWB_FB_46714D,"2011-07-29 12:00:00",9.9,7.5,137,1002.7,29.1,29.6,1.5,5.1,202,9.5,,,,,,
Vector_CWB_FB_46714D,"2011-07-29 13:00:00",9.7,7.5,147,1002.6,29.2,29.5,1.32,5.3,202,9.5,,,,,,
Vector_CWB_FB_46714D,"2011-07-29 14:00:00",9.4,7.8,163,1001.6,28.9,29.5,1.28,5.3,225,9.5,,,,,,
Vector_CWB_FB_46714D,"2011-07-29 15:00:00",9.1,7.6,178,1001.2,28.2,29.5,1.31,5.1,225,8.7,,,,,,
Vector_CWB_FB_46714D,"2011-07-29 16:00:00",7.2,5.4,40,1001.8,26.1,29.4,1.23,5.4,202,8,,,,,,
Vector_CWB_FB_46714D,"2011-07-29 17:00:00",9.1,6.5,23,1001.9,25.3,29.4,1.41,5.5,180,8,,,,,,
Vector_CWB_FB_46714D,"2011-07-29 18:00:00",9.4,6.9,14,1003.4,25,29.5,1.27,5.8,168,8.7,,,,,,
Vector_CWB_FB_46714D,"2011-07-29 19:00:00",5.6,4.2,17,1003.7,25.4,29.6,1.12,6.2,168,8.7,,,,,,
Vector_CWB_FB_46714D,"2011-07-29 20:00:00",,,,1004.1,25.2,29.5,1.03,6.4,180,8.7,,,,,,
Vector_CWB_FB_46714D,"2011-07-29 21:00:00",,,,1004.6,25.9,29.5,1.14,6.8,202,8.7,,,,,,
Vector_CWB_FB_46714D,"2011-07-29 22:00:00",,,,1004.6,26.4,29.4,1.45,7.6,213,10.4,,,,,,
Vector_CWB_FB_46714D,"2011-07-29 23:00:00",3.1,1.9,28,1004.8,26.9,28.9,1.51,7.7,213,10.4,,,,,,
Vector_CWB_FB_46714D,"2011-07-30 00:00:00",3.1,1.5,32,1004.6,26.7,29.2,1.75,8,225,9.5,,,,,,
Vector_CWB_FB_46714D,"2011-07-30 01:00:00",2.4,1.4,308,1004.6,27,29.4,1.47,7.2,225,9.5,,,,,,
Vector_CWB_FB_46714D,"2011-07-30 02:00:00",3.4,2.1,349,1004,27,28.9,1.72,7.7,202,10.4,,,,,,
Vector_CWB_FB_46714D,"2011-07-30 03:00:00",4.2,2.4,22,1003,26.4,29.2,2.04,7.8,225,9.5,,,,,,
Vector_CWB_FB_46714D,"2011-07-30 04:00:00",4.5,2.9,22,1002.5,25.7,29.2,1.7,7.6,191,10.4,,,,,,
Vector_CWB_FB_46714D,"2011-07-30 05:00:00",4.5,3.3,37,1002.6,26.1,29.5,1.37,7.2,236,10.4,,,,,,
Vector_CWB_FB_46714D,"2011-07-30 06:00:00",3.7,2.4,50,1002.7,26.1,29.5,1.76,8.2,213,10.4,,,,,,
Vector_CWB_FB_46714D,"2011-07-30 07:00:00",3.6,2.6,39,1003.1,26.6,29.4,1.42,8.2,258,11.6,,,,,,
Vector_CWB_FB_46714D,"2011-07-30 08:00:00",3.3,2,51,1003,27,29.2,1.7,8,213,9.5,,,,,,
Vector_CWB_FB_46714D,"2011-07-30 09:00:00",2.8,2,91,1003.3,27.6,29.6,1.35,7.9,213,9.5,,,,,,
Vector_CWB_FB_46714D,"2011-07-30 10:00:00",,,,1003.4,28.8,29.8,1.57,8.1,225,8.7,,,,,,
Vector_CWB_FB_46714D,"2011-07-30 11:00:00",3.2,1.9,284,1003,28.4,29.8,2.09,8.8,213,11.6,,,,,,
Vector_CWB_FB_46714D,"2011-07-30 12:00:00",3.4,2.4,270,1002.8,28.3,29.8,1.88,8.6,236,13.1,,,,,,
Vector_CWB_FB_46714D,"2011-07-30 13:00:00",4.4,3.4,291,1002.7,28.4,29.9,1.78,8.1,225,11.6,,,,,,
Vector_CWB_FB_46714D,"2011-07-30 14:00:00",4.6,3.6,293,1001.9,28.5,29.9,1.58,7.6,225,11.6,,,,,,
Vector_CWB_FB_46714D,"2011-07-30 15:00:00",4,3.2,300,1001.6,28.5,29.8,1.98,7.6,213,10.4,,,,,,
Vector_CWB_FB_46714D,"2011-07-30 16:00:00",3.8,2.9,290,1001.1,28.5,29.8,1.69,7.3,258,11.6,,,,,,
Vector_CWB_FB_46714D,"2011-07-30 17:00:00",3.7,2.8,305,1000.9,28.2,29.6,1.88,6.7,213,9.5,,,,,,
Vector_CWB_FB_46714D,"2011-07-30 18:00:00",4.2,2.9,352,1001.2,28.2,29.5,1.78,6.8,213,9.5,,,,,,
Vector_CWB_FB_46714D,"2011-07-30 19:00:00",2.2,1.4,295,1001.6,28.2,29.5,1.66,6.9,168,9.5,,,,,,
Vector_CWB_FB_46714D,"2011-07-30 20:00:00",,,,1002,28,29.5,1.39,7.2,168,10.4,,,,,,
Vector_CWB_FB_46714D,"2011-07-30 21:00:00",2.8,2.2,278,1002.9,27.7,29.5,1.64,7.7,157,9.5,,,,,,
Vector_CWB_FB_46714D,"2011-07-30 22:00:00",3.4,2.4,307,1003.6,27.8,29.4,1.4,7,213,9.5,,,,,,
Vector_CWB_FB_46714D,"2011-07-30 23:00:00",2.9,1.5,26,1003.2,27.3,29.6,1.7,7.5,225,10.4,,,,,,
Vector_CWB_FB_46714D,"2011-07-31 00:00:00",4,2.4,27,1003.1,26.7,29.6,1.47,7.4,225,10.4,,,,,,
Vector_CWB_FB_46714D,"2011-07-31 01:00:00",3.2,2.1,28,1002.9,26.9,29.5,1.69,7.7,225,10.4,,,,,,
Vector_CWB_FB_46714D,"2011-07-31 02:00:00",5.5,3.8,12,1002.1,27,29.4,1.73,7.6,213,9.5,,,,,,
Vector_CWB_FB_46714D,"2011-07-31 03:00:00",3.9,2.7,14,1001.5,26.7,29.4,1.68,7.6,202,10.4,,,,,,
Vector_CWB_FB_46714D,"2011-07-31 04:00:00",4.2,3,25,1001.3,26.5,29.4,1.43,7.3,191,9.5,,,,,,
Vector_CWB_FB_46714D,"2011-07-31 05:00:00",3,1.9,36,1001.3,26.3,29.5,1.39,7.5,191,10.4,,,,,,
Vector_CWB_FB_46714D,"2011-07-31 06:00:00",2.5,1.5,68,1001.8,26.5,29.5,1.41,7.2,213,10.4,,,,,,
Vector_CWB_FB_46714D,"2011-07-31 07:00:00",2.5,1.2,55,1002.1,26.9,29.5,1.59,7.8,202,9.5,,,,,,
Vector_CWB_FB_46714D,"2011-07-31 08:00:00",,,,1002.3,27.4,29.4,1.68,8.3,225,11.6,,,,,,
Vector_CWB_FB_46714D,"2011-07-31 09:00:00",,,,1002.7,28.4,30,1.66,8.1,225,10.4,,,,,,
Vector_CWB_FB_46714D,"2011-07-31 10:00:00",3.6,1.6,262,1002.5,28.1,30.4,1.6,8.3,225,11.6,,,,,,
Vector_CWB_FB_46714D,"2011-07-31 11:00:00",5.3,4,266,1003,28.2,30.4,1.69,8.3,225,10.4,,,,,,
Vector_CWB_FB_46714D,"2011-07-31 12:00:00",6.3,5,243,1002.7,28.6,30.9,1.57,8.1,213,10.4,,,,,,
Vector_CWB_FB_46714D,"2011-07-31 13:00:00",6.6,5.4,257,1002.4,28.7,30.9,1.73,8,191,9.5,,,,,,
Vector_CWB_FB_46714D,"2011-07-31 14:00:00",4.6,3.1,259,1001.5,28.5,30.6,1.6,7.4,202,9.5,,,,,,
Vector_CWB_FB_46714D,"2011-07-31 15:00:00",3.4,2.4,248,1001.1,28.5,31.1,1.55,7.3,247,9.5,,,,,,
Vector_CWB_FB_46714D,"2011-07-31 16:00:00",3.5,2.6,242,1000.5,28.7,30.8,1.65,7.2,236,9.5,,,,,,
Vector_CWB_FB_46714D,"2011-07-31 17:00:00",4.5,3.3,218,1000.5,28.5,30.4,1.27,6.3,213,10.4,,,,,,
Vector_CWB_FB_46714D,"2011-07-31 18:00:00",3.6,2.7,228,1000.7,28.3,30.2,1.36,6.3,236,9.5,,,,,,
Vector_CWB_FB_46714D,"2011-07-31 19:00:00",4,2.9,243,1000.6,28,30,1.45,7.2,225,9.5,,,,,,
Vector_CWB_FB_46714D,"2011-07-31 20:00:00",3.2,2.4,248,1001.3,28.1,30,1.48,7.6,202,9.5,,,,,,
Vector_CWB_FB_46714D,"2011-07-31 21:00:00",4,3,272,1001.9,28.2,30.1,1.26,7.1,202,9.5,,,,,,
Vector_CWB_FB_46714D,"2011-07-31 22:00:00",4,2.9,287,1002.6,28.1,29.4,1.37,7.6,202,10.4,,,,,,
Vector_CWB_FB_46714D,"2011-07-31 23:00:00",4,2.8,331,1002.7,27.9,29.8,1.35,7.2,213,10.4,,,,,,
Vector_CWB_FB_46714D,"2011-08-01 00:00:00",5,3.3,347,1002.2,27.8,29.9,1.68,7.5,225,11.6,,,,,,
Vector_CWB_FB_46714D,"2011-08-01 01:00:00",6,4.3,21,1002,26.9,29.6,1.7,7.7,225,10.4,,,,,,
Vector_CWB_FB_46714D,"2011-08-01 02:00:00",4.2,2.5,11,1001.4,26.8,29.9,1.54,7.7,202,10.4,,,,,,
Vector_CWB_FB_46714D,"2011-08-01 03:00:00",2.6,1.5,14,1000.8,26.8,29.9,1.36,7.2,225,8.7,,,,,,
Vector_CWB_FB_46714D,"2011-08-01 04:00:00",3.1,2.2,35,1001.2,27.1,29.9,1.47,7.3,213,10.4,,,,,,
Vector_CWB_FB_46714D,"2011-08-01 05:00:00",,,,1000.6,26.8,29.7,1.42,7,258,10.4,,,,,,
Vector_CWB_FB_46714D,"2011-08-01 06:00:00",2.7,1.8,55,1001.1,26.8,29.6,1.28,7.3,236,10.4,,,,,,
Vector_CWB_FB_46714D,"2011-08-01 07:00:00",2.9,1.9,44,1001.4,27.1,29.6,1.24,6.7,247,10.4,,,,,,
Vector_CWB_FB_46714D,"2011-08-01 08:00:00",2.3,1.2,77,1001,27.9,29.5,1.15,7.3,236,9.5,,,,,,
Vector_CWB_FB_46714D,"2011-08-01 09:00:00",2.3,1.3,72,1001.9,27.5,29.7,1.09,7.6,191,9.5,,,,,,
Vector_CWB_FB_46714D,"2011-08-01 10:00:00",5.3,4.4,126,1002.5,28,30,1.06,7.8,202,11.6,,,,,,
Vector_CWB_FB_46714D,"2011-08-01 11:00:00",5.1,2.5,266,1002.8,28.4,30.3,1.14,7.6,225,11.6,,,,,,
Vector_CWB_FB_46714D,"2011-08-01 12:00:00",3.2,2.4,264,1002.8,28.7,30.2,1.11,7.8,180,10.4,,,,,,
Vector_CWB_FB_46714D,"2011-08-01 13:00:00",4,3.1,299,1002.1,28.9,30.4,1.3,8,225,10.4,,,,,,
Vector_CWB_FB_46714D,"2011-08-01 14:00:00",3.8,3,287,1001.8,28.8,30.2,1.29,7.6,191,10.4,,,,,,
Vector_CWB_FB_46714D,"2011-08-01 15:00:00",3.1,2.3,285,1001.5,28.6,30.2,1.29,7.6,202,8.7,,,,,,
Vector_CWB_FB_46714D,"2011-08-01 16:00:00",3,2.3,282,1000.8,28.5,30.3,1.02,6.9,213,8.7,,,,,,
Vector_CWB_FB_46714D,"2011-08-01 17:00:00",4.3,3.2,305,1000.6,28.1,30.1,1.11,6.9,236,9.5,,,,,,
Vector_CWB_FB_46714D,"2011-08-01 18:00:00",4.2,3.2,309,1000.8,28.1,29.8,1.09,6.6,213,9.5,,,,,,
Vector_CWB_FB_46714D,"2011-08-01 19:00:00",6.4,5.1,314,1001.2,28,29.8,0.98,6.3,191,10.4,,,,,,
Vector_CWB_FB_46714D,"2011-08-01 20:00:00",3.4,2.1,330,1002.1,28,29.8,0.9,7.1,123,10.4,,,,,,
Vector_CWB_FB_46714D,"2011-08-01 21:00:00",3.5,2.8,317,1002.6,28,29.6,1.03,7.4,146,10.4,,,,,,
Vector_CWB_FB_46714D,"2011-08-01 22:00:00",2.1,1.3,318,1003.3,27.8,29.3,0.69,6.7,157,10.4,,,,,,
Vector_CWB_FB_46714D,"2011-08-01 23:00:00",2.5,1.7,343,1003.3,27.9,29.1,0.87,7,213,9.5,,,,,,
Vector_CWB_FB_46714D,"2011-08-02 00:00:00",2.4,1.6,355,1003.3,27.5,29.2,1.13,7.4,225,10.4,,,,,,
Vector_CWB_FB_46714D,"2011-08-02 01:00:00",2.3,1.4,7,1002.9,27.6,29.4,1.13,7.4,213,9.5,,,,,,
Vector_CWB_FB_46714D,"2011-08-02 02:00:00",3.2,2.3,359,1002.3,27.5,29.5,1.17,7.5,236,9.5,,,,,,
Vector_CWB_FB_46714D,"2011-08-02 03:00:00",4.4,3,341,1002.1,27.6,29.5,1.11,7.6,213,9.5,,,,,,
Vector_CWB_FB_46714D,"2011-08-02 04:00:00",3.1,2.2,44,1002,27.5,29.5,0.99,7.1,202,8.7,,,,,,
Vector_CWB_FB_46714D,"2011-08-02 05:00:00",2.4,1.4,29,1002.6,27.1,29.5,1.04,7.1,202,10.4,,,,,,
Vector_CWB_FB_46714D,"2011-08-02 06:00:00",3.4,2.2,11,1002.9,27,29.5,1.09,7.1,213,9.5,,,,,,
Vector_CWB_FB_46714D,"2011-08-02 07:00:00",2.8,2,33,1002.8,27,29.5,1.02,7.3,236,9.5,,,,,,
Vector_CWB_FB_46714D,"2011-08-02 08:00:00",4.1,2.7,13,1002.9,27.5,29.6,0.99,7.1,213,10.4,,,,,,
Vector_CWB_FB_46714D,"2011-08-02 09:00:00",4.4,2.1,343,1003.5,27.9,29.7,0.89,7,213,11.6,,,,,,
Vector_CWB_FB_46714D,"2011-08-02 10:00:00",4,2.7,337,1004,28.6,29.8,0.87,7.3,213,10.4,,,,,,
Vector_CWB_FB_46714D,"2011-08-02 11:00:00",4.1,2.8,302,1003.8,29,30,0.93,7.6,202,10.4,,,,,,
Vector_CWB_FB_46714D,"2011-08-02 12:00:00",4,3.2,287,1004.3,29.2,30.2,0.94,7.8,213,9.5,,,,,,
Vector_CWB_FB_46714D,"2011-08-02 13:00:00",4,3.1,280,1003.5,29.2,30.1,0.88,7.6,202,10.4,,,,,,
Vector_CWB_FB_46714D,"2011-08-02 14:00:00",4.3,3.5,282,1004.4,29.6,30.4,0.99,7.3,191,8,,,,,,
Vector_CWB_FB_46714D,"2011-08-02 15:00:00",4.4,3.5,283,1002.7,29.2,30.1,1.16,7.5,202,9.5,,,,,,
Vector_CWB_FB_46714D,"2011-08-02 16:00:00",3.8,2.9,291,1002.5,28.7,29.9,0.86,6.8,236,9.5,,,,,,
Vector_CWB_FB_46714D,"2011-08-02 17:00:00",3.5,2.7,295,1002.2,28.4,29.9,0.98,6.8,225,9.5,,,,,,
Vector_CWB_FB_46714D,"2011-08-02 18:00:00",2.4,1.8,296,1001.9,28.1,29.7,0.9,6.4,247,8,,,,,,
Vector_CWB_FB_46714D,"2011-08-02 19:00:00",,,,1002.5,28,29.5,0.75,5.8,202,8.7,,,,,,
Vector_CWB_FB_46714D,"2011-08-02 20:00:00",,,,1003,27.9,29.4,0.76,6.4,236,8.7,,,,,,
Vector_CWB_FB_46714D,"2011-08-02 21:00:00",,,,1003.6,28,29.8,0.64,6.6,191,9.5,,,,,,
Vector_CWB_FB_46714D,"2011-08-02 22:00:00",1.6,1.1,267,1004,28.1,29.9,0.6,6.6,168,8.7,,,,,,
Vector_CWB_FB_46714D,"2011-08-02 23:00:00",2.5,1.8,265,1004.7,28.1,29.8,0.67,6.9,191,8,,,,,,
Vector_CWB_FB_46714D,"2011-08-03 00:00:00",3.1,2.3,262,1004.2,27.9,29.2,0.6,6.7,191,8.7,,,,,,
Vector_CWB_FB_46714D,"2011-08-03 01:00:00",4.6,3.3,296,1004.1,27.9,29.6,0.87,7.1,213,8.7,,,,,,
Vector_CWB_FB_46714D,"2011-08-03 02:00:00",4.7,3.8,294,1003.2,27.8,29.7,0.77,7.2,225,8.7,,,,,,
Vector_CWB_FB_46714D,"2011-08-03 03:00:00",3.8,2.9,303,1003.3,27.7,29.6,0.76,6.7,225,8.7,,,,,,
Vector_CWB_FB_46714D,"2011-08-03 04:00:00",,,,1003.1,26.3,29.5,0.85,6.7,213,8,,,,,,
Vector_CWB_FB_46714D,"2011-08-03 05:00:00",3.2,2.5,76,1003,25.5,29.2,0.68,6.2,202,9.5,,,,,,
Vector_CWB_FB_46714D,"2011-08-03 06:00:00",2.1,1.3,33,1003,26.4,29.2,0.75,6.4,236,8,,,,,,
Vector_CWB_FB_46714D,"2011-08-03 07:00:00",4.1,3,15,1003.4,26.9,29.4,0.62,6.5,213,9.5,,,,,,
Vector_CWB_FB_46714D,"2011-08-03 08:00:00",4.5,3.2,341,1002.9,27.2,29.7,0.63,6.4,191,8.7,,,,,,
Vector_CWB_FB_46714D,"2011-08-03 09:00:00",5.8,3.7,329,1002.8,27.8,29.7,0.63,6.3,202,8,,,,,,
Vector_CWB_FB_46714D,"2011-08-03 10:00:00",6.1,4.6,320,1002.9,28.1,29.8,0.6,5.9,225,8,,,,,,
Vector_CWB_FB_46714D,"2011-08-03 11:00:00",5.7,4.3,321,1002.7,28.2,30.1,0.57,6.2,225,9.5,,,,,,
Vector_CWB_FB_46714D,"2011-08-03 12:00:00",6.2,5.4,311,1001.8,27.8,30.2,0.56,5.5,213,8.7,,,,,,
Vector_CWB_FB_46714D,"2011-08-03 13:00:00",6.2,5.2,310,1001.3,28,30.2,0.54,5.4,202,8.7,,,,,,
Vector_CWB_FB_46714D,"2011-08-03 14:00:00",7.3,6,309,1000.5,28.1,30.1,0.6,4.9,191,7.4,,,,,,
Vector_CWB_FB_46714D,"2011-08-03 15:00:00",7.2,5.6,309,999.2,27.9,29.8,0.67,4.5,180,8.7,,,,,,
Vector_CWB_FB_46714D,"2011-08-03 16:00:00",6.7,5.7,300,999.1,27.7,29.9,0.64,4.8,202,8.7,,,,,,
Vector_CWB_FB_46714D,"2011-08-03 17:00:00",5.9,4.4,303,999.2,27.6,29.8,0.66,5,225,8,,,,,,
Vector_CWB_FB_46714D,"2011-08-03 18:00:00",4.1,2.9,310,999.4,27.7,29.7,0.69,5.1,225,8,,,,,,
Vector_CWB_FB_46714D,"2011-08-03 19:00:00",3.3,2.5,310,999.8,27.5,29.6,0.71,5.2,247,8.7,,,,,,
Vector_CWB_FB_46714D,"2011-08-03 20:00:00",3.6,2.8,308,1000.2,27.5,29.8,0.64,4.8,225,8,,,,,,
Vector_CWB_FB_46714D,"2011-08-03 21:00:00",5,4,308,1000.7,27.5,29.8,0.48,5.1,202,7.4,,,,,,
Vector_CWB_FB_46714D,"2011-08-03 22:00:00",4,2.6,329,1000.9,27.5,29.8,0.5,5.4,191,8,,,,,,
Vector_CWB_FB_46714D,"2011-08-03 23:00:00",4.5,3.6,308,1000.7,27.5,30,0.5,5.5,157,8,,,,,,
Vector_CWB_FB_46714D,"2011-08-04 00:00:00",3.8,2.8,318,1000.5,27.4,29.5,0.48,6.1,180,8,,,,,,
Vector_CWB_FB_46714D,"2011-08-04 01:00:00",5.3,4.1,314,1000.4,27.4,29.4,0.45,5.7,180,7.4,,,,,,
Vector_CWB_FB_46714D,"2011-08-04 02:00:00",4.8,3.5,306,999.4,27.4,29.7,0.41,5.1,168,8,,,,,,
Vector_CWB_FB_46714D,"2011-08-04 03:00:00",4.8,3.7,309,999.3,27.2,29.3,0.56,5.8,213,7.4,,,,,,
Vector_CWB_FB_46714D,"2011-08-04 04:00:00",4.4,2.8,329,999,27.1,29.4,0.56,5.9,213,6.9,,,,,,
Vector_CWB_FB_46714D,"2011-08-04 05:00:00",6.6,4.9,356,998.9,26.9,29.4,0.6,6.1,213,8,,,,,,
Vector_CWB_FB_46714D,"2011-08-04 06:00:00",5.7,4.1,358,999.2,26.6,29.4,0.49,5.6,213,6.9,,,,,,
Vector_CWB_FB_46714D,"2011-08-04 07:00:00",5.6,4,3,999.4,26.8,29.5,0.54,5.5,225,7.4,,,,,,
Vector_CWB_FB_46714D,"2011-08-04 08:00:00",6.2,4,357,999.3,27.3,29.4,0.5,5.1,225,7.4,,,,,,
Vector_CWB_FB_46714D,"2011-08-04 09:00:00",6.6,3.5,340,999.6,28,29.5,0.62,5.8,225,7.4,,,,,,
Vector_CWB_FB_46714D,"2011-08-04 10:00:00",7.1,5.5,311,999.4,28.4,29.8,0.63,5.4,202,8,,,,,,
Vector_CWB_FB_46714D,"2011-08-04 11:00:00",7,6,292,999,28.2,29.8,0.7,4.6,225,7.4,,,,,,
Vector_CWB_FB_46714D,"2011-08-04 12:00:00",7,5.8,303,998.4,28,30,0.59,4.7,225,7.4,,,,,,
Vector_CWB_FB_46714D,"2011-08-04 13:00:00",7.4,5.9,289,997.9,28.1,29.9,0.61,4.4,213,6.9,,,,,,
Vector_CWB_FB_46714D,"2011-08-04 14:00:00",7.7,6.5,285,997.7,28.2,30,0.56,4.2,191,7.4,,,,,,
Vector_CWB_FB_46714D,"2011-08-04 15:00:00",8,6.6,288,997,28.2,29.8,0.6,4.2,168,7.4,,,,,,
Vector_CWB_FB_46714D,"2011-08-04 16:00:00",8,6.6,297,996.7,28.2,29.5,0.56,4.1,191,6.1,,,,,,
Vector_CWB_FB_46714D,"2011-08-04 17:00:00",7.1,5.8,296,996.4,28.1,29.7,0.62,4.3,202,5.8,,,,,,
Vector_CWB_FB_46714D,"2011-08-04 18:00:00",7.4,6.2,301,996.9,28,29.6,0.65,4.2,213,6.5,,,,,,
Vector_CWB_FB_46714D,"2011-08-04 19:00:00",6.6,5.4,315,997.2,27.9,29.6,0.68,4.4,258,5.8,,,,,,
Vector_CWB_FB_46714D,"2011-08-04 20:00:00",6,5,315,997.9,27.9,29.5,0.73,4.3,247,5.4,,,,,,
Vector_CWB_FB_46714D,"2011-08-04 21:00:00",5.2,4,315,998.1,27.8,29.5,0.74,4.4,258,5.2,,,,,,
Vector_CWB_FB_46714D,"2011-08-04 22:00:00",6,5,310,998.7,27.7,29.5,0.68,4.3,236,5.8,,,,,,
Vector_CWB_FB_46714D,"2011-08-04 23:00:00",7.1,5.4,321,998.1,27.7,29.7,0.7,4.7,258,5.4,,,,,,
Vector_CWB_FB_46714D,"2011-08-05 00:00:00",7.3,5.7,321,997.7,27.5,29.6,0.67,4.6,191,6.1,,,,,,
Vector_CWB_FB_46714D,"2011-08-05 01:00:00",7.8,5.9,316,997.3,27.4,29.4,0.64,4.6,236,6.1,,,,,,
Vector_CWB_FB_46714D,"2011-08-05 02:00:00",6.4,5.1,317,996,27.1,28.7,0.77,4.4,247,6.1,,,,,,
Vector_CWB_FB_46714D,"2011-08-05 03:00:00",6.4,4.9,299,995.7,27.2,29.2,0.79,4.8,225,6.1,,,,,,
Vector_CWB_FB_46714D,"2011-08-05 04:00:00",8.1,6.1,321,995.6,27.1,29.1,0.8,4.5,213,6.9,,,,,,
Vector_CWB_FB_46714D,"2011-08-05 05:00:00",9.5,7.5,318,995.9,27.3,29,0.97,4.8,247,5.8,,,,,,
Vector_CWB_FB_46714D,"2011-08-05 06:00:00",10.1,6.8,333,995.7,27.2,29,0.89,4.6,247,5.8,,,,,,
Vector_CWB_FB_46714D,"2011-08-05 07:00:00",6,4.2,333,996.1,27.4,29,0.98,4.7,247,5.8,,,,,,
Vector_CWB_FB_46714D,"2011-08-05 08:00:00",9.2,5.5,333,996.5,27.8,29,0.98,4.9,247,5.8,,,,,,
Vector_CWB_FB_46714D,"2011-08-05 09:00:00",9.1,7.4,322,996.6,27.6,29.1,0.85,4.7,270,5.4,,,,,,
Vector_CWB_FB_46714D,"2011-08-05 10:00:00",10.5,8.3,315,996.7,27.7,29.3,0.94,4.7,270,5.4,,,,,,
Vector_CWB_FB_46714D,"2011-08-05 11:00:00",10.5,8.1,315,996.5,27.8,29.4,0.81,4.3,258,5.8,,,,,,
Vector_CWB_FB_46714D,"2011-08-05 12:00:00",9.6,7.8,309,995.9,27.7,29.4,0.72,4.4,281,5.4,,,,,,
Vector_CWB_FB_46714D,"2011-08-05 13:00:00",10.8,8.3,308,995.6,27.8,29.3,0.7,4.2,270,5.4,,,,,,
Vector_CWB_FB_46714D,"2011-08-05 14:00:00",10.7,8.8,309,995,27.9,29.3,0.93,4.1,281,4.9,,,,,,
Vector_CWB_FB_46714D,"2011-08-05 15:00:00",11.4,9.1,307,994.3,27.7,29,0.91,4.2,270,5.2,,,,,,
Vector_CWB_FB_46714D,"2011-08-05 16:00:00",11.4,9.3,315,993.9,27.9,29,1,4.2,258,5.4,,,,,,
Vector_CWB_FB_46714D,"2011-08-05 17:00:00",10.6,8.8,312,993.8,27.9,29.1,0.94,4.3,258,5.2,,,,,,
Vector_CWB_FB_46714D,"2011-08-05 18:00:00",11.9,8.9,308,994.2,27.7,29.1,0.91,4.2,236,5.2,,,,,,
Vector_CWB_FB_46714D,"2011-08-05 19:00:00",10.4,8.5,309,994.5,27.6,29.1,0.89,4,281,4.7,,,,,,
Vector_CWB_FB_46714D,"2011-08-05 20:00:00",11,8.8,317,994.8,27.5,29,0.91,4.3,292,5.2,,,,,,
Vector_CWB_FB_46714D,"2011-08-05 21:00:00",11.1,8.5,316,995.3,27.4,28.5,0.88,4.1,258,4.7,,,,,,
Vector_CWB_FB_46714D,"2011-08-05 22:00:00",9.4,7.2,320,995.9,27.3,28.4,0.9,4.2,247,4.9,,,,,,
Vector_CWB_FB_46714D,"2011-08-05 23:00:00",8.5,6.7,320,995.6,27.3,28.3,0.85,4.1,270,5.2,,,,,,
Vector_CWB_FB_46714D,"2011-08-06 00:00:00",8.7,6.8,315,995.2,27.7,28.9,0.67,4,270,4.7,,,,,,
Vector_CWB_FB_46714D,"2011-08-06 01:00:00",7.8,6,316,994.7,27.6,28.5,0.64,4,258,5.2,,,,,,
Vector_CWB_FB_46714D,"2011-08-06 02:00:00",8.6,6.4,328,994.2,27.6,28.9,0.62,4.3,270,4.7,,,,,,
Vector_CWB_FB_46714D,"2011-08-06 03:00:00",9.2,7.2,323,993.8,27.6,28.6,0.69,4.3,270,4.9,,,,,,
Vector_CWB_FB_46714D,"2011-08-06 04:00:00",10.2,8.3,322,993.6,27.5,28.5,0.81,4.2,247,4.9,,,,,,
Vector_CWB_FB_46714D,"2011-08-06 05:00:00",10.1,7.7,324,994.1,27.4,28.6,0.91,4.4,247,5.2,,,,,,
Vector_CWB_FB_46714D,"2011-08-06 06:00:00",9.5,6.7,333,994.7,27.3,28.4,0.79,4.3,258,4.1,,,,,,
Vector_CWB_FB_46714D,"2011-08-06 07:00:00",8.3,6.3,321,995.8,27.3,28.4,0.68,4.4,247,4.7,,,,,,
Vector_CWB_FB_46714D,"2011-08-06 08:00:00",7,5.4,321,995.8,27.4,28.2,0.77,4.5,270,4.7,,,,,,
Vector_CWB_FB_46714D,"2011-08-06 09:00:00",8,6.3,311,996.4,27.5,28.4,0.75,4.6,225,6.5,,,,,,
Vector_CWB_FB_46714D,"2011-08-06 10:00:00",8.2,6.9,312,996.3,27.7,28.5,0.85,4.7,225,5.8,,,,,,
Vector_CWB_FB_46714D,"2011-08-06 11:00:00",7.3,6,310,996.5,27.9,28.6,0.99,4.6,247,6.1,,,,,,
Vector_CWB_FB_46714D,"2011-08-06 12:00:00",7.9,6.7,309,996.4,28,28.7,1,4.6,258,5.8,,,,,,
Vector_CWB_FB_46714D,"2011-08-06 13:00:00",7.8,6.6,300,996,27.9,28.7,0.83,4.1,258,4.5,,,,,,
Vector_CWB_FB_46714D,"2011-08-06 14:00:00",7.5,6.3,291,995.6,28,28.7,0.75,4.2,213,6.1,,,,,,
Vector_CWB_FB_46714D,"2011-08-06 15:00:00",6.5,5.6,295,995.7,27.9,28.6,0.8,4.4,180,6.1,,,,,,
Vector_CWB_FB_46714D,"2011-08-06 16:00:00",5,4.1,307,995.6,28,28.6,0.78,4.7,168,6.5,,,,,,
Vector_CWB_FB_46714D,"2011-08-06 17:00:00",4.8,3.7,304,995.6,27.9,28.5,0.83,4.6,191,6.5,,,,,,
Vector_CWB_FB_46714D,"2011-08-06 18:00:00",3.4,2.5,314,996.2,27.8,28.6,0.88,4.7,202,6.5,,,,,,
Vector_CWB_FB_46714D,"2011-08-06 19:00:00",2.7,1.7,338,996.2,27.5,28.6,0.89,4.8,225,6.1,,,,,,
Vector_CWB_FB_46714D,"2011-08-06 20:00:00",,,,997.6,27.5,28.6,0.86,4.9,247,6.1,,,,,,
Vector_CWB_FB_46714D,"2011-08-06 21:00:00",,,,998.1,27.4,28.7,0.97,4.7,247,6.9,,,,,,
Vector_CWB_FB_46714D,"2011-08-06 22:00:00",2.2,1.6,290,998.7,27.5,28.6,0.95,4.6,236,6.1,,,,,,
Vector_CWB_FB_46714D,"2011-08-06 23:00:00",,,,998.7,27.5,28.7,0.86,4.5,225,6.5,,,,,,
Vector_CWB_FB_46714D,"2011-08-07 00:00:00",,,,998.1,27.2,28.4,0.8,4.5,146,7.4,,,,,,
Vector_CWB_FB_46714D,"2011-08-07 01:00:00",2.2,1.6,265,997.9,27.3,28.1,0.77,4.9,168,6.9,,,,,,
Vector_CWB_FB_46714D,"2011-08-07 02:00:00",3.6,2.7,244,997.5,27.5,28.4,0.92,5.2,135,6.9,,,,,,
Vector_CWB_FB_46714D,"2011-08-07 03:00:00",2.4,1.9,254,997.3,27.5,28.4,0.9,5.5,146,6.9,,,,,,
Vector_CWB_FB_46714D,"2011-08-07 04:00:00",3.6,2.2,233,997.9,27.5,28.4,0.82,5.4,180,7.4,,,,,,
Vector_CWB_FB_46714D,"2011-08-07 05:00:00",3,2.2,260,998.1,27.6,28.5,1.01,5.3,213,6.9,,,,,,
Vector_CWB_FB_46714D,"2011-08-07 06:00:00",2.8,1.8,270,998.9,27.4,28.3,1.21,5.5,202,6.9,,,,,,
Vector_CWB_FB_46714D,"2011-08-07 07:00:00",1.7,1.1,277,999.8,27.8,28.6,1.2,5.4,202,7.4,,,,,,
Vector_CWB_FB_46714D,"2011-08-07 08:00:00",,,,1000.6,28,28.8,1.18,5.4,236,6.5,,,,,,
Vector_CWB_FB_46714D,"2011-08-07 09:00:00",5.4,4,228,1000.9,27.4,28.8,1.32,5.5,180,8.7,,,,,,
Vector_CWB_FB_46714D,"2011-08-07 10:00:00",4.5,3.3,210,1001,27.5,28.8,1.35,5.4,202,6.5,,,,,,
Vector_CWB_FB_46714D,"2011-08-07 11:00:00",3,1.9,182,1001.1,27.6,28.8,1.42,5.5,202,8,,,,,,
Vector_CWB_FB_46714D,"2011-08-07 12:00:00",4.7,3.1,28,1000.7,27,28.9,1.25,5.3,202,8.7,,,,,,
Vector_CWB_FB_46714D,"2011-08-07 13:00:00",5.2,3.1,32,1000.6,26,28.7,1.49,5.8,225,9.5,,,,,,
Vector_CWB_FB_46714D,"2011-08-07 14:00:00",2.2,1.4,56,1000.3,26.6,28.7,1.18,5.4,202,7.4,,,,,,
Vector_CWB_FB_46714D,"2011-08-07 15:00:00",,,,999.6,27.8,29,1.2,5.8,180,8,,,,,,
Vector_CWB_FB_46714D,"2011-08-07 16:00:00",2.7,1.8,114,999.2,27.5,28.9,1.33,6.2,157,7.4,,,,,,
Vector_CWB_FB_46714D,"2011-08-07 17:00:00",3.1,2.3,204,999,28,29,1.26,5.8,213,8,,,,,,
Vector_CWB_FB_46714D,"2011-08-07 18:00:00",3.9,3.1,201,999.8,27.9,28.8,1.27,5.5,191,8,,,,,,
Vector_CWB_FB_46714D,"2011-08-07 19:00:00",4.4,3.4,216,1000.7,27.7,28.7,1.37,5.7,202,8.7,,,,,,
Vector_CWB_FB_46714D,"2011-08-07 20:00:00",3.6,2.8,198,1001.5,27.5,28.6,1.34,5.7,168,8,,,,,,
Vector_CWB_FB_46714D,"2011-08-07 21:00:00",3.5,2.4,218,1002.2,27.8,28.5,1.39,5.8,202,8,,,,,,
Vector_CWB_FB_46714D,"2011-08-07 22:00:00",3.2,2.2,220,1002.8,27.5,28.6,1.35,5.6,191,8.7,,,,,,
Vector_CWB_FB_46714D,"2011-08-07 23:00:00",2.4,1.5,197,1002.5,27.4,28.5,1.41,5.4,202,7.4,,,,,,
Vector_CWB_FB_46714D,"2011-08-08 00:00:00",4.3,3.3,205,1002.1,27.6,28.5,1.34,5.7,191,8.7,,,,,,
Vector_CWB_FB_46714D,"2011-08-08 01:00:00",3.3,2.6,192,1001.7,27.4,28.6,1.34,6,191,8.7,,,,,,
Vector_CWB_FB_46714D,"2011-08-08 02:00:00",2.4,1.8,166,1001.4,27.4,28.6,1.39,6.1,180,9.5,,,,,,
Vector_CWB_FB_46714D,"2011-08-08 03:00:00",3.2,2.4,193,1001.5,27.3,28.6,1.2,5.8,157,8.7,,,,,,
Vector_CWB_FB_46714D,"2011-08-08 04:00:00",6,4.7,193,1001.7,26.9,29.2,1.46,6.1,135,8,,,,,,
Vector_CWB_FB_46714D,"2011-08-08 05:00:00",5.1,3.9,190,1001.9,27.3,28.7,1.42,5.8,146,8,,,,,,
Vector_CWB_FB_46714D,"2011-08-08 06:00:00",4.4,3.4,194,1002.2,27.4,28.6,1.28,5.6,225,8,,,,,,
Vector_CWB_FB_46714D,"2011-08-08 07:00:00",5.1,4.1,180,1002.5,27.3,28.5,1.31,5.9,191,8,,,,,,
Vector_CWB_FB_46714D,"2011-08-08 08:00:00",4.7,3.5,154,1003.2,27.3,28.7,1.6,6.4,225,8.7,,,,,,
Vector_CWB_FB_46714D,"2011-08-08 09:00:00",5.8,4.4,169,1003.4,27.5,28.6,1.48,5.9,168,8.7,,,,,,
Vector_CWB_FB_46714D,"2011-08-08 10:00:00",6.9,5.4,175,1003.6,27.8,28.8,1.67,6.4,225,8.7,,,,,,
Vector_CWB_FB_46714D,"2011-08-08 11:00:00",7.9,6,181,1003.6,27.8,28.9,1.93,6.5,213,8.7,,,,,,
Vector_CWB_FB_46714D,"2011-08-08 12:00:00",8.8,6.2,173,1003.7,27.4,29,1.97,6.5,225,8.7,,,,,,
Vector_CWB_FB_46714D,"2011-08-08 13:00:00",8,6.5,180,1003.3,27.9,29.1,1.79,6.3,270,9.5,,,,,,
Vector_CWB_FB_46714D,"2011-08-08 14:00:00",7.4,6.1,182,1003,28,29.1,1.78,6,213,9.5,,,,,,
Vector_CWB_FB_46714D,"2011-08-08 15:00:00",10,7.9,161,1002.6,26.8,29,1.94,6.1,225,9.5,,,,,,
Vector_CWB_FB_46714D,"2011-08-08 16:00:00",7.7,6,153,1002.3,26.8,29.5,2.03,6.2,202,9.5,,,,,,
Vector_CWB_FB_46714D,"2011-08-08 17:00:00",9.3,7.3,166,1002,27.2,29.1,1.85,6,236,8.7,,,,,,
Vector_CWB_FB_46714D,"2011-08-08 18:00:00",7.8,6.3,168,1002.1,27,28.9,1.89,6.6,225,9.5,,,,,,
Vector_CWB_FB_46714D,"2011-08-08 19:00:00",7,5.7,172,1002.8,27.2,29,1.82,6.3,236,8.7,,,,,,
Vector_CWB_FB_46714D,"2011-08-08 20:00:00",6.4,5.2,162,1003.4,27.2,29,1.85,6.5,236,8.7,,,,,,
Vector_CWB_FB_46714D,"2011-08-08 21:00:00",7,5.3,174,1004,27.3,29,1.74,5.9,202,8,,,,,,
Vector_CWB_FB_46714D,"2011-08-08 22:00:00",6.9,5.2,175,1004.1,26.6,28.9,1.73,6.1,225,8.7,,,,,,
Vector_CWB_FB_46714D,"2011-08-08 23:00:00",5.6,4.4,146,1004.3,26,28.8,1.69,6.1,258,8.7,,,,,,
Vector_CWB_FB_46714D,"2011-08-09 00:00:00",6.5,5.2,141,1003.6,26.6,28.8,1.59,5.9,247,9.5,,,,,,
Vector_CWB_FB_46714D,"2011-08-09 01:00:00",6.5,5.2,152,1003,26.7,28.4,1.76,6.2,258,8.7,,,,,,
Vector_CWB_FB_46714D,"2011-08-09 02:00:00",6.2,4.7,151,1002.8,26.6,28.3,1.83,6.1,236,9.5,,,,,,
Vector_CWB_FB_46714D,"2011-08-09 03:00:00",5.3,4.1,144,1002.6,26.8,28.5,1.78,6.2,225,8.7,,,,,,
Vector_CWB_FB_46714D,"2011-08-09 04:00:00",4.8,3.7,128,1003.2,27.1,28.5,1.46,6.2,213,9.5,,,,,,
Vector_CWB_FB_46714D,"2011-08-09 05:00:00",5.2,3.8,150,1003.6,26.4,29.2,1.65,6.4,157,9.5,,,,,,
Vector_CWB_FB_46714D,"2011-08-09 06:00:00",6.1,4.5,128,1003.9,26.5,29.2,1.47,6.2,180,8,,,,,,
Vector_CWB_FB_46714D,"2011-08-09 07:00:00",7.2,5.9,121,1004,26.1,28.6,1.47,6,213,8.7,,,,,,
Vector_CWB_FB_46714D,"2011-08-09 08:00:00",6.6,4.8,134,1004.5,26.9,28.8,1.48,6.4,225,9.5,,,,,,
Vector_CWB_FB_46714D,"2011-08-09 09:00:00",5.3,4.3,136,1004.2,27.2,29.2,1.37,6.1,202,8,,,,,,
Vector_CWB_FB_46714D,"2011-08-09 10:00:00",5.7,4.6,155,1004.8,27.4,29.3,1.49,6.7,225,8.7,,,,,,
Vector_CWB_FB_46714D,"2011-08-09 11:00:00",8.1,6.4,172,1004.7,26.8,29.3,1.87,6.7,236,8,,,,,,
Vector_CWB_FB_46714D,"2011-08-09 12:00:00",8.5,7,149,1004.9,26.9,29.4,1.83,5.9,247,8.7,,,,,,
Vector_CWB_FB_46714D,"2011-08-09 13:00:00",7.5,6.3,159,1004.2,27,29.4,1.83,6.2,247,9.5,,,,,,
Vector_CWB_FB_46714D,"2011-08-09 14:00:00",6.4,5.1,166,1003.6,27.3,29.4,1.72,5.8,247,8.7,,,,,,
Vector_CWB_FB_46714D,"2011-08-09 15:00:00",7.9,6.3,171,1003.1,26.8,29.2,1.83,6.3,236,8.7,,,,,,
Vector_CWB_FB_46714D,"2011-08-09 16:00:00",6.4,5,154,1002.8,27,29.2,1.77,6.1,247,8.7,,,,,,
Vector_CWB_FB_46714D,"2011-08-09 17:00:00",5.9,4.4,154,1003.5,27.7,29.6,1.48,5.8,191,8.7,,,,,,
Vector_CWB_FB_46714D,"2011-08-09 18:00:00",5.8,4.3,143,1003.7,27.5,29.6,1.25,5.7,191,9.5,,,,,,
Vector_CWB_FB_46714D,"2011-08-09 19:00:00",5.1,3.9,174,1003.8,27.4,29,1.46,5.9,123,8,,,,,,
Vector_CWB_FB_46714D,"2011-08-09 20:00:00",5.5,4.3,186,1004.1,27.7,29.1,1.53,6.3,236,9.5,,,,,,
Vector_CWB_FB_46714D,"2011-08-09 21:00:00",5.6,4.3,188,1004.5,27.5,28.9,2,6.5,236,8.7,,,,,,
Vector_CWB_FB_46714D,"2011-08-09 22:00:00",5.6,4.5,193,1005.3,27.5,29,1.91,6.1,236,8.7,,,,,,
Vector_CWB_FB_46714D,"2011-08-09 23:00:00",4.9,3.6,188,1005.2,27.4,29,1.67,6,236,8.7,,,,,,
Vector_CWB_FB_46714D,"2011-08-10 00:00:00",4.9,4,173,1005.1,27.3,29,1.67,5.6,247,8.7,,,,,,
Vector_CWB_FB_46714D,"2011-08-10 01:00:00",4.9,3.6,158,1004.6,27.3,29.1,1.8,5.8,236,8.7,,,,,,
Vector_CWB_FB_46714D,"2011-08-10 02:00:00",5.2,4.4,153,1003.9,27.2,29.3,1.75,6,236,8.7,,,,,,
Vector_CWB_FB_46714D,"2011-08-10 03:00:00",6.3,5,146,1003.8,27.1,29.5,1.44,5.6,258,8,,,,,,
Vector_CWB_FB_46714D,"2011-08-10 04:00:00",6.2,5,150,1003.7,27.1,29.5,1.09,5.3,258,9.5,,,,,,
Vector_CWB_FB_46714D,"2011-08-10 05:00:00",7.1,5.5,159,1004.4,27,29.4,0.92,5.2,180,6.9,,,,,,
Vector_CWB_FB_46714D,"2011-08-10 06:00:00",6.7,5.4,156,1005.1,27,29.4,1.13,5.2,236,7.4,,,,,,
Vector_CWB_FB_46714D,"2011-08-10 07:00:00",7.2,5.7,155,1005.1,27.2,29.4,0.96,4.9,225,9.5,,,,,,
Vector_CWB_FB_46714D,"2011-08-10 08:00:00",6.9,5.7,153,1006.1,27.4,29.5,1.09,5,247,9.5,,,,,,
Vector_CWB_FB_46714D,"2011-08-10 09:00:00",7.1,5.9,160,1006.3,27.5,29.5,1.25,5.6,270,8.7,,,,,,
Vector_CWB_FB_46714D,"2011-08-10 10:00:00",7.3,6.1,162,1006.8,27.6,29.5,1.02,5.1,225,8,,,,,,
Vector_CWB_FB_46714D,"2011-08-10 11:00:00",7.2,5.7,161,1006.3,27.8,29.6,1.35,5.7,236,8.7,,,,,,
Vector_CWB_FB_46714D,"2011-08-10 12:00:00",6.5,4.8,169,1005.9,27.9,29.6,1.65,6,225,8.7,,,,,,
Vector_CWB_FB_46714D,"2011-08-10 13:00:00",6.3,4.9,185,1005.1,27.9,29.6,1.45,6,236,7.4,,,,,,
Vector_CWB_FB_46714D,"2011-08-10 14:00:00",5.9,4.7,188,1004.4,28,29.7,1.34,5.7,236,8,,,,,,
Vector_CWB_FB_46714D,"2011-08-10 15:00:00",6.1,4.9,196,1003.9,27.9,29.6,1.38,5.5,247,8,,,,,,
Vector_CWB_FB_46714D,"2011-08-10 16:00:00",6.9,5.5,188,1003.8,28,29.5,1.49,5.6,247,8,,,,,,
Vector_CWB_FB_46714D,"2011-08-10 17:00:00",6.9,5.5,185,1004.3,28.1,29.5,1.55,5.4,247,8.7,,,,,,
Vector_CWB_FB_46714D,"2011-08-10 18:00:00",6.1,5,175,1004.9,27.9,29.5,1.38,5.2,236,7.4,,,,,,
Vector_CWB_FB_46714D,"2011-08-10 19:00:00",6.1,4.6,161,1005.3,27.7,29.3,1.36,5.5,225,7.4,,,,,,
Vector_CWB_FB_46714D,"2011-08-10 20:00:00",5.3,4.1,163,1006.7,28,29.6,1.13,5.7,191,8.7,,,,,,
Vector_CWB_FB_46714D,"2011-08-10 21:00:00",4.2,3.3,170,1007.5,27.9,29.6,1.18,5.9,191,8,,,,,,
Vector_CWB_FB_46714D,"2011-08-10 22:00:00",3.1,2.4,161,1007.3,27.7,29.4,1.12,5.5,213,8,,,,,,
Vector_CWB_FB_46714D,"2011-08-10 23:00:00",3.5,2.6,142,1006.8,27.4,29.3,0.94,5.4,225,8.7,,,,,,
Vector_CWB_FB_46714D,"2011-08-11 00:00:00",2.6,1.8,113,1006.8,27.1,29.2,1.29,6.1,225,8.7,,,,,,
Vector_CWB_FB_46714D,"2011-08-11 01:00:00",2.5,1.6,115,1006.6,26.9,28.9,1.35,5.9,225,8,,,,,,
Vector_CWB_FB_46714D,"2011-08-11 02:00:00",3,2,93,1006.2,26.8,29.1,1.32,5.7,236,8.7,,,,,,
Vector_CWB_FB_46714D,"2011-08-11 03:00:00",3.1,2,101,1006.1,26.8,29.1,1.08,5.6,236,8.7,,,,,,
Vector_CWB_FB_46714D,"2011-08-11 04:00:00",2.4,1.8,103,1005.7,26.8,29.4,0.94,5.5,247,8.7,,,,,,
Vector_CWB_FB_46714D,"2011-08-11 05:00:00",3.1,2.4,111,1005.4,26.9,29.4,0.94,5.5,225,8.7,,,,,,
Vector_CWB_FB_46714D,"2011-08-11 06:00:00",3.3,2.6,134,1006.1,27,29.5,0.92,5.7,258,8,,,,,,
Vector_CWB_FB_46714D,"2011-08-11 07:00:00",2.9,2.2,147,1006.5,27.4,29.5,1.04,6.1,247,8.7,,,,,,
Vector_CWB_FB_46714D,"2011-08-11 08:00:00",3.8,2.9,161,1006.3,27.5,29.5,0.99,6.1,236,8.7,,,,,,
Vector_CWB_FB_46714D,"2011-08-11 09:00:00",3.2,2.4,168,1007.4,27.9,29.6,0.8,5.9,247,8.7,,,,,,
Vector_CWB_FB_46714D,"2011-08-11 10:00:00",5,3.9,161,1007.4,28.1,29.6,0.94,6.2,236,8.7,,,,,,
Vector_CWB_FB_46714D,"2011-08-11 11:00:00",4.5,3.6,186,1007.5,28,29.8,0.91,5.7,247,8,,,,,,
Vector_CWB_FB_46714D,"2011-08-11 12:00:00",5.1,4.3,183,1006.9,28.2,29.8,0.87,5.5,225,7.4,,,,,,
Vector_CWB_FB_46714D,"2011-08-11 13:00:00",5.9,4.7,191,1007,28.2,29.8,1,5.5,236,8,,,,,,
Vector_CWB_FB_46714D,"2011-08-11 14:00:00",5.9,4.7,196,1006.6,28.3,29.9,1.07,5.2,247,7.4,,,,,,
Vector_CWB_FB_46714D,"2011-08-11 15:00:00",6,5,197,1005.7,28.2,29.8,1.09,5.3,236,7.4,,,,,,
Vector_CWB_FB_46714D,"2011-08-11 16:00:00",6.3,5,199,1005.1,28.1,29.4,1.29,5.4,236,7.4,,,,,,
Vector_CWB_FB_46714D,"2011-08-11 17:00:00",5.6,4.4,201,1005.5,28.2,29.5,1.16,5.1,258,6.5,,,,,,
Vector_CWB_FB_46714D,"2011-08-11 18:00:00",5.1,3.9,188,1005.2,27.9,29.3,1.32,5.2,270,7.4,,,,,,
Vector_CWB_FB_46714D,"2011-08-11 19:00:00",4.8,3.8,178,1005.9,27.7,29.1,1.14,5.1,247,7.4,,,,,,
Vector_CWB_FB_46714D,"2011-08-11 20:00:00",5.7,4.7,169,1006.5,27.7,,1.02,4.9,236,6.5,,,,,,
Vector_CWB_FB_46714D,"2011-08-11 21:00:00",5.5,4.4,145,1007.3,27.9,29.7,0.82,5.2,180,8.7,,,,,,
Vector_CWB_FB_46714D,"2011-08-11 22:00:00",2.9,2.2,104,1007.9,27.7,29.7,1.03,5.5,157,8,,,,,,
Vector_CWB_FB_46714D,"2011-08-11 23:00:00",3.5,2.5,73,1007.4,26.7,28.7,1.04,5.8,225,8,,,,,,
Vector_CWB_FB_46714D,"2011-08-12 00:00:00",3.3,2.4,76,1006.5,26.8,28.9,1.02,5.9,225,8,,,,,,
Vector_CWB_FB_46714D,"2011-08-12 01:00:00",4.1,3.2,62,1006.3,26.6,29,1.06,6.3,225,8,,,,,,
Vector_CWB_FB_46714D,"2011-08-12 02:00:00",4.5,3.5,75,1006,26.7,28.7,1.12,6.2,236,8,,,,,,
Vector_CWB_FB_46714D,"2011-08-12 03:00:00",3.8,3,68,1005.7,26.7,29,0.84,5.6,258,7.4,,,,,,
Vector_CWB_FB_46714D,"2011-08-12 04:00:00",3.1,1.7,164,1005.8,26.9,29.1,0.87,5.6,236,7.4,,,,,,
Vector_CWB_FB_46714D,"2011-08-12 05:00:00",2.4,1.6,146,1006,26.9,29,0.77,5.8,247,8,,,,,,
Vector_CWB_FB_46714D,"2011-08-12 06:00:00",2.8,2,109,1006.4,27,29.2,1.03,6.2,258,7.4,,,,,,
Vector_CWB_FB_46714D,"2011-08-12 07:00:00",3.4,2.6,122,1006.6,27.1,29.1,0.91,6,247,8.7,,,,,,
Vector_CWB_FB_46714D,"2011-08-12 08:00:00",2.9,2.2,122,1007,27.8,29.3,1.09,6.3,236,8,,,,,,
Vector_CWB_FB_46714D,"2011-08-12 09:00:00",3.6,3,142,1007.5,27.9,29.3,0.97,6.2,247,8,,,,,,
Vector_CWB_FB_46714D,"2011-08-12 10:00:00",3.8,3.1,160,1007.4,28.1,29.3,1.02,6.2,213,7.4,,,,,,
Vector_CWB_FB_46714D,"2011-08-12 11:00:00",3.5,2.9,174,1007.2,28.2,29.2,0.85,6.6,236,8,,,,,,
Vector_CWB_FB_46714D,"2011-08-12 12:00:00",3.8,2.9,197,1006.8,28.2,29.5,0.75,6.2,236,8,,,,,,
Vector_CWB_FB_46714D,"2011-08-12 13:00:00",3.5,2.7,194,1006.7,28.5,29.5,0.91,6.5,247,8.7,,,,,,
Vector_CWB_FB_46714D,"2011-08-12 14:00:00",3.7,2.9,199,1006,28.3,29.6,0.93,6.3,236,8,,,,,,
Vector_CWB_FB_46714D,"2011-08-12 15:00:00",4.4,3.3,198,1005.4,28.3,29.4,1.17,6.5,247,8,,,,,,
Vector_CWB_FB_46714D,"2011-08-12 16:00:00",4.4,3.5,195,1004.9,28,29.5,1,6,236,7.4,,,,,,
Vector_CWB_FB_46714D,"2011-08-12 17:00:00",4.1,3.3,187,1005,27.9,29.4,1.19,6.2,236,8,,,,,,
Vector_CWB_FB_46714D,"2011-08-12 18:00:00",4.9,3.5,183,1004.9,27.7,28.9,1.13,5.9,247,7.4,,,,,,
Vector_CWB_FB_46714D,"2011-08-12 19:00:00",7.3,6.5,172,1005,27.5,28.8,1.08,5.4,247,6.9,,,,,,
Vector_CWB_FB_46714D,"2011-08-12 20:00:00",6.2,4.9,162,1005.7,27.6,29.4,0.9,5.1,270,7.4,,,,,,
Vector_CWB_FB_46714D,"2011-08-12 21:00:00",5.9,5.2,163,1006,27.5,29.3,0.81,5,225,8,,,,,,
Vector_CWB_FB_46714D,"2011-08-12 22:00:00",5.9,4.9,163,1006.6,27.5,29.3,0.75,4.8,225,8,,,,,,
Vector_CWB_FB_46714D,"2011-08-12 23:00:00",6.9,5.4,151,1006.1,27.5,29.2,0.88,5.4,236,8,,,,,,
Vector_CWB_FB_46714D,"2011-08-13 00:00:00",6.3,5.2,155,1005.9,27.4,29.1,0.98,5.3,236,8,,,,,,
Vector_CWB_FB_46714D,"2011-08-13 01:00:00",5.1,4,157,1005.4,27.3,29.1,0.94,5.6,236,8,,,,,,
Vector_CWB_FB_46714D,"2011-08-13 02:00:00",4.7,3.6,138,1005.2,27.4,29.1,0.87,5.8,247,8,,,,,,
Vector_CWB_FB_46714D,"2011-08-13 03:00:00",4.1,3.2,150,1005,27.4,29.1,0.81,5.5,247,6.9,,,,,,
Vector_CWB_FB_46714D,"2011-08-13 04:00:00",3.7,2.8,95,1004.9,27.4,29.1,0.96,5.7,236,8,,,,,,
Vector_CWB_FB_46714D,"2011-08-13 05:00:00",4.3,3.5,141,1004.8,27.5,29,0.93,5.6,247,7.4,,,,,,
Vector_CWB_FB_46714D,"2011-08-13 06:00:00",5.3,4.3,151,1005.6,27.5,28.3,0.65,5.4,258,7.4,,,,,,
Vector_CWB_FB_46714D,"2011-08-13 07:00:00",5.6,4.5,156,1005.6,27.6,27.7,0.72,5.6,270,8,,,,,,
Vector_CWB_FB_46714D,"2011-08-13 08:00:00",6.8,5.3,155,1006,28,28.7,0.84,5.5,247,8,,,,,,
Vector_CWB_FB_46714D,"2011-08-13 09:00:00",5.6,4.4,148,1006.7,28.4,29.1,0.7,5.3,258,7.4,,,,,,
Vector_CWB_FB_46714D,"2011-08-13 10:00:00",5.1,3.9,158,1006.9,28.7,29.3,0.67,5.5,247,8,,,,,,
Vector_CWB_FB_46714D,"2011-08-13 11:00:00",6.1,4.8,163,1007.2,28.4,29.4,0.67,5.6,258,8.7,,,,,,
Vector_CWB_FB_46714D,"2011-08-13 12:00:00",5.7,4.4,165,1006.6,28.4,29.3,0.56,4.6,247,6.9,,,,,,
Vector_CWB_FB_46714D,"2011-08-13 13:00:00",7.1,5.8,178,1006.7,28.4,29.5,0.64,4.5,225,8.7,,,,,,
Vector_CWB_FB_46714D,"2011-08-13 14:00:00",6.8,5.4,174,1006.3,28.4,29.5,0.67,4.7,258,7.4,,,,,,
Vector_CWB_FB_46714D,"2011-08-13 15:00:00",7.4,6.1,171,1006.1,28.4,29.4,0.79,4.5,247,7.4,,,,,,
Vector_CWB_FB_46714D,"2011-08-13 16:00:00",7.2,5.8,166,1006.2,28.5,29.4,0.84,4.4,236,8,,,,,,
Vector_CWB_FB_46714D,"2011-08-13 17:00:00",7.2,5.9,162,1006.2,28.3,29.1,0.89,4.4,236,7.4,,,,,,
Vector_CWB_FB_46714D,"2011-08-13 18:00:00",6.2,5.1,160,1006.6,28.4,29.4,0.81,4.4,247,8,,,,,,
Vector_CWB_FB_46714D,"2011-08-13 19:00:00",6.2,5,158,1006.4,28.1,29.1,0.82,4.3,236,6.9,,,,,,
Vector_CWB_FB_46714D,"2011-08-13 20:00:00",5.9,4.8,154,1007.7,28,29.4,0.77,4.3,258,7.4,,,,,,
Vector_CWB_FB_46714D,"2011-08-13 21:00:00",5.5,4.5,137,1008,27.8,29.3,0.78,4.2,258,6.9,,,,,,
Vector_CWB_FB_46714D,"2011-08-13 22:00:00",6,4.7,146,1008.8,28,29.3,0.7,4.5,191,8,,,,,,
Vector_CWB_FB_46714D,"2011-08-13 23:00:00",5.6,4.4,137,1008.3,28,29.3,0.79,4.6,202,8,,,,,,
Vector_CWB_FB_46714D,"2011-08-14 00:00:00",5.4,4.4,143,1008.5,28.2,29.4,0.71,4.5,236,8,,,,,,
Vector_CWB_FB_46714D,"2011-08-14 01:00:00",6.2,5.1,140,1007.9,28.1,29.3,0.69,4.6,191,6.9,,,,,,
Vector_CWB_FB_46714D,"2011-08-14 02:00:00",7.4,5.8,151,1006.7,27.9,29.2,0.74,4.6,247,7.4,,,,,,
Vector_CWB_FB_46714D,"2011-08-14 03:00:00",7.8,6.2,153,1006.7,27.9,29.3,0.79,4.4,236,7.4,,,,,,
Vector_CWB_FB_46714D,"2011-08-14 04:00:00",8.1,6.3,157,1006.6,27.7,29.1,0.81,4,168,3.8,,,,,,
Vector_CWB_FB_46714D,"2011-08-14 05:00:00",9.3,7.8,151,1007,27.5,29,1.01,4.2,191,4.9,,,,,,
Vector_CWB_FB_46714D,"2011-08-14 06:00:00",8.2,6.7,148,1007.3,27.4,28.6,0.87,4,157,5.2,,,,,,
Vector_CWB_FB_46714D,"2011-08-14 07:00:00",8.7,6.6,145,1007.8,27.8,28.7,0.87,4,247,5.4,,,,,,
Vector_CWB_FB_46714D,"2011-08-14 08:00:00",8,6,144,1008.4,28.1,29,0.89,4,258,5.8,,,,,,
Vector_CWB_FB_46714D,"2011-08-14 09:00:00",7.3,6.2,151,1008.9,28.2,29.3,0.96,4.4,247,5.8,,,,,,
Vector_CWB_FB_46714D,"2011-08-14 10:00:00",7.4,5.9,156,1009.4,28.6,29.4,0.88,4.3,247,6.5,,,,,,
Vector_CWB_FB_46714D,"2011-08-14 11:00:00",6.9,5.8,169,1009.8,28.7,29.6,0.88,4.2,213,5.4,,,,,,
Vector_CWB_FB_46714D,"2011-08-14 12:00:00",7.9,6.6,162,1009.9,28.9,29.6,0.9,4.3,191,5.8,,,,,,
Vector_CWB_FB_46714D,"2011-08-14 13:00:00",6.3,5.3,175,1009.1,28.7,29.5,0.91,4.2,191,4.9,,,,,,
Vector_CWB_FB_46714D,"2011-08-14 14:00:00",7.4,6.1,175,1008.7,28.7,29.6,1,4.3,202,5.8,,,,,,
Vector_CWB_FB_46714D,"2011-08-14 15:00:00",7.5,6,180,1007.7,28.5,29.6,0.84,4.3,180,6.5,,,,,,
Vector_CWB_FB_46714D,"2011-08-14 16:00:00",8.3,7,184,1008.3,28.9,29.7,0.89,4.2,213,6.1,,,,,,
Vector_CWB_FB_46714D,"2011-08-14 17:00:00",9.3,7.3,178,1007.8,28.7,29.7,0.76,4,191,6.5,,,,,,
Vector_CWB_FB_46714D,"2011-08-14 18:00:00",8.8,6.8,173,1008.2,28.8,29.7,0.91,3.9,202,5.8,,,,,,
Vector_CWB_FB_46714D,"2011-08-14 19:00:00",8.7,7.3,166,1008.3,28.6,29.6,0.89,4,236,6.1,,,,,,
Vector_CWB_FB_46714D,"2011-08-14 20:00:00",7.7,6.4,156,1008.7,28.6,29.5,0.8,3.9,168,3.4,,,,,,
Vector_CWB_FB_46714D,"2011-08-14 21:00:00",7.9,6.5,158,1009.3,28.6,29.9,0.86,4,202,6.1,,,,,,
Vector_CWB_FB_46714D,"2011-08-14 22:00:00",6.8,5.7,151,1009.7,28.5,29.8,0.73,4.1,180,5.8,,,,,,
Vector_CWB_FB_46714D,"2011-08-14 23:00:00",6.9,5.6,155,1009.1,28.4,29.7,0.73,4,157,3.8,,,,,,
Vector_CWB_FB_46714D,"2011-08-15 00:00:00",8.1,6.3,148,1009,28.4,29.7,0.75,4.1,191,6.9,,,,,,
Vector_CWB_FB_46714D,"2011-08-15 01:00:00",6.7,5.2,150,1009,28.6,29.8,0.76,4.3,180,6.9,,,,,,
Vector_CWB_FB_46714D,"2011-08-15 02:00:00",6.5,5.4,158,1008.4,28.3,29.8,0.78,4.7,157,5.8,,,,,,
Vector_CWB_FB_46714D,"2011-08-15 03:00:00",7.4,6.1,145,1008.3,28.5,29.7,0.75,4.2,168,4.9,,,,,,
Vector_CWB_FB_46714D,"2011-08-15 04:00:00",8.9,7.4,155,1008.2,28.3,29.7,0.77,4,191,4.9,,,,,,
Vector_CWB_FB_46714D,"2011-08-15 05:00:00",8.8,7.2,149,1008.3,28.1,29.6,0.82,3.9,202,6.1,,,,,,
Vector_CWB_FB_46714D,"2011-08-15 06:00:00",9.2,7.6,150,1008.3,28.2,29.6,0.82,3.9,157,3.6,,,,,,
Vector_CWB_FB_46714D,"2011-08-15 07:00:00",8.7,7.3,147,1009.1,28.3,29.7,0.74,3.8,168,4,,,,,,
Vector_CWB_FB_46714D,"2011-08-15 08:00:00",7.7,6.4,149,1009.7,28.5,29.6,0.69,3.9,258,6.9,,,,,,
Vector_CWB_FB_46714D,"2011-08-15 09:00:00",8.3,7,152,1010,28.4,29.6,0.71,3.9,258,6.5,,,,,,
Vector_CWB_FB_46714D,"2011-08-15 10:00:00",6.6,5.2,151,1010,28.6,29.9,0.71,4.2,191,6.1,,,,,,
Vector_CWB_FB_46714D,"2011-08-15 11:00:00",5.8,4.6,158,1010.5,29.2,30,0.7,4.3,180,5.8,,,,,,
Vector_CWB_FB_46714D,"2011-08-15 12:00:00",7.3,5.7,167,1010.6,29,30.1,0.74,4.2,180,5.4,,,,,,
Vector_CWB_FB_46714D,"2011-08-15 13:00:00",8.3,7,161,1010.2,28.8,30,0.75,3.8,180,5.2,,,,,,
Vector_CWB_FB_46714D,"2011-08-15 14:00:00",7.3,6.2,169,1009,28.7,30,0.79,3.8,180,3.4,,,,,,
Vector_CWB_FB_46714D,"2011-08-15 15:00:00",7.4,6.1,176,1009.2,28.8,30.2,0.72,3.9,191,5.2,,,,,,
Vector_CWB_FB_46714D,"2011-08-15 16:00:00",7.4,6.2,172,1009.4,29,30.2,0.83,4,180,4.9,,,,,,
Vector_CWB_FB_46714D,"2011-08-15 17:00:00",6.7,5.9,171,1008.7,28.9,30.1,0.77,4.1,191,5.4,,,,,,
Vector_CWB_FB_46714D,"2011-08-15 18:00:00",7.5,6.4,173,1008.1,28.6,30,0.71,3.9,168,3.6,,,,,,
Vector_CWB_FB_46714D,"2011-08-15 19:00:00",6.8,5.6,165,1008.3,28.5,29.9,0.75,3.6,168,3.2,,,,,,
Vector_CWB_FB_46714D,"2011-08-15 20:00:00",8.1,6.8,165,1009.1,28.5,30,0.73,3.7,191,6.1,,,,,,
Vector_CWB_FB_46714D,"2011-08-15 21:00:00",7.9,6.5,153,1009.1,28.3,29.9,0.73,3.8,157,3.3,,,,,,
Vector_CWB_FB_46714D,"2011-08-15 22:00:00",7.6,6.4,157,1009.1,28.3,29.8,0.78,3.8,180,5.8,,,,,,
Vector_CWB_FB_46714D,"2011-08-15 23:00:00",8.9,7,156,1008.6,28.1,29.7,0.73,3.8,168,4,,,,,,
Vector_CWB_FB_46714D,"2011-08-16 00:00:00",8,6.5,152,1008.9,28.2,29.7,0.87,4.1,157,4,,,,,,
Vector_CWB_FB_46714D,"2011-08-16 01:00:00",7.8,6.2,150,1008.3,28.2,29.7,0.78,4,157,4.1,,,,,,
Vector_CWB_FB_46714D,"2011-08-16 02:00:00",6.7,5.4,152,1008.3,28.2,29.7,0.68,4.2,180,5.8,,,,,,
Vector_CWB_FB_46714D,"2011-08-16 03:00:00",8.1,6.5,149,1008.3,28.1,29.8,0.63,4,180,5.4,,,,,,
Vector_CWB_FB_46714D,"2011-08-16 04:00:00",7.4,6.2,149,1008.2,28,29.8,0.68,4,191,5.2,,,,,,
Vector_CWB_FB_46714D,"2011-08-16 05:00:00",7,5.6,153,1007.9,27.9,29.7,0.66,3.9,202,4.7,,,,,,
Vector_CWB_FB_46714D,"2011-08-16 06:00:00",6.8,5.5,150,1008.5,28.1,29.8,0.63,3.9,191,4.3,,,,,,
Vector_CWB_FB_46714D,"2011-08-16 07:00:00",6.2,5,151,1008.8,28.3,29.8,0.6,3.8,213,4.9,,,,,,
Vector_CWB_FB_46714D,"2011-08-16 08:00:00",5.9,5.2,149,1008.7,28.4,29.8,0.52,4.2,202,4.7,,,,,,
Vector_CWB_FB_46714D,"2011-08-16 09:00:00",6.4,5.5,155,1009.1,28.6,29.9,0.53,4.1,247,5.8,,,,,,
Vector_CWB_FB_46714D,"2011-08-16 10:00:00",5.9,5.1,157,1009.5,28.6,29.9,0.47,4,213,5.8,,,,,,
Vector_CWB_FB_46714D,"2011-08-16 11:00:00",5.8,4.8,163,1009.5,28.9,30.2,0.56,3.9,258,5.2,,,,,,
Vector_CWB_FB_46714D,"2011-08-16 12:00:00",5.5,4.4,175,1009.4,28.9,30.3,0.56,4,191,4.7,,,,,,
Vector_CWB_FB_46714D,"2011-08-16 13:00:00",5.5,4.4,180,1008.6,28.7,30.4,0.63,4.1,180,5.2,,,,,,
Vector_CWB_FB_46714D,"2011-08-16 14:00:00",7.1,5.7,196,1007.8,28.7,30.3,0.62,3.8,191,4.3,,,,,,
Vector_CWB_FB_46714D,"2011-08-16 15:00:00",7.4,6,189,1007.3,28.7,30.2,0.6,3.8,202,4.7,,,,,,
Vector_CWB_FB_46714D,"2011-08-16 16:00:00",6.7,5.4,189,1006.9,28.6,30.2,0.59,3.5,191,3.8,,,,,,
Vector_CWB_FB_46714D,"2011-08-16 17:00:00",6.1,5,182,1006.8,28.7,30.2,0.61,3.6,191,3.8,,,,,,
Vector_CWB_FB_46714D,"2011-08-16 18:00:00",5.8,4.6,180,1007.2,28.7,30,0.53,3.5,202,4,,,,,,
Vector_CWB_FB_46714D,"2011-08-16 19:00:00",4.8,4,187,1007.7,28.4,30,0.47,3.6,191,5.4,,,,,,
Vector_CWB_FB_46714D,"2011-08-16 20:00:00",5.7,5,183,1007.6,28.3,30.1,0.42,3.8,213,4.9,,,,,,
Vector_CWB_FB_46714D,"2011-08-16 21:00:00",8,6.4,175,1007.5,28.3,30.1,0.42,3.6,213,6.5,,,,,,
Vector_CWB_FB_46714D,"2011-08-16 22:00:00",8,6.6,169,1008,28.2,30.1,0.58,3.4,180,3.1,,,,,,
Vector_CWB_FB_46714D,"2011-08-16 23:00:00",8.2,6.6,154,1007.8,28,30.1,0.65,3.4,180,3.7,,,,,,
Vector_CWB_FB_46714D,"2011-08-17 00:00:00",8.2,6.6,154,1008,27.9,30,0.59,3.5,168,3.7,,,,,,
Vector_CWB_FB_46714D,"2011-08-17 01:00:00",7.4,5.8,146,1007.6,27.9,30,0.61,3.7,146,3.7,,,,,,
Vector_CWB_FB_46714D,"2011-08-17 02:00:00",7.8,6.5,145,1007.9,28,30,0.58,3.7,180,4.9,,,,,,
Vector_CWB_FB_46714D,"2011-08-17 03:00:00",6.5,5.4,151,1008,28.1,30,0.55,3.8,180,4.9,,,,,,
Vector_CWB_FB_46714D,"2011-08-17 04:00:00",6.3,5.2,151,1007.5,28.1,29.9,0.59,3.8,180,5.4,,,,,,
Vector_CWB_FB_46714D,"2011-08-17 05:00:00",5.7,4.3,143,1007.4,28,30,0.55,3.8,180,4.5,,,,,,
Vector_CWB_FB_46714D,"2011-08-17 06:00:00",4.8,3.9,129,1008,28.1,30,0.55,3.8,180,4.3,,,,,,
Vector_CWB_FB_46714D,"2011-08-17 07:00:00",4,3.3,110,1007.6,28.2,30,0.53,4,202,4.9,,,,,,
Vector_CWB_FB_46714D,"2011-08-17 08:00:00",3.5,2.6,96,1008.1,28.7,30,0.44,3.9,202,4.7,,,,,,
Vector_CWB_FB_46714D,"2011-08-17 09:00:00",3.4,2.3,84,1008.8,28.6,30.2,0.44,4.2,213,4.7,,,,,,
Vector_CWB_FB_46714D,"2011-08-17 10:00:00",1.9,1.4,82,1008.6,29.3,30.7,0.49,4.1,247,4.7,,,,,,
Vector_CWB_FB_46714D,"2011-08-17 11:00:00",2.7,1.5,145,1008.3,29.3,31,0.47,3.8,236,4,,,,,,
Vector_CWB_FB_46714D,"2011-08-17 12:00:00",2.4,1.7,192,1008.2,28.8,31.2,0.44,3.9,202,4,,,,,,
Vector_CWB_FB_46714D,"2011-08-17 13:00:00",3.2,2.6,213,1007.4,28.8,31.2,0.41,3.9,213,4.5,,,,,,
Vector_CWB_FB_46714D,"2011-08-17 14:00:00",4.4,3.6,195,1006.7,28.7,30.7,0.43,3.9,202,4,,,,,,
Vector_CWB_FB_46714D,"2011-08-17 15:00:00",5.9,4.6,199,1006.1,28.7,30.7,0.45,3.8,202,4.7,,,,,,
Vector_CWB_FB_46714D,"2011-08-17 16:00:00",5.7,4.6,198,1006.3,28.8,30.6,0.43,3.5,202,3.8,,,,,,
Vector_CWB_FB_46714D,"2011-08-17 17:00:00",5.8,4.7,196,1006.4,28.9,30.4,0.49,3.5,202,3.6,,,,,,
Vector_CWB_FB_46714D,"2011-08-17 18:00:00",6.4,5.1,192,1006.4,28.5,30.2,0.59,3.4,168,3.4,,,,,,
Vector_CWB_FB_46714D,"2011-08-17 19:00:00",6.9,5.7,188,1006.6,28.4,30,0.66,3.3,168,3.4,,,,,,
Vector_CWB_FB_46714D,"2011-08-17 20:00:00",7,5.8,178,1006.8,28.2,29.8,0.56,3.1,168,3.3,,,,,,
Vector_CWB_FB_46714D,"2011-08-17 21:00:00",8.3,7,170,1007.1,28.3,30.1,0.59,3.2,168,3.3,,,,,,
Vector_CWB_FB_46714D,"2011-08-17 22:00:00",7.8,6.2,170,1008.1,28.2,30.1,0.58,3.2,168,3.7,,,,,,
Vector_CWB_FB_46714D,"2011-08-17 23:00:00",8.6,7.1,158,1007.6,28.2,30.1,0.56,3.4,157,3.8,,,,,,
Vector_CWB_FB_46714D,"2011-08-18 00:00:00",7.8,6.5,171,1007.3,28,30,0.63,3.5,168,3.8,,,,,,
Vector_CWB_FB_46714D,"2011-08-18 01:00:00",5.9,5,172,1008.9,28.3,30.3,0.54,3.4,168,3.7,,,,,,
Vector_CWB_FB_46714D,"2011-08-18 02:00:00",,,,,,,,,,,,,,,,
Vector_CWB_FB_46714D,"2011-08-18 03:00:00",,,,,,,,,,,,,,,,
Vector_CWB_FB_46714D,"2011-08-18 04:00:00",,,,,,,,,,,,,,,,
Vector_CWB_FB_46714D,"2011-08-18 05:00:00",,,,,,,,,,,,,,,,
Vector_CWB_FB_46714D,"2011-08-18 06:00:00",,,,,,,,,,,,,,,,
Vector_CWB_FB_46714D,"2011-08-18 07:00:00",,,,,,,,,,,,,,,,
Vector_CWB_FB_46714D,"2011-08-18 08:00:00",,,,,,,,,,,,,,,,
Vector_CWB_FB_46714D,"2011-08-18 09:00:00",2.5,1.7,106,1009.3,29.6,30.4,0.31,4,213,6.9,,,,,,
Vector_CWB_FB_46714D,"2011-08-18 10:00:00",2.2,1.6,85,1008.3,29.5,30.4,0.37,4,191,4.1,,,,,,
Vector_CWB_FB_46714D,"2011-08-18 11:00:00",,,,1008.7,30.1,30.9,0.35,4,157,5.2,,,,,,
Vector_CWB_FB_46714D,"2011-08-18 12:00:00",2.3,1.4,185,1008.3,30.1,31,0.35,4.2,191,6.5,,,,,,
Vector_CWB_FB_46714D,"2011-08-18 13:00:00",3.3,2.7,203,1008.2,30.4,,0.33,4.4,180,6.5,,,,,,
Vector_CWB_FB_46714D,"2011-08-18 14:00:00",4.4,3.7,266,1008.3,29.9,31.5,0.31,4.4,135,6.9,,,,,,
Vector_CWB_FB_46714D,"2011-08-18 15:00:00",4.2,3.5,285,1007.3,29.7,30.9,0.33,4.2,191,4.5,,,,,,
Vector_CWB_FB_46714D,"2011-08-18 16:00:00",4.8,4,282,1007,29.7,30.8,0.34,3.9,191,3.6,,,,,,
Vector_CWB_FB_46714D,"2011-08-18 17:00:00",4.7,3.8,311,1006.6,29.4,30.8,0.42,3.7,180,3.7,,,,,,
Vector_CWB_FB_46714D,"2011-08-18 18:00:00",5.8,4.6,333,1007.8,29.2,30.7,0.42,3.9,180,4.3,,,,,,
Vector_CWB_FB_46714D,"2011-08-18 19:00:00",3.9,2.7,340,1008.2,29.2,30.5,0.45,3.7,213,5.8,,,,,,
Vector_CWB_FB_46714D,"2011-08-18 20:00:00",4.9,3.5,33,1008.5,28.7,30.4,0.45,3.9,180,5.2,,,,,,
Vector_CWB_FB_46714D,"2011-08-18 21:00:00",3.5,2.9,106,1008.8,28.8,30.3,0.43,4,168,4.5,,,,,,
Vector_CWB_FB_46714D,"2011-08-18 22:00:00",3.5,2.7,133,1009.8,29,30.3,0.4,3.9,191,5.4,,,,,,
Vector_CWB_FB_46714D,"2011-08-18 23:00:00",,,,1010.3,28.9,30.4,0.4,3.9,168,4.7,,,,,,
Vector_CWB_FB_46714D,"2011-08-19 00:00:00",,,,,,,,,,,,,,,,
Vector_CWB_FB_46714D,"2011-08-19 01:00:00",,,,,,,,,,,,,,,,
Vector_CWB_FB_46714D,"2011-08-19 02:00:00",,,,,,,,,,,,,,,,
Vector_CWB_FB_46714D,"2011-08-19 03:00:00",,,,,,,,,,,,,,,,
Vector_CWB_FB_46714D,"2011-08-19 04:00:00",,,,,,,,,,,,,,,,
Vector_CWB_FB_46714D,"2011-08-19 05:00:00",,,,,,,,,,,,,,,,
Vector_CWB_FB_46714D,"2011-08-19 06:00:00",,,,,,,,,,,,,,,,
Vector_CWB_FB_46714D,"2011-08-19 07:00:00",,,,,,,,,,,,,,,,
Vector_CWB_FB_46714D,"2011-08-19 08:00:00",,,,,,,,,,,,,,,,
Vector_CWB_FB_46714D,"2011-08-19 09:00:00",,,,,,,,,,,,,,,,
Vector_CWB_FB_46714D,"2011-08-19 10:00:00",,,,,,,,,,,,,,,,
Vector_CWB_FB_46714D,"2011-08-19 11:00:00",,,,,,,,,,,,,,,,
Vector_CWB_FB_46714D,"2011-08-19 12:00:00",,,,,,,,,,,,,,,,
Vector_CWB_FB_46714D,"2011-08-19 13:00:00",6.3,5.4,318,1009.3,28,,0.62,4.2,168,5.2,,,,,,
Vector_CWB_FB_46714D,"2011-08-19 14:00:00",2.1,1.3,288,1008.4,28.8,,0.51,4.2,157,5.2,,,,,,
Vector_CWB_FB_46714D,"2011-08-19 15:00:00",3.4,2.6,290,1008,28.7,30.5,0.52,4.4,180,5.4,,,,,,
Vector_CWB_FB_46714D,"2011-08-19 16:00:00",4,2.9,301,1008.3,28.9,30.4,0.48,4.5,180,5.8,,,,,,
Vector_CWB_FB_46714D,"2011-08-19 17:00:00",3.7,2.9,304,1007.5,28.6,30.1,0.41,4.4,168,6.9,,,,,,
Vector_CWB_FB_46714D,"2011-08-19 18:00:00",2.1,1.4,295,1008.4,28.6,30.1,0.43,4.4,168,4.7,,,,,,
Vector_CWB_FB_46714D,"2011-08-19 19:00:00",,,,1008.9,28.6,30,0.41,3.9,191,5.4,,,,,,
Vector_CWB_FB_46714D,"2011-08-19 20:00:00",1.6,1.1,222,1009.7,28.6,30.1,0.33,4,180,5.8,,,,,,
Vector_CWB_FB_46714D,"2011-08-19 21:00:00",1.8,1.4,226,1010.1,28.6,30.2,0.36,4.4,202,6.1,,,,,,
Vector_CWB_FB_46714D,"2011-08-19 22:00:00",2.4,1.9,262,1011.2,28.8,30.2,0.35,4.9,236,6.9,,,,,,
Vector_CWB_FB_46714D,"2011-08-19 23:00:00",2.9,2.2,266,1011.1,28.8,30.2,0.37,4.7,168,5.8,,,,,,
Vector_CWB_FB_46714D,"2011-08-20 00:00:00",2,1.6,271,1009.9,28.5,30.2,0.32,4.9,303,7.4,,,,,,
Vector_CWB_FB_46714D,"2011-08-20 01:00:00",1.6,1.1,337,1009.9,28.4,30.3,0.32,5,168,5.8,,,,,,
Vector_CWB_FB_46714D,"2011-08-20 02:00:00",,,,1010.1,28.3,30.4,0.32,4.6,157,6.5,,,,,,
Vector_CWB_FB_46714D,"2011-08-20 03:00:00",,,,,,,,,,,,,,,,
Vector_CWB_FB_46714D,"2011-08-20 04:00:00",,,,,,,,,,,,,,,,
Vector_CWB_FB_46714D,"2011-08-20 05:00:00",,,,,,,,,,,,,,,,
Vector_CWB_FB_46714D,"2011-08-20 06:00:00",,,,,,,,,,,,,,,,
Vector_CWB_FB_46714D,"2011-08-20 07:00:00",2.9,2.4,55,1009.1,27.5,30.1,0.35,4.6,123,7.4,,,,,,
Vector_CWB_FB_46714D,"2011-08-20 08:00:00",1.9,1.3,103,1008.9,28,30.1,0.38,4.5,157,6.9,,,,,,
Vector_CWB_FB_46714D,"2011-08-20 09:00:00",,,,1010.2,29.1,30.6,0.35,4.4,157,7.4,,,,,,
Vector_CWB_FB_46714D,"2011-08-20 10:00:00",2.5,1.5,249,1011,29,30.9,0.35,4.9,135,7.4,,,,,,
Vector_CWB_FB_46714D,"2011-08-20 11:00:00",3.6,2.8,286,1011.1,29.1,31.3,0.37,5,202,6.5,,,,,,
Vector_CWB_FB_46714D,"2011-08-20 12:00:00",4.6,3.5,285,1010.8,29.2,31.1,0.36,5,180,6.9,,,,,,
Vector_CWB_FB_46714D,"2011-08-20 13:00:00",4.5,3.6,294,1010.3,29.5,31.1,0.34,4.8,146,7.4,,,,,,
Vector_CWB_FB_46714D,"2011-08-20 14:00:00",5.1,4.3,302,1009.8,29.5,31,0.34,5,157,6.5,,,,,,
Vector_CWB_FB_46714D,"2011-08-20 15:00:00",5.1,4.2,304,1009.2,29.8,31,0.36,5.2,135,6.9,,,,,,
Vector_CWB_FB_46714D,"2011-08-20 16:00:00",5.5,4.1,318,1008.9,29.5,30.7,0.3,5,146,6.1,,,,,,
Vector_CWB_FB_46714D,"2011-08-20 17:00:00",4.3,3.3,333,1008.3,29.2,30.5,0.35,4.7,146,6.1,,,,,,
Vector_CWB_FB_46714D,"2011-08-20 18:00:00",4.5,3.2,336,1007.7,28.7,30.1,0.36,4.7,180,7.4,,,,,,
Vector_CWB_FB_46714D,"2011-08-20 19:00:00",3.3,2.6,325,1007.6,28.4,30,0.28,4.2,247,6.9,,,,,,
Vector_CWB_FB_46714D,"2011-08-20 20:00:00",3.4,2.6,344,1008.3,28.7,30.1,0.27,3.9,168,5.4,,,,,,
Vector_CWB_FB_46714D,"2011-08-20 21:00:00",3,2.2,335,1009.1,28.5,30,0.27,4,337,7.4,,,,,,
Vector_CWB_FB_46714D,"2011-08-20 22:00:00",,,,1009.3,28.5,30.1,0.22,3.9,112,5.8,,,,,,
Vector_CWB_FB_46714D,"2011-08-20 23:00:00",,,,1009,28.4,30.1,0.22,4.4,135,6.9,,,,,,
Vector_CWB_FB_46714D,"2011-08-21 00:00:00",,,,,,,,,,,,,,,,
Vector_CWB_FB_46714D,"2011-08-21 01:00:00",,,,,,,,,,,,,,,,
Vector_CWB_FB_46714D,"2011-08-21 02:00:00",,,,,,,,,,,,,,,,
Vector_CWB_FB_46714D,"2011-08-21 03:00:00",,,,,,,,,,,,,,,,
Vector_CWB_FB_46714D,"2011-08-21 04:00:00",,,,,,,,,,,,,,,,
Vector_CWB_FB_46714D,"2011-08-21 05:00:00",,,,,,,,,,,,,,,,
Vector_CWB_FB_46714D,"2011-08-21 06:00:00",,,,,,,,,,,,,,,,
Vector_CWB_FB_46714D,"2011-08-21 07:00:00",,,,,,,,,,,,,,,,
Vector_CWB_FB_46714D,"2011-08-21 08:00:00",,,,,,,,,,,,,,,,
Vector_CWB_FB_46714D,"2011-08-21 09:00:00",,,,,,,,,,,,,,,,
Vector_CWB_FB_46714D,"2011-08-21 10:00:00",2.6,2.1,74,1009.9,30.2,30.7,0.31,4.2,303,6.1,,,,,,
Vector_CWB_FB_46714D,"2011-08-21 11:00:00",,,,1007.9,29.8,31,0.31,4.3,168,6.5,,,,,,
Vector_CWB_FB_46714D,"2011-08-21 12:00:00",3.7,2.7,299,1007.1,29.2,31,0.26,4.5,157,6.1,,,,,,
Vector_CWB_FB_46714D,"2011-08-21 13:00:00",4.5,3.7,305,1007.2,29.3,31.3,0.29,4.8,146,6.5,,,,,,
Vector_CWB_FB_46714D,"2011-08-21 14:00:00",5.1,4.3,302,1006,28.9,30.7,0.25,4.7,168,6.5,,,,,,
Vector_CWB_FB_46714D,"2011-08-21 15:00:00",5,4,304,1005.8,29,30.9,0.24,4.6,135,6.1,,,,,,
Vector_CWB_FB_46714D,"2011-08-21 16:00:00",4.4,3.7,302,1005.8,29,30.7,0.28,4.2,146,5.8,,,,,,
Vector_CWB_FB_46714D,"2011-08-21 17:00:00",4.3,3,328,1005.5,28.6,30.6,0.26,4.3,191,6.1,,,,,,
Vector_CWB_FB_46714D,"2011-08-21 18:00:00",4.7,3.2,321,1006.1,28.6,30.4,0.23,3.9,191,6.9,,,,,,
Vector_CWB_FB_46714D,"2011-08-21 19:00:00",5.8,4.2,353,1006.6,28.3,30.2,0.22,3.9,180,3.7,,,,,,
Vector_CWB_FB_46714D,"2011-08-21 20:00:00",,,,1007,28.5,30,0.25,3.8,202,6.9,,,,,,
Vector_CWB_FB_46714D,"2011-08-21 21:00:00",4.4,3.1,176,1007.5,27.2,30.2,0.24,3.7,281,3.1,,,,,,
Vector_CWB_FB_46714D,"2011-08-21 22:00:00",3.8,3,181,1007.5,28,30.1,0.25,3.5,213,4.9,,,,,,
Vector_CWB_FB_46714D,"2011-08-21 23:00:00",3.1,2.4,182,1007,28.3,30,,,,,,,,,,
Vector_CWB_FB_46714D,"2011-08-22 00:00:00",,,,,,,,,,,,,,,,
Vector_CWB_FB_46714D,"2011-08-22 01:00:00",3.1,2.1,136,1006.2,28.1,30.2,0.24,4.3,146,6.9,,,,,,
Vector_CWB_FB_46714D,"2011-08-22 02:00:00",,,,,,,,,,,,,,,,
Vector_CWB_FB_46714D,"2011-08-22 03:00:00",,,,,,,,,,,,,,,,
Vector_CWB_FB_46714D,"2011-08-22 04:00:00",,,,,,,,,,,,,,,,
Vector_CWB_FB_46714D,"2011-08-22 05:00:00",,,,,,,,,,,,,,,,
Vector_CWB_FB_46714D,"2011-08-22 06:00:00",,,,,,,,,,,,,,,,
Vector_CWB_FB_46714D,"2011-08-22 07:00:00",,,,,,,,,,,,,,,,
Vector_CWB_FB_46714D,"2011-08-22 08:00:00",2.4,1.9,34,1006.5,27.3,30.1,0.27,4.6,236,4.7,,,,,,
Vector_CWB_FB_46714D,"2011-08-22 09:00:00",1.6,1.1,72,1006.7,27.9,30.4,0.29,4.8,157,7.4,,,,,,
Vector_CWB_FB_46714D,"2011-08-22 10:00:00",,,,1006.8,28.5,31,0.31,4.6,157,7.4,,,,,,
Vector_CWB_FB_46714D,"2011-08-22 11:00:00",5.3,3.7,221,1006.7,28.9,30.8,0.3,4.4,270,5.2,,,,,,
Vector_CWB_FB_46714D,"2011-08-22 12:00:00",5.7,3.7,265,1006.1,28.4,31,0.24,4.5,168,5.8,,,,,,
Vector_CWB_FB_46714D,"2011-08-22 13:00:00",3.1,2.4,266,1005.6,28.8,31.3,0.24,4.7,180,6.1,,,,,,
Vector_CWB_FB_46714D,"2011-08-22 14:00:00",3.9,3.1,291,1004.9,28.7,30.4,0.21,4.7,135,6.1,,,,,,
Vector_CWB_FB_46714D,"2011-08-22 15:00:00",3.8,3.1,290,1004.7,28.9,30.8,,,,,,,,,,
Vector_CWB_FB_46714D,"2011-08-22 16:00:00",3.4,2.4,303,1004.3,29.2,30.5,0.26,4.3,157,4.3,,,,,,
Vector_CWB_FB_46714D,"2011-08-22 17:00:00",3.5,2.8,300,1005.1,29.4,30.7,0.22,4.6,56,6.5,,,,,,
Vector_CWB_FB_46714D,"2011-08-22 18:00:00",3.5,2.6,292,1005.1,29.3,30.6,0.21,4.5,236,7.4,,,,,,
Vector_CWB_FB_46714D,"2011-08-22 19:00:00",2.7,1.8,327,1005.3,28.7,30.4,,,,,,,,,,
Vector_CWB_FB_46714D,"2011-08-22 20:00:00",,,,1005.9,28.7,30.3,,,,,,,,,,
Vector_CWB_FB_46714D,"2011-08-22 21:00:00",,,,1005.7,28.4,29.8,0.23,4,236,5.8,,,,,,
Vector_CWB_FB_46714D,"2011-08-22 22:00:00",,,,1005.6,28.3,29.8,0.26,4,213,6.5,,,,,,
Vector_CWB_FB_46714D,"2011-08-22 23:00:00",3,2.3,152,1005.5,28.2,30,0.22,3.8,157,6.9,,,,,,
Vector_CWB_FB_46714D,"2011-08-23 00:00:00",3.4,2.3,137,1005,28.3,30,0.21,4.1,135,7.4,,,,,,
Vector_CWB_FB_46714D,"2011-08-23 01:00:00",3.3,2.6,159,1004.5,28.2,30.3,,,,,,,,,,
Vector_CWB_FB_46714D,"2011-08-23 02:00:00",2.1,1.2,179,1004.2,28.2,30.4,0.24,4.3,135,5.8,,,,,,
Vector_CWB_FB_46714D,"2011-08-23 03:00:00",2.1,1.3,135,1003.5,28.1,30.3,0.24,4.9,135,7.4,,,,,,
Vector_CWB_FB_46714D,"2011-08-23 04:00:00",2.4,1.6,175,1005,28.4,30.5,0.28,5.3,168,6.9,,,,,,
Vector_CWB_FB_46714D,"2011-08-23 05:00:00",5.8,2.3,224,1004.3,26.1,30.2,0.23,5,157,7.4,,,,,,
Vector_CWB_FB_46714D,"2011-08-23 06:00:00",3.6,2.3,239,1004.8,24.7,30.3,0.25,5.3,146,7.4,,,,,,
Vector_CWB_FB_46714D,"2011-08-23 07:00:00",,,,1006.4,25.6,30.4,0.32,5.9,135,6.9,,,,,,
Vector_CWB_FB_46714D,"2011-08-23 08:00:00",2.2,1.2,195,1007.2,27.1,30.5,0.26,5.3,146,7.4,,,,,,
Vector_CWB_FB_46714D,"2011-08-23 09:00:00",4.3,3.2,201,1007.1,27.7,30.7,0.31,5.3,146,8,,,,,,
Vector_CWB_FB_46714D,"2011-08-23 10:00:00",2.8,2.1,207,1007.2,27.8,30.8,0.31,5.2,168,7.4,,,,,,
Vector_CWB_FB_46714D,"2011-08-23 11:00:00",3.8,2.9,236,1007.1,28.4,30.8,0.3,4.6,168,7.4,,,,,,
Vector_CWB_FB_46714D,"2011-08-23 12:00:00",3,2.2,238,1006.7,28.9,31.3,0.27,4.3,180,6.5,,,,,,
Vector_CWB_FB_46714D,"2011-08-23 13:00:00",3.2,2.6,228,1006.1,29.2,31.3,0.24,4.2,135,6.9,,,,,,
Vector_CWB_FB_46714D,"2011-08-23 14:00:00",3.5,2.2,235,1005.6,29.7,31.6,0.24,4.9,135,6.1,,,,,,
Vector_CWB_FB_46714D,"2011-08-23 15:00:00",3.6,2.7,220,1005.3,29.8,31.3,0.21,4.8,135,5.8,,,,,,
Vector_CWB_FB_46714D,"2011-08-23 16:00:00",2.6,1.9,227,1005,29.7,31.5,,,,,,,,,,
Vector_CWB_FB_46714D,"2011-08-23 17:00:00",2.4,1.4,198,1005.2,29.6,31.2,0.21,5,135,6.5,,,,,,
Vector_CWB_FB_46714D,"2011-08-23 18:00:00",2.1,1.4,184,1005.7,29.3,30.7,0.24,4.8,157,7.4,,,,,,
Vector_CWB_FB_46714D,"2011-08-23 19:00:00",,,,1006,28.9,30.8,0.26,4.9,146,7.4,,,,,,
Vector_CWB_FB_46714D,"2011-08-23 20:00:00",2,1.5,131,1006.8,29.1,30.5,,,,,,,,,,
Vector_CWB_FB_46714D,"2011-08-23 21:00:00",2.5,2,149,1007.6,29,30.7,,,,,,,,,,
Vector_CWB_FB_46714D,"2011-08-23 22:00:00",2.4,1.9,146,1007.4,28.9,30.9,,,,,,,,,,
Vector_CWB_FB_46714D,"2011-08-23 23:00:00",1.9,1.2,163,1007.4,28.9,30.8,,,,,,,,,,
Vector_CWB_FB_46714D,"2011-08-24 00:00:00",2.3,1.7,167,1006.9,28.7,30.8,0.21,4.3,157,6.9,,,,,,
Vector_CWB_FB_46714D,"2011-08-24 01:00:00",2.6,2,187,1006.1,28.6,30.4,0.21,4,180,6.5,,,,,,
Vector_CWB_FB_46714D,"2011-08-24 02:00:00",,,,1005.8,28.8,30.5,,,,,,,,,,
Vector_CWB_FB_46714D,"2011-08-24 03:00:00",2.7,1.1,14,1005.4,28.6,30.4,,,,,,,,,,
Vector_CWB_FB_46714D,"2011-08-24 04:00:00",3.1,2.5,20,1005.5,27.6,29.9,,,,,,,,,,
Vector_CWB_FB_46714D,"2011-08-24 05:00:00",3.1,2.3,27,1005.6,27.5,29.8,,,,,,,,,,
Vector_CWB_FB_46714D,"2011-08-24 06:00:00",2.5,1.9,16,1005.8,27.5,29.7,,,,,,,,,,
Vector_CWB_FB_46714D,"2011-08-24 07:00:00",,,,,,,,,,,,,,,,
Vector_CWB_FB_46714D,"2011-08-24 08:00:00",2.6,1.9,47,1006.6,28.5,30.2,0.21,4.6,123,6.5,,,,,,
Vector_CWB_FB_46714D,"2011-08-24 09:00:00",2,1.4,104,1006.7,28.7,30.6,,,,,,,,,,
Vector_CWB_FB_46714D,"2011-08-24 10:00:00",2,1.4,130,1006.7,29,30.9,,,,,,,,,,
Vector_CWB_FB_46714D,"2011-08-24 11:00:00",2.2,1.3,229,1006.7,29.6,31.2,,,,,,,,,,
Vector_CWB_FB_46714D,"2011-08-24 12:00:00",5.9,5.1,257,1006.2,29.3,31.3,,,,,,,,,,
Vector_CWB_FB_46714D,"2011-08-24 13:00:00",6.7,5.6,288,1005.7,29.5,31.2,,,,,,,,,,
Vector_CWB_FB_46714D,"2011-08-24 14:00:00",4.2,3.3,288,1005.1,30.1,31.6,,,,,,,,,,
Vector_CWB_FB_46714D,"2011-08-24 15:00:00",3.9,2.8,272,1002.7,29.5,31.1,,,,,,,,,,
Vector_CWB_FB_46714D,"2011-08-24 16:00:00",6.5,5.4,283,1004.7,29.6,31.1,,,,,,,,,,
Vector_CWB_FB_46714D,"2011-08-24 17:00:00",3.6,2.7,17,1004.8,28.8,31.2,,,,,,,,,,
Vector_CWB_FB_46714D,"2011-08-24 18:00:00",10,8.3,35,1003.8,25.9,30.1,,,,,,,,,,
Vector_CWB_FB_46714D,"2011-08-24 19:00:00",6.3,4.7,21,1005.6,26.8,30.3,0.24,3.5,33,3.2,,,,,,
Vector_CWB_FB_46714D,"2011-08-24 20:00:00",4.9,4.1,41,1005.9,27.3,30.7,,,,,,,,,,
Vector_CWB_FB_46714D,"2011-08-24 21:00:00",4.1,3.2,29,1006.3,27.1,30.8,,,,,,,,,,
Vector_CWB_FB_46714D,"2011-08-24 22:00:00",4.5,3.7,9,1006.2,27.3,30.9,,,,,,,,,,
Vector_CWB_FB_46714D,"2011-08-24 23:00:00",4.5,3.7,44,1006.1,27.4,30.8,,,,,,,,,,
Vector_CWB_FB_46714D,"2011-08-25 00:00:00",3.7,3.1,32,1005.4,27.2,30.7,,,,,,,,,,
Vector_CWB_FB_46714D,"2011-08-25 01:00:00",4.2,3.4,48,1005.1,27,30.7,,,,,,,,,,
Vector_CWB_FB_46714D,"2011-08-25 02:00:00",3.4,2.8,57,1004.7,27.2,30.6,,,,,,,,,,
Vector_CWB_FB_46714D,"2011-08-25 03:00:00",1.7,1.1,76,1004.9,27.4,30.6,,,,,,,,,,
Vector_CWB_FB_46714D,"2011-08-25 04:00:00",,,,1004.3,27.5,30.6,,,,,,,,,,
Vector_CWB_FB_46714D,"2011-08-25 05:00:00",2.3,1.7,97,1004.3,27.5,30.6,,,,,,,,,,
Vector_CWB_FB_46714D,"2011-08-25 06:00:00",2.1,1.6,1,1004.4,27.6,30.6,0.22,5.6,135,7.4,,,,,,
Vector_CWB_FB_46714D,"2011-08-25 07:00:00",2.2,1.8,3,1004.7,28.2,30.6,,,,,,,,,,
Vector_CWB_FB_46714D,"2011-08-25 08:00:00",,,,1004.9,28.6,30.7,0.29,6.4,123,8,,,,,,
Vector_CWB_FB_46714D,"2011-08-25 09:00:00",3.6,2.1,352,1005.5,27.9,30.8,0.3,6,157,9.5,,,,,,
Vector_CWB_FB_46714D,"2011-08-25 10:00:00",6.6,5.7,325,1005.5,28.3,31.1,0.32,6.8,123,9.5,,,,,,
Vector_CWB_FB_46714D,"2011-08-25 11:00:00",3.5,2.3,282,1005.3,29.2,31.3,0.4,6.8,157,8.7,,,,,,
Vector_CWB_FB_46714D,"2011-08-25 12:00:00",5.1,3.8,293,1004.9,29.6,31.2,0.44,6.7,180,8.7,,,,,,
Vector_CWB_FB_46714D,"2011-08-25 13:00:00",7.2,5.9,298,1004.1,29.8,31.1,0.3,5.5,180,8,,,,,,
Vector_CWB_FB_46714D,"2011-08-25 14:00:00",7.1,5.6,298,1003.5,29.9,31.1,0.29,5,157,8.7,,,,,,
Vector_CWB_FB_46714D,"2011-08-25 15:00:00",6.5,5.4,318,1002.8,29.8,31,0.39,4.9,191,8,,,,,,
Vector_CWB_FB_46714D,"2011-08-25 16:00:00",6.6,5.1,319,1002.4,29.7,30.9,0.38,4.3,146,7.4,,,,,,
Vector_CWB_FB_46714D,"2011-08-25 17:00:00",6.8,4.9,319,1002.1,29.9,30.2,0.36,4.6,146,7.4,,,,,,
Vector_CWB_FB_46714D,"2011-08-25 18:00:00",4.6,2.6,343,1000.4,28.7,29.8,0.4,4.7,168,7.4,,,,,,
Vector_CWB_FB_46714D,"2011-08-25 19:00:00",3.7,2.4,329,1001.3,28,30.3,0.39,4.8,146,8,,,,,,
Vector_CWB_FB_46714D,"2011-08-25 20:00:00",3.4,2.5,321,1003,28.9,30,0.52,5.1,168,8,,,,,,
Vector_CWB_FB_46714D,"2011-08-25 21:00:00",4.3,3.1,318,1001.7,28.5,29.8,0.47,4.9,157,8,,,,,,
Vector_CWB_FB_46714D,"2011-08-25 22:00:00",1.9,1.1,29,1003.3,28.4,30.1,0.42,5.2,157,8,,,,,,
Vector_CWB_FB_46714D,"2011-08-25 23:00:00",7.3,6.4,133,1002,28.3,29.8,0.35,4.9,180,8,,,,,,
Vector_CWB_FB_46714D,"2011-08-26 00:00:00",4.3,3.5,161,1003.1,28.7,30,0.36,5.4,168,9.5,,,,,,
Vector_CWB_FB_46714D,"2011-08-26 01:00:00",3.6,2.9,185,1001.9,28.3,29.6,0.31,5.4,146,8,,,,,,
Vector_CWB_FB_46714D,"2011-08-26 02:00:00",7.1,5,232,1000.8,28.2,29.9,0.43,5.3,281,6.9,,,,,,
Vector_CWB_FB_46714D,"2011-08-26 03:00:00",2.6,2,276,1000.4,28.2,30.3,0.38,4.8,180,8.7,,,,,,
Vector_CWB_FB_46714D,"2011-08-26 04:00:00",,,,1000.7,28,30.2,0.46,5.5,157,8.7,,,,,,
Vector_CWB_FB_46714D,"2011-08-26 05:00:00",2.6,2,40,1000.5,27.5,30.3,0.57,6.7,168,8.7,,,,,,
Vector_CWB_FB_46714D,"2011-08-26 06:00:00",2.7,1.7,45,1000.8,27.1,30.2,0.41,5.9,146,8.7,,,,,,
Vector_CWB_FB_46714D,"2011-08-26 07:00:00",1.8,1.1,42,1001,27.8,30.2,0.41,5.8,180,8,,,,,,
Vector_CWB_FB_46714D,"2011-08-26 08:00:00",3.1,2.3,71,1003.3,28.6,30.5,0.45,6.2,146,8.7,,,,,,
Vector_CWB_FB_46714D,"2011-08-26 09:00:00",2.2,1.6,98,1003.5,28.8,30.4,0.46,5.9,146,8.7,,,,,,
Vector_CWB_FB_46714D,"2011-08-26 10:00:00",4.9,4.2,211,1002.4,29.6,30.9,0.52,6,168,7.4,,,,,,
Vector_CWB_FB_46714D,"2011-08-26 11:00:00",5.2,1.3,250,1002.4,29.8,31.3,0.42,5.8,135,9.5,,,,,,
Vector_CWB_FB_46714D,"2011-08-26 12:00:00",3.5,2.2,228,1002,29.3,31,0.4,5.8,168,8.7,,,,,,
Vector_CWB_FB_46714D,"2011-08-26 13:00:00",2.8,2.1,258,1001.3,29.8,31.2,0.52,6.3,157,11.6,,,,,,
Vector_CWB_FB_46714D,"2011-08-26 14:00:00",2.3,1.8,271,1000.6,29.9,30.9,0.55,6.9,157,11.6,,,,,,
Vector_CWB_FB_46714D,"2011-08-26 15:00:00",4.1,3.3,272,1002.2,30.1,31.4,0.73,7.8,146,13.1,,,,,,
Vector_CWB_FB_46714D,"2011-08-26 16:00:00",3.7,3,279,1002.4,30.5,31.4,0.7,7.1,135,13.1,,,,,,
Vector_CWB_FB_46714D,"2011-08-26 17:00:00",3.7,2.7,299,1000.3,29.5,31.2,0.76,7.1,157,11.6,,,,,,
Vector_CWB_FB_46714D,"2011-08-26 18:00:00",3,2.1,332,1000.7,29.4,31.1,0.64,7.4,180,13.1,,,,,,
Vector_CWB_FB_46714D,"2011-08-26 19:00:00",,,,1002.8,29.6,30.9,0.51,6.4,168,11.6,,,,,,
Vector_CWB_FB_46714D,"2011-08-26 20:00:00",5.2,3.5,279,1003.5,29.6,31,0.59,7.4,157,13.1,,,,,,
Vector_CWB_FB_46714D,"2011-08-26 21:00:00",5.5,4.8,234,1003,29.7,30.9,0.69,7.9,157,13.1,,,,,,
Vector_CWB_FB_46714D,"2011-08-26 22:00:00",5.4,4.9,209,1003.7,29.6,30.8,0.69,7.4,168,13.1,,,,,,
Vector_CWB_FB_46714D,"2011-08-26 23:00:00",6.5,5.8,232,1003.3,29.6,30.8,0.66,7.7,157,15.1,,,,,,
Vector_CWB_FB_46714D,"2011-08-27 00:00:00",3.5,2.7,253,1002.4,29.5,30.7,0.93,8.3,157,11.6,,,,,,
Vector_CWB_FB_46714D,"2011-08-27 01:00:00",,,,999.6,28.8,30.2,0.89,8,157,13.1,,,,,,
Vector_CWB_FB_46714D,"2011-08-27 02:00:00",2,1.1,287,998.7,28.5,30.2,1.01,8.7,146,15.1,,,,,,
Vector_CWB_FB_46714D,"2011-08-27 03:00:00",,,,999.1,28.8,30.2,1.22,9.2,180,13.1,,,,,,
Vector_CWB_FB_46714D,"2011-08-27 04:00:00",2.9,1.7,270,998.3,28.7,30.1,1.28,9.3,180,13.1,,,,,,
Vector_CWB_FB_46714D,"2011-08-27 05:00:00",3.3,2.3,302,997.4,28.3,30.1,1.27,9.3,168,15.1,,,,,,
Vector_CWB_FB_46714D,"2011-08-27 06:00:00",3.7,2.3,326,998.1,28.5,30.2,1.67,9.9,191,15.1,,,,,,
Vector_CWB_FB_46714D,"2011-08-27 07:00:00",,,,999,28.4,30.4,1.81,10.3,180,15.1,,,,,,
Vector_CWB_FB_46714D,"2011-08-27 08:00:00",,,,999.2,29.5,30.6,1.8,9.5,168,13.1,,,,,,
Vector_CWB_FB_46714D,"2011-08-27 09:00:00",,,,1000.4,29.5,31,1.9,9.9,168,15.1,,,,,,
Vector_CWB_FB_46714D,"2011-08-27 10:00:00",6.7,5.7,270,1000.2,29.8,31.2,2.12,10.5,168,11.6,,,,,,
Vector_CWB_FB_46714D,"2011-08-27 11:00:00",4.1,3,305,999.6,29.5,31.1,1.55,10,157,17.7,,,,,,
Vector_CWB_FB_46714D,"2011-08-27 12:00:00",2.1,1.2,266,999.5,29.3,31.2,1.62,10.2,157,17.7,,,,,,
Vector_CWB_FB_46714D,"2011-08-27 13:00:00",3.5,2.5,261,998.7,29.2,31.2,1.27,8.6,168,13.1,,,,,,
Vector_CWB_FB_46714D,"2011-08-27 14:00:00",2.6,1.6,235,998.5,29.1,31.2,1.33,8.8,157,13.1,,,,,,
Vector_CWB_FB_46714D,"2011-08-27 15:00:00",5,3.7,163,998.1,27.7,31,1.21,8.3,168,10.4,,,,,,
Vector_CWB_FB_46714D,"2011-08-27 16:00:00",8.7,6.6,128,997.6,27,30.8,1.29,6.9,157,11.6,,,,,,
Vector_CWB_FB_46714D,"2011-08-27 17:00:00",2.3,1.2,111,998.4,26.4,30.7,1.16,6.7,157,13.1,,,,,,
Vector_CWB_FB_46714D,"2011-08-27 18:00:00",6.1,4.4,42,998.6,26.9,30.6,1.17,7.8,146,15.1,,,,,,
Vector_CWB_FB_46714D,"2011-08-27 19:00:00",7.4,6,24,998.2,25.9,30.5,1.18,8.3,168,13.1,,,,,,
Vector_CWB_FB_46714D,"2011-08-27 20:00:00",6,4.8,33,997.9,26.4,30.4,1.12,8.1,112,13.1,,,,,,
Vector_CWB_FB_46714D,"2011-08-27 21:00:00",5,4.1,40,998.9,26.1,30.2,1.38,9,135,13.1,,,,,,
Vector_CWB_FB_46714D,"2011-08-27 22:00:00",4.6,3.4,4,999,25.9,30.2,1.38,9.1,157,13.1,,,,,,
Vector_CWB_FB_46714D,"2011-08-27 23:00:00",6.8,4.9,3,998,26.1,30,1.83,10.5,157,13.1,,,,,,
Vector_CWB_FB_46714D,"2011-08-28 00:00:00",5,3.7,15,997.2,25.8,30.1,1.93,10.2,157,13.1,,,,,,
Vector_CWB_FB_46714D,"2011-08-28 01:00:00",3.7,1.8,2,997.3,25.6,30.1,1.81,10.2,146,13.1,,,,,,
Vector_CWB_FB_46714D,"2011-08-28 02:00:00",2.9,1.7,55,998.2,25.7,30.2,1.58,9.6,157,13.1,,,,,,
Vector_CWB_FB_46714D,"2011-08-28 03:00:00",4.6,3.1,326,997.2,25.6,30.2,1.8,9.7,146,13.1,,,,,,
Vector_CWB_FB_46714D,"2011-08-28 04:00:00",3.2,2.1,20,995.8,25.4,30,1.51,9.2,146,13.1,,,,,,
Vector_CWB_FB_46714D,"2011-08-28 05:00:00",4.6,3.5,16,995.3,25.4,30.1,1.27,8.9,157,11.6,,,,,,
Vector_CWB_FB_46714D,"2011-08-28 06:00:00",5.8,4.5,19,994.8,25.2,30,1.27,8.6,168,11.6,,,,,,
Vector_CWB_FB_46714D,"2011-08-28 07:00:00",,,,,,,,,,,,,,,,
Vector_CWB_FB_46714D,"2011-08-28 08:00:00",,,,,,,,,,,,,,,,
Vector_CWB_FB_46714D,"2011-08-28 09:00:00",,,,994.7,25,29.9,1.54,8.8,146,11.6,,,,,,
Vector_CWB_FB_46714D,"2011-08-28 10:00:00",4.8,3.6,12,995.2,26.3,30.1,1.52,8.9,157,11.6,,,,,,
Vector_CWB_FB_46714D,"2011-08-28 11:00:00",7.6,5.9,6,994.9,26.6,30.2,1.45,9,168,11.6,,,,,,
Vector_CWB_FB_46714D,"2011-08-28 12:00:00",10.3,7.5,2,993.4,26.8,30.1,1.99,9.2,168,11.6,,,,,,
Vector_CWB_FB_46714D,"2011-08-28 13:00:00",7.1,5,358,992.1,27.4,30.1,1.67,8.8,157,11.6,,,,,,
Vector_CWB_FB_46714D,"2011-08-28 14:00:00",7.2,4.8,10,992.1,28.1,30.2,1.48,8.7,146,11.6,,,,,,
Vector_CWB_FB_46714D,"2011-08-28 15:00:00",8.1,5.4,303,989.2,27,30,1.17,7.6,146,11.6,,,,,,
Vector_CWB_FB_46714D,"2011-08-28 16:00:00",7.9,4.8,344,989.1,27.9,30,1.13,7,146,11.6,,,,,,
Vector_CWB_FB_46714D,"2011-08-28 17:00:00",6.5,3.6,359,989.1,28.4,30,1.17,6.9,157,13.1,,,,,,
Vector_CWB_FB_46714D,"2011-08-28 18:00:00",3.4,2.5,3,988.7,27.7,30,1.02,6.1,146,11.6,,,,,,
Vector_CWB_FB_46714D,"2011-08-28 19:00:00",7,4.6,333,988.1,27.7,30,0.96,6.5,146,10.4,,,,,,
Vector_CWB_FB_46714D,"2011-08-28 20:00:00",7.2,5.6,337,988.3,27.2,30,0.72,6.5,180,11.6,,,,,,
Vector_CWB_FB_46714D,"2011-08-28 21:00:00",,,,,,,,,,,,,,,,
Vector_CWB_FB_46714D,"2011-08-28 22:00:00",,,,,,,,,,,,,,,,
Vector_CWB_FB_46714D,"2011-08-28 23:00:00",,,,,,,,,,,,,,,,
Vector_CWB_FB_46714D,"2011-08-29 00:00:00",,,,,,,,,,,,,,,,
Vector_CWB_FB_46714D,"2011-08-29 01:00:00",,,,,,,,,,,,,,,,
Vector_CWB_FB_46714D,"2011-08-29 02:00:00",,,,,,,,,,,,,,,,
Vector_CWB_FB_46714D,"2011-08-29 03:00:00",,,,,,,,,,,,,,,,
Vector_CWB_FB_46714D,"2011-08-29 04:00:00",,,,,,,,,,,,,,,,
Vector_CWB_FB_46714D,"2011-08-29 05:00:00",,,,,,,,,,,,,,,,
Vector_CWB_FB_46714D,"2011-08-29 06:00:00",,,,,,,,,,,,,,,,
Vector_CWB_FB_46714D,"2011-08-29 07:00:00",,,,,,,,,,,,,,,,
Vector_CWB_FB_46714D,"2011-08-29 08:00:00",,,,,,,,,,,,,,,,
Vector_CWB_FB_46714D,"2011-08-29 09:00:00",,,,,,,,,,,,,,,,
Vector_CWB_FB_46714D,"2011-08-29 10:00:00",,,,,,,,,,,,,,,,
Vector_CWB_FB_46714D,"2011-08-29 11:00:00",,,,,,,,,,,,,,,,
Vector_CWB_FB_46714D,"2011-08-29 12:00:00",,,,,,,,,,,,,,,,
Vector_CWB_FB_46714D,"2011-08-29 13:00:00",,,,,,,,,,,,,,,,
Vector_CWB_FB_46714D,"2011-08-29 14:00:00",16.7,13.3,247,992.8,26.6,,3.75,6.7,258,8.7,,,,,,
Vector_CWB_FB_46714D,"2011-08-29 15:00:00",17.2,13.4,248,992.6,25.9,,4.34,7,213,9.5,,,,,,
Vector_CWB_FB_46714D,"2011-08-29 16:00:00",16.6,12.6,244,993,25.8,29,5.11,7.5,247,9.5,,,,,,
Vector_CWB_FB_46714D,"2011-08-29 17:00:00",17.5,13.4,249,993,24.6,28.8,4.09,6.7,247,10.4,,,,,,
Vector_CWB_FB_46714D,"2011-08-29 18:00:00",14.9,11.8,247,994,25.7,29.2,4.65,7.2,225,9.5,,,,,,
Vector_CWB_FB_46714D,"2011-08-29 19:00:00",,,,,,,,,,,,,,,,
Vector_CWB_FB_46714D,"2011-08-29 20:00:00",,,,,,,,,,,,,,,,
Vector_CWB_FB_46714D,"2011-08-29 21:00:00",,,,,,,,,,,,,,,,
Vector_CWB_FB_46714D,"2011-08-29 22:00:00",,,,,,,,,,,,,,,,
Vector_CWB_FB_46714D,"2011-08-29 23:00:00",,,,,,,,,,,,,,,,
Vector_CWB_FB_46714D,"2011-08-30 00:00:00",11.9,9,252,996.2,26.6,28.7,3.1,6.6,168,9.5,,,,,,
Vector_CWB_FB_46714D,"2011-08-30 01:00:00",,,,,,,,,,,,,,,,
Vector_CWB_FB_46714D,"2011-08-30 02:00:00",,,,,,,,,,,,,,,,
Vector_CWB_FB_46714D,"2011-08-30 03:00:00",,,,,,,,,,,,,,,,
Vector_CWB_FB_46714D,"2011-08-30 04:00:00",,,,,,,,,,,,,,,,
Vector_CWB_FB_46714D,"2011-08-30 05:00:00",,,,,,,,,,,,,,,,
Vector_CWB_FB_46714D,"2011-08-30 06:00:00",,,,,,,,,,,,,,,,
Vector_CWB_FB_46714D,"2011-08-30 07:00:00",,,,,,,,,,,,,,,,
Vector_CWB_FB_46714D,"2011-08-30 08:00:00",,,,,,,,,,,,,,,,
Vector_CWB_FB_46714D,"2011-08-30 09:00:00",,,,,,,,,,,,,,,,
Vector_CWB_FB_46714D,"2011-08-30 10:00:00",,,,,,,,,,,,,,,,
Vector_CWB_FB_46714D,"2011-08-30 11:00:00",,,,,,,,,,,,,,,,
Vector_CWB_FB_46714D,"2011-08-30 12:00:00",,,,,,,,,,,,,,,,
Vector_CWB_FB_46714D,"2011-08-30 13:00:00",,,,,,,,,,,,,,,,
Vector_CWB_FB_46714D,"2011-08-30 14:00:00",,,,,,,,,,,,,,,,
Vector_CWB_FB_46714D,"2011-08-30 15:00:00",,,,,,,,,,,,,,,,
Vector_CWB_FB_46714D,"2011-08-30 16:00:00",,,,,,,,,,,,,,,,
Vector_CWB_FB_46714D,"2011-08-30 17:00:00",,,,,,,,,,,,,,,,
Vector_CWB_FB_46714D,"2011-08-30 18:00:00",,,,,,,,,,,,,,,,
Vector_CWB_FB_46714D,"2011-08-30 19:00:00",,,,,,,,,,,,,,,,
Vector_CWB_FB_46714D,"2011-08-30 20:00:00",,,,,,,,,,,,,,,,
Vector_CWB_FB_46714D,"2011-08-30 21:00:00",,,,,,,,,,,,,,,,
Vector_CWB_FB_46714D,"2011-08-30 22:00:00",,,,,,,,,,,,,,,,
Vector_CWB_FB_46714D,"2011-08-30 23:00:00",,,,,,,,,,,,,,,,
Vector_CWB_FB_46714D,"2011-08-31 00:00:00",,,,,,,,,,,,,,,,
Vector_CWB_FB_46714D,"2011-08-31 01:00:00",,,,,,,,,,,,,,,,
Vector_CWB_FB_46714D,"2011-08-31 02:00:00",,,,,,,,,,,,,,,,
Vector_CWB_FB_46714D,"2011-08-31 03:00:00",,,,,,,,,,,,,,,,
Vector_CWB_FB_46714D,"2011-08-31 04:00:00",,,,,,,,,,,,,,,,
Vector_CWB_FB_46714D,"2011-08-31 05:00:00",,,,,,,,,,,,,,,,
Vector_CWB_FB_46714D,"2011-08-31 06:00:00",,,,,,,,,,,,,,,,
Vector_CWB_FB_46714D,"2011-08-31 07:00:00",,,,,,,,,,,,,,,,
Vector_CWB_FB_46714D,"2011-08-31 08:00:00",,,,,,,,,,,,,,,,
Vector_CWB_FB_46714D,"2011-08-31 09:00:00",,,,,,,,,,,,,,,,
Vector_CWB_FB_46714D,"2011-08-31 10:00:00",5.2,3.4,141,997.7,25.9,,2.34,6.9,213,9.5,,,,,,
Vector_CWB_FB_46714D,"2011-08-31 11:00:00",6.3,4.4,119,997.4,25.8,,2.22,6.9,191,9.5,,,,,,
Vector_CWB_FB_46714D,"2011-08-31 12:00:00",8.7,4.9,166,996.8,25,28.1,2.48,7,236,9.5,,,,,,
Vector_CWB_FB_46714D,"2011-08-31 13:00:00",5.4,3.4,137,996.6,26.2,,2.43,7.1,236,10.4,,,,,,
Vector_CWB_FB_46714D,"2011-08-31 14:00:00",4.2,2.9,144,996.7,26.7,28,3.32,7.6,225,9.5,,,,,,
Vector_CWB_FB_46714D,"2011-08-31 15:00:00",4.3,2.8,118,996.2,26.9,27.9,2.41,6.7,213,8.7,,,,,,
Vector_CWB_FB_46714D,"2011-08-31 16:00:00",4,2.9,101,995.8,26.2,27.9,2.35,6.8,225,9.5,,,,,,
Vector_CWB_FB_46714D,"2011-08-31 17:00:00",5,3.4,139,996,26.3,28,2.43,6.5,247,8.7,,,,,,
Vector_CWB_FB_46714D,"2011-08-31 18:00:00",4.7,2.1,167,996.5,27.1,28,2.3,6.2,225,8.7,,,,,,
Vector_CWB_FB_46714D,"2011-08-31 19:00:00",4.2,2.8,195,996.6,27.2,27.9,2.23,6.2,236,8,,,,,,
Vector_CWB_FB_46714D,"2011-08-31 20:00:00",2.8,2,168,997.4,27.2,28,2.28,6.1,236,8.7,,,,,,
Vector_CWB_FB_46714D,"2011-08-31 21:00:00",,,,,,,,,,,,,,,,
Vector_CWB_FB_46714D,"2011-08-31 22:00:00",,,,,,,,,,,,,,,,
Vector_CWB_FB_46714D,"2011-08-31 23:00:00",,,,,,,,,,,,,,,,
Vector_CWB_FB_46714D,"2011-09-01 00:00:00",,,,,,,,,,,,,,,,
Vector_CWB_FB_46714D,"2011-09-01 01:00:00",,,,,,,,,,,,,,,,
Vector_CWB_FB_46714D,"2011-09-01 02:00:00",,,,,,,,,,,,,,,,
Vector_CWB_FB_46714D,"2011-09-01 03:00:00",,,,,,,,,,,,,,,,
Vector_CWB_FB_46714D,"2011-09-01 04:00:00",,,,,,,,,,,,,,,,
Vector_CWB_FB_46714D,"2011-09-01 05:00:00",,,,,,,,,,,,,,,,
Vector_CWB_FB_46714D,"2011-09-01 06:00:00",,,,,,,,,,,,,,,,
Vector_CWB_FB_46714D,"2011-09-01 07:00:00",,,,,,,,,,,,,,,,
Vector_CWB_FB_46714D,"2011-09-01 08:00:00",3.3,2.3,152,1000,25.8,28.4,2.05,6.1,225,9.5,,,,,,
Vector_CWB_FB_46714D,"2011-09-01 09:00:00",2.8,1.9,120,1000.3,26.1,28.4,1.74,6,236,8.7,,,,,,
Vector_CWB_FB_46714D,"2011-09-01 10:00:00",3.7,2.6,104,1000.1,26.8,28.4,1.64,6.1,213,8,,,,,,
Vector_CWB_FB_46714D,"2011-09-01 11:00:00",3.4,1.9,115,1000.4,27.3,28.3,1.59,6.4,213,9.5,,,,,,
Vector_CWB_FB_46714D,"2011-09-01 12:00:00",2.7,1.7,129,1000.5,27.7,28.6,2.04,6.7,225,9.5,,,,,,
Vector_CWB_FB_46714D,"2011-09-01 13:00:00",3.2,2.2,130,1000.4,27.6,28.8,1.83,6.5,225,9.5,,,,,,
Vector_CWB_FB_46714D,"2011-09-01 14:00:00",4.5,3.6,155,1000,27.2,28.8,1.85,6.6,236,8,,,,,,
Vector_CWB_FB_46714D,"2011-09-01 15:00:00",7.9,3.3,184,999.8,26.7,28.9,1.84,6.7,202,9.5,,,,,,
Vector_CWB_FB_46714D,"2011-09-01 16:00:00",,,,999.4,27.1,28.7,1.54,6.1,225,9.5,,,,,,
Vector_CWB_FB_46714D,"2011-09-01 17:00:00",3.3,2.2,120,999.6,26.8,28.7,1.83,6.1,202,9.5,,,,,,
Vector_CWB_FB_46714D,"2011-09-01 18:00:00",3.2,2.2,112,999.7,26.7,28.7,2.17,6.6,225,9.5,,,,,,
Vector_CWB_FB_46714D,"2011-09-01 19:00:00",3,2.3,151,999.7,27,28.6,1.88,6.4,236,9.5,,,,,,
Vector_CWB_FB_46714D,"2011-09-01 20:00:00",3.1,2.5,146,1000.4,27.1,28.6,1.75,6.2,225,8.7,,,,,,
Vector_CWB_FB_46714D,"2011-09-01 21:00:00",3.9,3,143,1000.8,27,28.7,1.77,6,236,8,,,,,,
Vector_CWB_FB_46714D,"2011-09-01 22:00:00",5.2,4.1,133,1001.2,27.1,28.8,1.53,6.4,202,8.7,,,,,,
Vector_CWB_FB_46714D,"2011-09-01 23:00:00",5.5,4.4,170,1001.2,27.2,28.8,1.39,6.5,180,9.5,,,,,,
Vector_CWB_FB_46714D,"2011-09-02 00:00:00",6,4.4,177,1001,27.3,28.8,1.25,6.1,168,8.7,,,,,,
Vector_CWB_FB_46714D,"2011-09-02 01:00:00",5.4,4,190,1000.1,27.2,28.3,1.75,6.4,202,8.7,,,,,,
Vector_CWB_FB_46714D,"2011-09-02 02:00:00",4.5,3.3,198,1000,27.2,28.3,1.86,6.5,202,8.7,,,,,,
Vector_CWB_FB_46714D,"2011-09-02 03:00:00",5.2,3.7,200,999.6,27.2,28.5,1.97,6.5,213,8,,,,,,
Vector_CWB_FB_46714D,"2011-09-02 04:00:00",5.4,3.6,206,999.3,27.1,28.3,1.89,6.4,247,8.7,,,,,,
Vector_CWB_FB_46714D,"2011-09-02 05:00:00",4.7,3.3,212,1000.6,27.3,28.4,1.6,6.2,258,8,,,,,,
Vector_CWB_FB_46714D,"2011-09-02 06:00:00",3.4,2.3,207,1000.3,27.1,28.4,1.69,6.2,247,9.5,,,,,,
Vector_CWB_FB_46714D,"2011-09-02 07:00:00",,,,1000.9,26.8,28.3,1.69,6.2,270,8,,,,,,
Vector_CWB_FB_46714D,"2011-09-02 08:00:00",2.8,1.5,206,1001.9,27.7,28.6,1.49,5.8,247,8,,,,,,
Vector_CWB_FB_46714D,"2011-09-02 09:00:00",2.7,1.8,259,1002.2,27.8,28.6,1.69,6,258,7.4,,,,,,
Vector_CWB_FB_46714D,"2011-09-02 10:00:00",3.7,2.8,228,1002.5,27.4,28.7,1.88,6.2,213,8.7,,,,,,
Vector_CWB_FB_46714D,"2011-09-02 11:00:00",,,,1002.8,28.5,29.1,1.72,6.2,213,9.5,,,,,,
Vector_CWB_FB_46714D,"2011-09-02 12:00:00",2.9,1.9,275,1002.7,28.4,29.2,1.79,6.4,213,9.5,,,,,,
Vector_CWB_FB_46714D,"2011-09-02 13:00:00",2.9,1.8,284,1002.5,28.7,,1.72,6.4,225,8.7,,,,,,
Vector_CWB_FB_46714D,"2011-09-02 14:00:00",2.8,1.9,258,1002.4,29.2,29.7,1.71,6.6,202,8.7,,,,,,
Vector_CWB_FB_46714D,"2011-09-02 15:00:00",3.3,2.6,271,1001.6,28.7,29.7,1.71,6.6,213,9.5,,,,,,
Vector_CWB_FB_46714D,"2011-09-02 16:00:00",4.6,3.4,321,1001.3,28.4,29.3,1.69,6.6,202,10.4,,,,,,
Vector_CWB_FB_46714D,"2011-09-02 17:00:00",5,3.1,311,1001.5,28.5,29.3,1.67,6.8,202,9.5,,,,,,
Vector_CWB_FB_46714D,"2011-09-02 18:00:00",6.3,4.9,323,1001.2,26.7,28.9,1.54,6.6,213,9.5,,,,,,
Vector_CWB_FB_46714D,"2011-09-02 19:00:00",4.9,3.2,337,1001.8,27.1,28.7,1.67,6.6,225,8,,,,,,
Vector_CWB_FB_46714D,"2011-09-02 20:00:00",3,1.9,345,1002.7,27,28.8,1.36,6.1,213,10.4,,,,,,
Vector_CWB_FB_46714D,"2011-09-02 21:00:00",,,,1003.7,26.9,28.8,1.64,6.4,236,8.7,,,,,,
Vector_CWB_FB_46714D,"2011-09-02 22:00:00",,,,1003.5,27,28.7,1.52,6.9,202,10.4,,,,,,
Vector_CWB_FB_46714D,"2011-09-02 23:00:00",,,,1003.5,26.9,28.9,1.28,6.6,180,8.7,,,,,,
Vector_CWB_FB_46714D,"2011-09-03 00:00:00",,,,1002.9,26.8,28.9,1.48,7.5,180,10.4,,,,,,
Vector_CWB_FB_46714D,"2011-09-03 01:00:00",3.5,2.2,47,1002.8,26.2,28.7,1.52,7.7,191,10.4,,,,,,
Vector_CWB_FB_46714D,"2011-09-03 02:00:00",4.2,2.7,65,1002.7,26,,2.12,8,213,10.4,,,,,,
Vector_CWB_FB_46714D,"2011-09-03 03:00:00",2.8,1.6,68,1002.7,25.9,,1.38,6.7,213,8.7,,,,,,
Vector_CWB_FB_46714D,"2011-09-03 04:00:00",2.5,1.6,47,1002.9,25.7,27.7,1.51,7.3,225,9.5,,,,,,
Vector_CWB_FB_46714D,"2011-09-03 05:00:00",,,,1003.2,25.6,27,1.51,6.8,213,9.5,,,,,,
Vector_CWB_FB_46714D,"2011-09-03 06:00:00",3.6,2.5,30,1003.6,25.4,27.6,1.58,7,213,10.4,,,,,,
Vector_CWB_FB_46714D,"2011-09-03 07:00:00",2.4,1.5,47,1004.4,25.8,27.8,1.55,7,225,10.4,,,,,,
Vector_CWB_FB_46714D,"2011-09-03 08:00:00",3.7,2.7,52,1004.9,26.1,28.1,1.51,6.9,225,9.5,,,,,,
Vector_CWB_FB_46714D,"2011-09-03 09:00:00",3.2,2.1,52,1005.5,26.5,28.6,1.54,6.8,247,10.4,,,,,,
Vector_CWB_FB_46714D,"2011-09-03 10:00:00",2.6,1.6,62,1006.1,27.3,29,1.67,6.7,225,10.4,,,,,,
Vector_CWB_FB_46714D,"2011-09-03 11:00:00",3,2.3,287,1005.9,28.4,29.2,1.56,6.6,213,10.4,,,,,,
Vector_CWB_FB_46714D,"2011-09-03 12:00:00",2.2,1.6,282,1005.4,28.1,,1.52,6.5,225,8.7,,,,,,
Vector_CWB_FB_46714D,"2011-09-03 13:00:00",3.6,2.8,283,1004.1,28,,1.37,6.7,213,9.5,,,,,,
Vector_CWB_FB_46714D,"2011-09-03 14:00:00",4.7,3.7,285,1003.9,28.2,29.9,1.19,6.4,191,7.4,,,,,,
Vector_CWB_FB_46714D,"2011-09-03 15:00:00",5.3,3.9,295,1003.6,28.4,29.7,1.28,6.7,225,9.5,,,,,,
Vector_CWB_FB_46714D,"2011-09-03 16:00:00",4.1,3,301,1003.3,28.2,29.5,1.3,6.7,225,9.5,,,,,,
Vector_CWB_FB_46714D,"2011-09-03 17:00:00",4.5,3.6,306,1003.8,28.1,29.4,1.48,7,213,9.5,,,,,,
Vector_CWB_FB_46714D,"2011-09-03 18:00:00",4.4,3.5,314,1003.8,27.8,29.4,1.45,6.6,247,8.7,,,,,,
Vector_CWB_FB_46714D,"2011-09-03 19:00:00",6.5,5.6,278,1004.2,27.5,29.3,1.25,6.3,247,9.5,,,,,,
Vector_CWB_FB_46714D,"2011-09-03 20:00:00",4.1,3.2,128,1004.9,27.1,29.3,1.32,6.3,225,8.7,,,,,,
Vector_CWB_FB_46714D,"2011-09-03 21:00:00",8.7,7.4,120,1005.2,26.3,29.4,1.5,6.5,236,8.7,,,,,,
Vector_CWB_FB_46714D,"2011-09-03 22:00:00",7.1,5.5,143,1004.4,26.4,29.3,1.24,5.7,247,8.7,,,,,,
Vector_CWB_FB_46714D,"2011-09-03 23:00:00",5.7,4.4,157,1005,27.1,29.3,1.13,5.8,258,8,,,,,,
Vector_CWB_FB_46714D,"2011-09-04 00:00:00",3.1,2.2,194,1004.9,27,29.3,1.04,6.1,202,9.5,,,,,,
Vector_CWB_FB_46714D,"2011-09-04 01:00:00",2.5,1.7,218,1004.2,26.9,29.2,0.96,6,236,8,,,,,,
Vector_CWB_FB_46714D,"2011-09-04 02:00:00",,,,1004,26.9,29,0.92,6.3,225,8.7,,,,,,
Vector_CWB_FB_46714D,"2011-09-04 03:00:00",3,2.1,43,1003.5,26.3,28.9,1.17,7.1,168,8.7,,,,,,
Vector_CWB_FB_46714D,"2011-09-04 04:00:00",3.4,2.2,27,1003.6,26.2,29,1.02,6.9,213,8.7,,,,,,
Vector_CWB_FB_46714D,"2011-09-04 05:00:00",4.1,2.6,11,1003.9,26.3,29,1.02,6.6,202,8.7,,,,,,
Vector_CWB_FB_46714D,"2011-09-04 06:00:00",2.3,1.3,301,1003.9,25.7,28.8,1.07,6.7,213,8,,,,,,
Vector_CWB_FB_46714D,"2011-09-04 07:00:00",3.1,2.2,288,1005,26.9,28.9,1.26,7,213,8.7,,,,,,
Vector_CWB_FB_46714D,"2011-09-04 08:00:00",3.4,1.7,13,1005.3,27.1,28.8,1.09,6.8,225,8.7,,,,,,
Vector_CWB_FB_46714D,"2011-09-04 09:00:00",2,1.2,323,1005.8,27.3,29,1.24,6.2,225,8,,,,,,
Vector_CWB_FB_46714D,"2011-09-04 10:00:00",5.1,4.4,213,1006,27.4,29.3,1.39,6.6,213,8.7,,,,,,
Vector_CWB_FB_46714D,"2011-09-04 11:00:00",2.9,2,149,1006,27.6,29.8,1.39,6.5,236,7.4,,,,,,
Vector_CWB_FB_46714D,"2011-09-04 12:00:00",,,,1005.6,28.1,30,1.1,6.4,202,8,,,,,,
Vector_CWB_FB_46714D,"2011-09-04 13:00:00",5.5,4.9,211,1005,29.1,29.8,0.92,6.7,180,8.7,,,,,,
Vector_CWB_FB_46714D,"2011-09-04 14:00:00",2.8,2.1,270,1005,28.4,29.5,0.78,6.8,157,7.4,,,,,,
Vector_CWB_FB_46714D,"2011-09-04 15:00:00",3,2.1,267,1003.9,28.2,29.2,0.84,7.1,157,9.5,,,,,,
Vector_CWB_FB_46714D,"2011-09-04 16:00:00",1.9,1.2,261,1004.4,28.2,29.1,0.8,6.5,180,6.9,,,,,,
Vector_CWB_FB_46714D,"2011-09-04 17:00:00",2.7,2,223,1003.8,28,29.8,1.04,6.8,225,9.5,,,,,,
Vector_CWB_FB_46714D,"2011-09-04 18:00:00",2.5,1.6,233,1004.2,28,29.8,1.16,7,168,8,,,,,,
Vector_CWB_FB_46714D,"2011-09-04 19:00:00",4.5,3.3,205,1004.2,27.8,29.7,1.12,6.5,202,8,,,,,,
Vector_CWB_FB_46714D,"2011-09-04 20:00:00",3.1,2.1,199,1004.9,27.9,29.7,1.29,6.5,213,8.7,,,,,,
Vector_CWB_FB_46714D,"2011-09-04 21:00:00",6.8,5.5,142,1005.2,27.4,29.4,1.16,6.2,236,8,,,,,,
Vector_CWB_FB_46714D,"2011-09-04 22:00:00",6.7,5.9,139,1005.1,27.5,29.3,1.12,6.4,247,8.7,,,,,,
Vector_CWB_FB_46714D,"2011-09-04 23:00:00",2.6,2,135,1004.8,27.1,29.2,1.06,6.1,247,8.7,,,,,,
Vector_CWB_FB_46714D,"2011-09-05 00:00:00",4.9,3.6,153,1004.2,27,29.1,0.89,6.1,225,8.7,,,,,,
Vector_CWB_FB_46714D,"2011-09-05 01:00:00",,,,1004.2,27.2,29.2,0.81,6,258,8.7,,,,,,
Vector_CWB_FB_46714D,"2011-09-05 02:00:00",,,,1004.4,27.2,29.1,0.72,6.3,247,8,,,,,,
Vector_CWB_FB_46714D,"2011-09-05 03:00:00",,,,1004.1,27.1,29.1,0.73,6,258,7.4,,,,,,
Vector_CWB_FB_46714D,"2011-09-05 04:00:00",3.3,2.4,222,1004.2,27.3,28.9,0.82,6.5,225,8.7,,,,,,
Vector_CWB_FB_46714D,"2011-09-05 05:00:00",3.1,2.2,225,1004.3,27.4,28.9,0.94,6.5,225,8,,,,,,
Vector_CWB_FB_46714D,"2011-09-05 06:00:00",3.2,2.4,198,1004.1,27.2,28.7,0.96,6.8,213,8.7,,,,,,
Vector_CWB_FB_46714D,"2011-09-05 07:00:00",3.3,2.5,177,1004.6,27.3,28.8,0.84,6.5,236,8,,,,,,
Vector_CWB_FB_46714D,"2011-09-05 08:00:00",4.3,2.4,54,1005.4,25.9,28.9,0.84,6.1,225,7.4,,,,,,
Vector_CWB_FB_46714D,"2011-09-05 09:00:00",1.9,1.2,64,1005.8,25.8,28.8,0.91,6.4,225,8.7,,,,,,
Vector_CWB_FB_46714D,"2011-09-05 10:00:00",,,,1005.8,27,28.9,0.91,6.1,225,7.4,,,,,,
Vector_CWB_FB_46714D,"2011-09-05 11:00:00",3.8,3.1,220,1005.6,26,29.1,0.8,5.8,247,7.4,,,,,,
Vector_CWB_FB_46714D,"2011-09-05 12:00:00",3.4,2.1,215,1005.3,27.1,29.4,0.85,5.9,236,8,,,,,,
Vector_CWB_FB_46714D,"2011-09-05 13:00:00",2.7,2.1,226,1004.7,27.5,29.5,0.75,6.2,225,8,,,,,,
Vector_CWB_FB_46714D,"2011-09-05 14:00:00",4.2,3.4,220,1004.4,28.1,29.3,0.57,6.4,168,8,,,,,,
Vector_CWB_FB_46714D,"2011-09-05 15:00:00",4.2,3.3,231,1003.7,28.1,29.3,0.76,6.8,168,8,,,,,,
Vector_CWB_FB_46714D,"2011-09-05 16:00:00",4.7,3.6,204,1003.5,27.9,28.9,0.56,6.1,168,8,,,,,,
Vector_CWB_FB_46714D,"2011-09-05 17:00:00",5.5,4.3,197,1003.5,27.6,29.3,0.8,6.2,213,8,,,,,,
Vector_CWB_FB_46714D,"2011-09-05 18:00:00",6,4.9,185,1003.2,27.2,28.8,0.86,5.7,225,8,,,,,,
Vector_CWB_FB_46714D,"2011-09-05 19:00:00",7,5.2,168,1003.4,27.2,28.5,0.95,5.6,225,8,,,,,,
Vector_CWB_FB_46714D,"2011-09-05 20:00:00",6,4.9,129,1004.1,27.2,28.4,0.89,5.6,213,7.4,,,,,,
Vector_CWB_FB_46714D,"2011-09-05 21:00:00",5.4,4.5,125,1004.5,27.1,28.5,0.82,5.6,236,7.4,,,,,,
Vector_CWB_FB_46714D,"2011-09-05 22:00:00",4.6,3.7,130,1004.8,27.2,28.4,0.87,5.3,258,8.7,,,,,,
Vector_CWB_FB_46714D,"2011-09-05 23:00:00",4.5,3.7,138,1004.9,27.2,28.6,0.7,5.2,270,8,,,,,,
Vector_CWB_FB_46714D,"2011-09-06 00:00:00",3.5,2.8,138,1004.5,26.9,28.6,0.71,5.7,270,7.4,,,,,,
Vector_CWB_FB_46714D,"2011-09-06 01:00:00",,,,1003.6,26.9,28.7,0.54,4.8,281,8.7,,,,,,
Vector_CWB_FB_46714D,"2011-09-06 02:00:00",4.4,3.1,80,1003.7,26.5,28.8,0.52,5.5,225,8.7,,,,,,
Vector_CWB_FB_46714D,"2011-09-06 03:00:00",2.3,1.8,92,1003.6,26.2,28.7,0.6,6,213,8,,,,,,
Vector_CWB_FB_46714D,"2011-09-06 04:00:00",1.8,1.3,111,1003.7,26.5,28.8,0.45,5.6,191,7.4,,,,,,
Vector_CWB_FB_46714D,"2011-09-06 05:00:00",,,,1003.8,26.5,28.7,0.51,5.9,247,8,,,,,,
Vector_CWB_FB_46714D,"2011-09-06 06:00:00",,,,1004.6,26.6,28.7,0.45,5.5,213,8,,,,,,
Vector_CWB_FB_46714D,"2011-09-06 07:00:00",,,,1005,26.8,28.7,0.42,5.2,236,7.4,,,,,,
Vector_CWB_FB_46714D,"2011-09-06 08:00:00",,,,1005.6,27.2,28.8,0.49,5.5,202,6.9,,,,,,
Vector_CWB_FB_46714D,"2011-09-06 09:00:00",,,,1006.2,28,29.2,0.65,5.9,213,7.4,,,,,,
Vector_CWB_FB_46714D,"2011-09-06 10:00:00",2.2,1.6,150,1006.4,27.9,29.5,0.54,5.7,236,7.4,,,,,,
Vector_CWB_FB_46714D,"2011-09-06 11:00:00",5.9,5.3,165,1006.4,27.8,29.7,0.64,5.5,213,6.9,,,,,,
Vector_CWB_FB_46714D,"2011-09-06 12:00:00",6.5,5.8,178,1005.9,27.6,29.9,0.56,5.3,225,8,,,,,,
Vector_CWB_FB_46714D,"2011-09-06 13:00:00",4.2,3,205,1005,27.6,29.7,0.55,4.8,247,6.9,,,,,,
Vector_CWB_FB_46714D,"2011-09-06 14:00:00",4.5,3.4,210,1004.3,27.7,29.5,0.49,4.7,236,7.4,,,,,,
Vector_CWB_FB_46714D,"2011-09-06 15:00:00",7.4,5.7,208,1003.6,27.8,29,0.44,5.2,191,7.4,,,,,,
Vector_CWB_FB_46714D,"2011-09-06 16:00:00",7.4,6.5,190,1003.1,27.3,29.1,0.46,5.4,191,7.4,,,,,,
Vector_CWB_FB_46714D,"2011-09-06 17:00:00",7.5,6.5,173,1003.2,27.4,29.1,0.51,5.3,180,8,,,,,,
Vector_CWB_FB_46714D,"2011-09-06 18:00:00",4.8,3.7,157,1003.4,26.9,28.3,0.6,4.6,168,7.4,,,,,,
Vector_CWB_FB_46714D,"2011-09-06 19:00:00",5,3.7,202,1004,26.6,28.7,0.59,5.2,213,7.4,,,,,,
Vector_CWB_FB_46714D,"2011-09-06 20:00:00",5,3.9,159,1004.3,26.9,28.8,0.83,5.4,225,7.4,,,,,,
Vector_CWB_FB_46714D,"2011-09-06 21:00:00",6.2,4.9,131,1004.8,26.4,28.6,0.79,5.4,225,6.9,,,,,,
Vector_CWB_FB_46714D,"2011-09-06 22:00:00",5.8,4.7,134,1004.9,26.9,28.4,0.63,4.8,225,8.7,,,,,,
Vector_CWB_FB_46714D,"2011-09-06 23:00:00",5.2,4.4,140,1004.7,26.8,28.4,0.66,4.9,236,6.9,,,,,,
Vector_CWB_FB_46714D,"2011-09-07 00:00:00",6.8,6.1,133,1004.3,27,28.8,0.61,5.1,281,7.4,,,,,,
Vector_CWB_FB_46714D,"2011-09-07 01:00:00",2.8,2,104,1004,26.8,28.7,0.51,5.3,247,6.9,,,,,,
Vector_CWB_FB_46714D,"2011-09-07 02:00:00",3.7,3,152,1003.7,26.7,28.5,0.47,5.8,247,8.7,,,,,,
Vector_CWB_FB_46714D,"2011-09-07 03:00:00",1.8,1.1,134,1003.3,26.7,28.5,0.47,5.6,258,8,,,,,,
Vector_CWB_FB_46714D,"2011-09-07 04:00:00",2.7,2.1,16,1003.4,26,28.6,0.51,5.7,247,8,,,,,,
Vector_CWB_FB_46714D,"2011-09-07 05:00:00",2,1.4,25,1003.6,25.5,28.6,0.46,5.3,236,7.4,,,,,,
Vector_CWB_FB_46714D,"2011-09-07 06:00:00",2,1.3,22,1003.8,25.8,28.7,0.46,5.6,225,8,,,,,,
Vector_CWB_FB_46714D,"2011-09-07 07:00:00",3,2.3,20,1004.3,26,28.6,0.32,5.2,247,8,,,,,,
Vector_CWB_FB_46714D,"2011-09-07 08:00:00",2.9,2.2,28,1004.8,26.7,28.7,0.4,5.9,236,8,,,,,,
Vector_CWB_FB_46714D,"2011-09-07 09:00:00",3.5,2.1,34,1005.1,27.1,28.9,0.52,6.2,213,8,,,,,,
Vector_CWB_FB_46714D,"2011-09-07 10:00:00",2.7,1.7,57,1005.5,27.5,29.1,0.51,6.1,213,7.4,,,,,,
Vector_CWB_FB_46714D,"2011-09-07 11:00:00",,,,1005.3,28.2,29.7,0.57,6.1,213,6.9,,,,,,
Vector_CWB_FB_46714D,"2011-09-07 12:00:00",2.2,1.1,225,1005.1,28.1,,0.51,5.6,225,6.5,,,,,,
Vector_CWB_FB_46714D,"2011-09-07 13:00:00",2.6,1.6,195,1004.3,27.9,30.1,0.53,5.6,236,6.9,,,,,,
Vector_CWB_FB_46714D,"2011-09-07 14:00:00",3.7,2.6,200,1003.8,27.9,30,0.65,5.9,236,6.9,,,,,,
Vector_CWB_FB_46714D,"2011-09-07 15:00:00",4.4,3.4,211,1003.6,27.7,29.8,0.58,5.7,270,7.4,,,,,,
Vector_CWB_FB_46714D,"2011-09-07 16:00:00",3.8,2.9,193,1003.5,27.8,29.7,0.43,5.6,236,6.9,,,,,,
Vector_CWB_FB_46714D,"2011-09-07 17:00:00",2.7,2.1,202,1003.4,27.7,30.1,0.44,5.5,213,6.9,,,,,,
Vector_CWB_FB_46714D,"2011-09-07 18:00:00",3.6,2.5,194,1003.5,27.6,29.2,0.47,5,157,6.1,,,,,,
Vector_CWB_FB_46714D,"2011-09-07 19:00:00",5.4,4.2,194,1003.8,27.5,28.9,0.59,5.4,213,7.4,,,,,,
Vector_CWB_FB_46714D,"2011-09-07 20:00:00",2.2,1.6,123,1004.5,27.7,29.2,0.58,5.4,202,7.4,,,,,,
Vector_CWB_FB_46714D,"2011-09-07 21:00:00",2.1,1.5,54,1005.4,27.6,29.2,0.58,5.2,213,7.4,,,,,,
Vector_CWB_FB_46714D,"2011-09-07 22:00:00",4.1,3.2,118,1005.7,27.3,29.2,0.67,5.2,225,8,,,,,,
Vector_CWB_FB_46714D,"2011-09-07 23:00:00",3.9,3.1,133,1005.1,27,29.2,0.66,4.9,247,6.9,,,,,,
Vector_CWB_FB_46714D,"2011-09-08 00:00:00",5.9,4.9,139,1004.7,26.7,28.7,0.59,4.8,247,6.9,,,,,,
Vector_CWB_FB_46714D,"2011-09-08 01:00:00",5.8,4.5,151,1003.9,26.6,28.7,0.56,4.2,247,7.4,,,,,,
Vector_CWB_FB_46714D,"2011-09-08 02:00:00",4.7,3.2,133,1003.7,26.7,28.7,0.46,4.5,247,6.9,,,,,,
Vector_CWB_FB_46714D,"2011-09-08 03:00:00",3.2,2.3,102,1003.3,26.4,28.7,0.52,4.1,247,8,,,,,,
Vector_CWB_FB_46714D,"2011-09-08 04:00:00",2.5,1.9,25,1002.7,25.7,28.8,0.56,4.9,258,6.9,,,,,,
Vector_CWB_FB_46714D,"2011-09-08 05:00:00",5.7,2.8,23,1003.2,25.7,28.7,0.57,5.5,236,8,,,,,,
Vector_CWB_FB_46714D,"2011-09-08 06:00:00",2.4,1.6,27,1003.9,25.5,28.7,0.45,5.2,258,6.9,,,,,,
Vector_CWB_FB_46714D,"2011-09-08 07:00:00",3.8,2.9,45,1004.6,26.1,28.9,0.47,5.6,213,8,,,,,,
Vector_CWB_FB_46714D,"2011-09-08 08:00:00",3.8,3.1,53,1005.8,26.4,28.8,0.32,4.8,247,8,,,,,,
Vector_CWB_FB_46714D,"2011-09-08 09:00:00",2.4,1.8,54,1006,26.6,28.9,0.39,5.6,247,7.4,,,,,,
Vector_CWB_FB_46714D,"2011-09-08 10:00:00",,,,1006.5,27.8,29.6,0.41,5.6,213,8,,,,,,
Vector_CWB_FB_46714D,"2011-09-08 11:00:00",3.7,2.9,288,1006.6,28.3,29.9,0.47,5.6,191,7.4,,,,,,
Vector_CWB_FB_46714D,"2011-09-08 12:00:00",5.9,4.3,322,1006.4,28.2,29.8,0.46,5.6,202,7.4,,,,,,
Vector_CWB_FB_46714D,"2011-09-08 13:00:00",7,5.4,323,1005.5,27.6,29.8,0.49,5.3,225,7.4,,,,,,
Vector_CWB_FB_46714D,"2011-09-08 14:00:00",5.5,4.2,326,1005.1,27.5,29.6,0.44,4.8,225,7.4,,,,,,
Vector_CWB_FB_46714D,"2011-09-08 15:00:00",5.8,4.1,330,1004.6,27.3,29.5,0.58,5.2,213,6.9,,,,,,
Vector_CWB_FB_46714D,"2011-09-08 16:00:00",4.8,3.7,325,1004.4,27.5,29.3,0.57,4.5,225,6.9,,,,,,
Vector_CWB_FB_46714D,"2011-09-08 17:00:00",3.7,2.8,316,1004.2,27.6,29.2,0.53,5,202,6.5,,,,,,
Vector_CWB_FB_46714D,"2011-09-08 18:00:00",2,1.5,296,1004.6,27.3,29.1,0.5,5.3,191,7.4,,,,,,
Vector_CWB_FB_46714D,"2011-09-08 19:00:00",,,,1005.8,27.4,29.2,0.49,5.2,191,6.9,,,,,,
Vector_CWB_FB_46714D,"2011-09-08 20:00:00",5,4.5,185,1006.5,27.2,29.2,0.46,5.6,180,6.9,,,,,,
Vector_CWB_FB_46714D,"2011-09-08 21:00:00",,,,1006.8,27.3,28.9,0.48,5.8,191,6.9,,,,,,
Vector_CWB_FB_46714D,"2011-09-08 22:00:00",3.3,2.3,181,1007.2,27.2,28.9,0.59,5.9,202,6.9,,,,,,
Vector_CWB_FB_46714D,"2011-09-08 23:00:00",5.6,4.4,150,1006.9,27.1,28.9,0.49,5.4,202,6.9,,,,,,
Vector_CWB_FB_46714D,"2011-09-09 00:00:00",3.4,2.1,174,1006.6,27,28.9,0.6,4.9,225,7.4,,,,,,
Vector_CWB_FB_46714D,"2011-09-09 01:00:00",,,,1006.6,26.6,28.8,0.57,4.5,247,8.7,,,,,,
Vector_CWB_FB_46714D,"2011-09-09 02:00:00",1.8,1.4,350,1006.6,26.4,28.8,0.57,5.1,247,8.7,,,,,,
Vector_CWB_FB_46714D,"2011-09-09 03:00:00",2.1,1.2,357,1006.7,26.4,28.8,0.49,4.8,247,7.4,,,,,,
Vector_CWB_FB_46714D,"2011-09-09 04:00:00",,,,1006.5,26.4,28.8,0.51,4.9,258,7.4,,,,,,
Vector_CWB_FB_46714D,"2011-09-09 05:00:00",,,,1006.3,26.2,28.7,0.48,5,236,8,,,,,,
Vector_CWB_FB_46714D,"2011-09-09 06:00:00",2.3,1.6,98,1007,26.4,28.7,0.44,5.1,258,8,,,,,,
Vector_CWB_FB_46714D,"2011-09-09 07:00:00",2.5,1.9,115,1008,26.7,28.8,0.35,5,236,8.7,,,,,,
Vector_CWB_FB_46714D,"2011-09-09 08:00:00",2.4,1.4,126,1008.7,27.3,29.1,0.38,5.1,247,6.9,,,,,,
Vector_CWB_FB_46714D,"2011-09-09 09:00:00",2.3,1.5,156,1009.2,27.8,29.4,0.44,5,236,7.4,,,,,,
Vector_CWB_FB_46714D,"2011-09-09 10:00:00",2.4,1.7,179,1009,27.9,29.7,0.42,5.2,213,8,,,,,,
Vector_CWB_FB_46714D,"2011-09-09 11:00:00",3.4,2.1,212,1008.8,28.1,29.7,0.41,4.8,236,7.4,,,,,,
Vector_CWB_FB_46714D,"2011-09-09 12:00:00",3,2.2,211,1008.5,28.2,29.6,0.45,4.4,213,8,,,,,,
Vector_CWB_FB_46714D,"2011-09-09 13:00:00",3.1,2.3,248,1007.9,28.4,29.8,0.35,4.3,180,7.4,,,,,,
Vector_CWB_FB_46714D,"2011-09-09 14:00:00",3.7,2.7,266,1007.3,28.5,30.3,0.37,4.2,225,7.4,,,,,,
Vector_CWB_FB_46714D,"2011-09-09 15:00:00",3.9,2.9,266,1006.5,28.2,30,0.4,4.2,247,6.9,,,,,,
Vector_CWB_FB_46714D,"2011-09-09 16:00:00",6.4,5.8,259,1006.6,28.3,29.9,0.36,4.4,258,6.9,,,,,,
Vector_CWB_FB_46714D,"2011-09-09 17:00:00",1.9,1.2,242,1007,28,29.6,0.46,4.6,202,6.9,,,,,,
Vector_CWB_FB_46714D,"2011-09-09 18:00:00",5.6,4.7,220,1007.3,28,29.5,0.37,4.3,225,6.9,,,,,,
Vector_CWB_FB_46714D,"2011-09-09 19:00:00",2.6,2.1,176,1008,28.1,29.6,0.32,4.2,157,8,,,,,,
Vector_CWB_FB_46714D,"2011-09-09 20:00:00",5.7,4.4,136,1008.9,27.9,29.5,0.34,4.2,146,7.4,,,,,,
Vector_CWB_FB_46714D,"2011-09-09 21:00:00",8.2,7.3,131,1008.6,27.4,29.4,0.41,3.6,135,3.4,,,,,,
Vector_CWB_FB_46714D,"2011-09-09 22:00:00",4.5,3.6,109,1008.9,27.4,29.3,0.63,3.8,135,3.8,,,,,,
Vector_CWB_FB_46714D,"2011-09-09 23:00:00",3.7,2.8,93,1009.2,27.3,29,0.62,3.8,135,4,,,,,,
Vector_CWB_FB_46714D,"2011-09-10 00:00:00",3,2.4,103,1009.1,26.9,28.5,0.44,4,225,7.4,,,,,,
Vector_CWB_FB_46714D,"2011-09-10 01:00:00",3.4,2.8,82,1008.9,26.9,28.6,0.32,4.1,213,8,,,,,,
Vector_CWB_FB_46714D,"2011-09-10 02:00:00",3.2,2.1,71,1008.8,27.1,29.1,0.3,4.5,236,7.4,,,,,,
Vector_CWB_FB_46714D,"2011-09-10 03:00:00",3.1,2.3,61,1008.1,26.8,29.1,0.29,4.5,258,6.5,,,,,,
Vector_CWB_FB_46714D,"2011-09-10 04:00:00",4.3,3.4,65,1007.9,26.4,29.1,0.22,4.5,270,6.9,,,,,,
Vector_CWB_FB_46714D,"2011-09-10 05:00:00",3.9,3.1,58,1007.7,26.3,29,0.24,4.8,236,7.4,,,,,,
Vector_CWB_FB_46714D,"2011-09-10 06:00:00",3.1,2.1,55,1007.8,26.4,28.7,0.28,4.6,247,6.9,,,,,,
Vector_CWB_FB_46714D,"2011-09-10 07:00:00",2.4,1.7,58,1008.5,26.8,28.7,0.26,4.8,258,7.4,,,,,,
Vector_CWB_FB_46714D,"2011-09-10 08:00:00",2.5,2.1,51,1009,27,29,0.24,4.8,225,7.4,,,,,,
Vector_CWB_FB_46714D,"2011-09-10 09:00:00",1.7,1.4,73,1009.7,27.1,29.3,0.32,5.1,236,6.5,,,,,,
Vector_CWB_FB_46714D,"2011-09-10 10:00:00",2.1,1.3,102,1010.4,27.9,29.5,0.29,4.7,191,7.4,,,,,,
Vector_CWB_FB_46714D,"2011-09-10 11:00:00",5.9,5.2,159,1010.2,28.2,29.7,0.24,4.3,191,5.8,,,,,,
Vector_CWB_FB_46714D,"2011-09-10 12:00:00",2.5,1.8,188,1009.8,28.3,29.9,0.31,4.5,225,6.1,,,,,,
Vector_CWB_FB_46714D,"2011-09-10 13:00:00",3.4,2.7,245,1008.6,28.8,29.8,0.25,4.7,202,6.9,,,,,,
Vector_CWB_FB_46714D,"2011-09-10 14:00:00",3.7,2.6,249,1007.5,28.8,30,0.24,4.2,303,6.9,,,,,,
Vector_CWB_FB_46714D,"2011-09-10 15:00:00",4.5,2.3,269,1006.9,29,30.5,0.36,3.9,157,3.3,,,,,,
Vector_CWB_FB_46714D,"2011-09-10 16:00:00",4.6,3.4,285,1006.6,28.8,30.1,0.34,3.9,258,9.5,,,,,,
Vector_CWB_FB_46714D,"2011-09-10 17:00:00",4.6,3.8,313,1006.4,28.4,29.8,0.41,4,247,8.7,,,,,,
Vector_CWB_FB_46714D,"2011-09-10 18:00:00",4.7,3.6,328,1007.1,27.9,28.5,0.39,3.9,225,6.5,,,,,,
Vector_CWB_FB_46714D,"2011-09-10 19:00:00",2.9,2.2,343,1008.4,27.8,28.4,0.4,4.4,236,9.5,,,,,,
Vector_CWB_FB_46714D,"2011-09-10 20:00:00",2.4,1.7,337,1008.7,27.9,28.4,0.4,4.4,225,7.4,,,,,,
Vector_CWB_FB_46714D,"2011-09-10 21:00:00",2.7,1.9,349,1009.5,28,28.6,0.37,4.5,146,4.3,,,,,,
Vector_CWB_FB_46714D,"2011-09-10 22:00:00",,,,1009.3,27.7,28.6,0.36,4.6,180,8,,,,,,
Vector_CWB_FB_46714D,"2011-09-10 23:00:00",,,,1009.5,27.3,28.7,0.37,4.7,213,8.7,,,,,,
Vector_CWB_FB_46714D,"2011-09-11 00:00:00",,,,1009,27.1,28.9,0.41,5,225,6.9,,,,,,
Vector_CWB_FB_46714D,"2011-09-11 01:00:00",,,,1008.4,26.9,28.7,0.34,5.2,202,8.7,,,,,,
Vector_CWB_FB_46714D,"2011-09-11 02:00:00",4.8,4.3,319,1007.7,27,28.8,0.41,4.9,236,8.7,,,,,,
Vector_CWB_FB_46714D,"2011-09-11 03:00:00",5.8,5.2,55,1007.2,27,28.8,0.46,4.4,236,7.4,,,,,,
Vector_CWB_FB_46714D,"2011-09-11 04:00:00",1.9,1.4,64,1007.1,26.3,28.8,0.38,4.8,247,8,,,,,,
Vector_CWB_FB_46714D,"2011-09-11 05:00:00",1.5,1.1,27,1007,26.4,28.8,0.43,4.7,270,8,,,,,,
Vector_CWB_FB_46714D,"2011-09-11 06:00:00",2.4,1.8,41,1007.5,26.2,28.8,0.35,4.8,236,8.7,,,,,,
Vector_CWB_FB_46714D,"2011-09-11 07:00:00",2.9,2.3,91,1008,26.4,29,0.35,4.8,247,8,,,,,,
Vector_CWB_FB_46714D,"2011-09-11 08:00:00",2.1,1.4,106,1008.5,27,29,0.35,5,247,8,,,,,,
Vector_CWB_FB_46714D,"2011-09-11 09:00:00",5.3,3.6,153,1008.7,27.9,29.3,0.33,4.6,258,7.4,,,,,,
Vector_CWB_FB_46714D,"2011-09-11 10:00:00",5.9,5.3,182,1008.9,28.2,29.5,0.38,4.6,225,8.7,,,,,,
Vector_CWB_FB_46714D,"2011-09-11 11:00:00",,,,1009,29.1,29.7,0.33,4.4,213,4.9,,,,,,
Vector_CWB_FB_46714D,"2011-09-11 12:00:00",,,,1008.2,29.3,,0.41,4.4,168,4.9,,,,,,
Vector_CWB_FB_46714D,"2011-09-11 13:00:00",1.9,1.2,264,1007.6,29.2,30.1,0.38,4.4,236,7.4,,,,,,
Vector_CWB_FB_46714D,"2011-09-11 14:00:00",3.7,2.6,279,1006.9,28.7,29.9,0.44,4.5,202,5.2,,,,,,
Vector_CWB_FB_46714D,"2011-09-11 15:00:00",3.5,2.7,285,1006,28.7,29.8,0.43,4.5,258,6.5,,,,,,
Vector_CWB_FB_46714D,"2011-09-11 16:00:00",2.4,1.9,302,1005.8,28.4,29.9,0.43,4.5,247,8,,,,,,
Vector_CWB_FB_46714D,"2011-09-11 17:00:00",2.7,1.8,340,1006.3,28.5,30.2,0.41,4.2,281,4.9,,,,,,
Vector_CWB_FB_46714D,"2011-09-11 18:00:00",3.7,2.4,2,1006.4,28.3,29.7,0.39,3.9,303,6.1,,,,,,
Vector_CWB_FB_46714D,"2011-09-11 19:00:00",5.5,4.4,26,1006.9,26.7,29.2,0.4,4.2,191,5.8,,,,,,
Vector_CWB_FB_46714D,"2011-09-11 20:00:00",3.2,2.5,32,1007.9,27.1,29.3,0.43,4.3,168,6.5,,,,,,
Vector_CWB_FB_46714D,"2011-09-11 21:00:00",6.7,6.1,40,1008.8,27,29.6,0.38,4.6,123,6.5,,,,,,
Vector_CWB_FB_46714D,"2011-09-11 22:00:00",6.9,6,57,1009.1,27.1,30,0.38,4.9,135,5.2,,,,,,
Vector_CWB_FB_46714D,"2011-09-11 23:00:00",5.7,5.1,59,1009.2,27.2,29.9,0.46,4.9,135,5.2,,,,,,
Vector_CWB_FB_46714D,"2011-09-12 00:00:00",2,1.3,56,1009.1,27.4,29.6,0.4,5,135,6.5,,,,,,
Vector_CWB_FB_46714D,"2011-09-12 01:00:00",2.1,1.5,35,1008.2,26.8,29.3,0.37,4.7,225,9.5,,,,,,
Vector_CWB_FB_46714D,"2011-09-12 02:00:00",1.4,1.1,7,1007.7,26.5,29.1,0.37,4.6,202,6.1,,,,,,
Vector_CWB_FB_46714D,"2011-09-12 03:00:00",3.4,2.8,39,1007.6,26.3,28.9,0.31,4.9,225,8,,,,,,
Vector_CWB_FB_46714D,"2011-09-12 04:00:00",3.5,2.6,28,1007.4,26,29,0.35,5,236,8,,,,,,
Vector_CWB_FB_46714D,"2011-09-12 05:00:00",2.7,2.1,26,1007.1,25.8,29.2,0.36,5.1,213,8,,,,,,
Vector_CWB_FB_46714D,"2011-09-12 06:00:00",2.7,1.9,35,1007.4,26.1,29.3,0.34,5,281,5.4,,,,,,
Vector_CWB_FB_46714D,"2011-09-12 07:00:00",5,4,46,1007,26.4,29.2,0.4,5.4,213,8.7,,,,,,
Vector_CWB_FB_46714D,"2011-09-12 08:00:00",,,,1007.7,27.1,29.3,0.36,5.3,247,7.4,,,,,,
Vector_CWB_FB_46714D,"2011-09-12 09:00:00",,,,1008,27.8,29.3,0.43,5.2,281,6.5,,,,,,
Vector_CWB_FB_46714D,"2011-09-12 10:00:00",5.2,2.6,193,1008.5,28.3,29.9,0.35,5.2,247,8.7,,,,,,
Vector_CWB_FB_46714D,"2011-09-12 11:00:00",2.3,1.4,213,1008.9,28.5,30.2,0.36,5.1,258,5.2,,,,,,
Vector_CWB_FB_46714D,"2011-09-12 12:00:00",2.9,1.6,248,1007.4,28.3,30.3,0.42,4.9,225,8,,,,,,
Vector_CWB_FB_46714D,"2011-09-12 13:00:00",3.3,2.4,247,1007.3,28.2,30.1,0.52,5.3,247,6.9,,,,,,
Vector_CWB_FB_46714D,"2011-09-12 14:00:00",3.8,2.8,242,1006.8,28.8,30.3,0.49,5.3,225,10.4,,,,,,
Vector_CWB_FB_46714D,"2011-09-12 15:00:00",2.3,1.6,241,1006.2,29.1,30.2,0.48,5.1,236,8,,,,,,
Vector_CWB_FB_46714D,"2011-09-12 16:00:00",,,,1006.9,28.6,30,0.49,5.4,213,9.5,,,,,,
Vector_CWB_FB_46714D,"2011-09-12 17:00:00",8.2,6.5,55,1007.4,25.8,30.2,0.41,5.3,236,6.9,,,,,,
Vector_CWB_FB_46714D,"2011-09-12 18:00:00",4.1,3.1,100,1006.9,25.6,29.8,0.54,5.5,258,10.4,,,,,,
Vector_CWB_FB_46714D,"2011-09-12 19:00:00",4.2,2.5,78,1006.5,25.5,30,0.52,5.3,236,9.5,,,,,,
Vector_CWB_FB_46714D,"2011-09-12 20:00:00",5.8,5.3,1,1007.5,26.3,30,0.48,5.5,191,9.5,,,,,,
Vector_CWB_FB_46714D,"2011-09-12 21:00:00",7.1,6.3,28,1007,25.8,29.9,0.54,6.5,180,9.5,,,,,,
Vector_CWB_FB_46714D,"2011-09-12 22:00:00",6.5,5.7,65,1007.1,26.4,29.6,0.49,6.6,225,9.5,,,,,,
Vector_CWB_FB_46714D,"2011-09-12 23:00:00",,,,1006.9,26.8,29.5,0.54,7.1,236,9.5,,,,,,
Vector_CWB_FB_46714D,"2011-09-13 00:00:00",,,,1006.3,26.8,29.7,0.56,7.3,236,9.5,,,,,,
Vector_CWB_FB_46714D,"2011-09-13 01:00:00",4.4,3.7,44,1005.7,25.8,29.5,0.53,6.9,225,9.5,,,,,,
Vector_CWB_FB_46714D,"2011-09-13 02:00:00",2.2,1.5,30,1005.3,26,29.6,0.65,7.1,236,8.7,,,,,,
Vector_CWB_FB_46714D,"2011-09-13 03:00:00",2.1,1.3,69,1004.6,26.2,29.3,0.71,7,236,8.7,,,,,,
Vector_CWB_FB_46714D,"2011-09-13 04:00:00",2.6,1.9,117,1004.5,26.4,29.4,0.66,6.9,236,8,,,,,,
Vector_CWB_FB_46714D,"2011-09-13 05:00:00",3.5,2.6,147,1004.6,26.6,29.6,0.68,6.7,236,8.7,,,,,,
Vector_CWB_FB_46714D,"2011-09-13 06:00:00",2.3,1.8,183,1004.8,27.2,29.5,0.64,6.9,247,9.5,,,,,,
Vector_CWB_FB_46714D,"2011-09-13 07:00:00",2,1.2,226,1005,27.3,29.6,0.58,6.3,247,9.5,,,,,,
Vector_CWB_FB_46714D,"2011-09-13 08:00:00",5.6,4.8,42,1005.4,26.4,29.6,0.54,6.3,213,8,,,,,,
Vector_CWB_FB_46714D,"2011-09-13 09:00:00",4.2,3.3,46,1005.7,26.9,29.5,0.69,6.3,225,8,,,,,,
Vector_CWB_FB_46714D,"2011-09-13 10:00:00",,,,1005.8,27.8,29.8,0.57,6.4,236,7.4,,,,,,
Vector_CWB_FB_46714D,"2011-09-13 11:00:00",2.9,2.1,270,1005.9,27.9,30.3,0.71,6.3,213,8.7,,,,,,
Vector_CWB_FB_46714D,"2011-09-13 12:00:00",3,2.1,283,1005.2,28.5,30.3,0.62,6.1,202,6.5,,,,,,
Vector_CWB_FB_46714D,"2011-09-13 13:00:00",6.9,6.2,299,1004.7,28.1,30.4,0.7,6.5,225,8.7,,,,,,
Vector_CWB_FB_46714D,"2011-09-13 14:00:00",3.5,2.7,299,1004.2,28,30.3,0.62,6.4,236,8.7,,,,,,
Vector_CWB_FB_46714D,"2011-09-13 15:00:00",3.7,2.7,294,1003.2,28.1,29.9,0.62,6.2,258,9.5,,,,,,
Vector_CWB_FB_46714D,"2011-09-13 16:00:00",4.6,3.5,294,1003.2,28.2,29.9,0.63,6,258,8,,,,,,
Vector_CWB_FB_46714D,"2011-09-13 17:00:00",3.4,2.7,304,1003,28,29.6,0.77,6.5,225,8.7,,,,,,
Vector_CWB_FB_46714D,"2011-09-13 18:00:00",,,,1003.4,27.9,29.5,0.67,6.1,236,9.5,,,,,,
Vector_CWB_FB_46714D,"2011-09-13 19:00:00",,,,1003.3,27.7,29.3,0.7,5.9,236,8,,,,,,
Vector_CWB_FB_46714D,"2011-09-13 20:00:00",,,,1004,27.6,29.7,0.71,5.7,247,8.7,,,,,,
Vector_CWB_FB_46714D,"2011-09-13 21:00:00",,,,1003.8,27.6,29.6,0.64,5.7,258,8.7,,,,,,
Vector_CWB_FB_46714D,"2011-09-13 22:00:00",,,,1003.9,27.7,29.5,0.57,6.1,258,8.7,,,,,,
Vector_CWB_FB_46714D,"2011-09-13 23:00:00",1.7,1.1,199,1003.8,27.4,29.4,0.55,6.3,225,8.7,,,,,,
Vector_CWB_FB_46714D,"2011-09-14 00:00:00",1.8,1.2,214,1002.5,27.1,29.4,0.52,6.2,225,9.5,,,,,,
Vector_CWB_FB_46714D,"2011-09-14 01:00:00",2.3,1.2,198,1002.2,27.1,29.4,0.68,6.5,225,8.7,,,,,,
Vector_CWB_FB_46714D,"2011-09-14 02:00:00",2.6,2,180,1001.9,27.3,29.4,0.71,6.6,202,8,,,,,,
Vector_CWB_FB_46714D,"2011-09-14 03:00:00",2.8,1.9,230,1000.7,27.4,29.3,0.88,6.8,168,8.7,,,,,,
Vector_CWB_FB_46714D,"2011-09-14 04:00:00",2.2,1.3,218,1000.8,27.2,29.3,0.73,6.6,247,9.5,,,,,,
Vector_CWB_FB_46714D,"2011-09-14 05:00:00",3.1,2.3,241,1001.5,27.4,29.4,0.73,6.4,258,9.5,,,,,,
Vector_CWB_FB_46714D,"2011-09-14 06:00:00",,,,1001.5,27.2,29.4,0.62,6.2,247,8.7,,,,,,
Vector_CWB_FB_46714D,"2011-09-14 07:00:00",2.3,1.6,50,1002.6,26.8,29.1,0.64,6.6,247,8.7,,,,,,
Vector_CWB_FB_46714D,"2011-09-14 08:00:00",2.9,2,36,1002.7,27.2,29.1,0.65,6.5,236,8.7,,,,,,
Vector_CWB_FB_46714D,"2011-09-14 09:00:00",3,2.1,62,1003.8,27.5,29.3,0.73,6.6,247,8.7,,,,,,
Vector_CWB_FB_46714D,"2011-09-14 10:00:00",2.1,1.4,53,1003.5,28.1,29.5,0.74,6.3,247,9.5,,,,,,
Vector_CWB_FB_46714D,"2011-09-14 11:00:00",5.9,5,50,1003.2,28,30.2,0.67,5.7,225,6.9,,,,,,
Vector_CWB_FB_46714D,"2011-09-14 12:00:00",5.3,4.2,275,1002.9,28.9,,0.66,5.8,202,9.5,,,,,,
Vector_CWB_FB_46714D,"2011-09-14 13:00:00",2.7,1.6,298,1002,28.2,29.7,0.6,5.9,213,8.7,,,,,,
Vector_CWB_FB_46714D,"2011-09-14 14:00:00",5.6,4.4,308,1001.6,28,29.8,0.65,5.5,202,8.7,,,,,,
Vector_CWB_FB_46714D,"2011-09-14 15:00:00",6.2,4.8,307,1001.4,27.9,29.4,0.7,5.1,270,8.7,,,,,,
Vector_CWB_FB_46714D,"2011-09-14 16:00:00",6,4.7,309,1000.8,27.9,29.3,0.58,4.5,270,6.9,,,,,,
Vector_CWB_FB_46714D,"2011-09-14 17:00:00",3.3,1.9,323,1001.3,27.8,29.1,0.72,4.9,236,8,,,,,,
Vector_CWB_FB_46714D,"2011-09-14 18:00:00",2.2,1.3,317,1001.3,27.6,28.7,0.69,5,225,8,,,,,,
Vector_CWB_FB_46714D,"2011-09-14 19:00:00",,,,1001.4,27.6,28.8,0.74,4.7,247,8,,,,,,
Vector_CWB_FB_46714D,"2011-09-14 20:00:00",3.8,3,79,1002.3,26.9,29.3,0.79,4.6,270,4.7,,,,,,
Vector_CWB_FB_46714D,"2011-09-14 21:00:00",2.4,1.6,84,1002.6,27.3,29.2,0.78,4.7,258,4.7,,,,,,
Vector_CWB_FB_46714D,"2011-09-14 22:00:00",2.5,1.7,126,1002.7,27.3,29,0.72,4.8,213,7.4,,,,,,
Vector_CWB_FB_46714D,"2011-09-14 23:00:00",2.8,2.2,98,1002.8,27.4,29,0.65,4.9,236,6.1,,,,,,
Vector_CWB_FB_46714D,"2011-09-15 00:00:00",3.9,3.2,97,1002.4,27.2,29,0.63,5,225,6.1,,,,,,
Vector_CWB_FB_46714D,"2011-09-15 01:00:00",4.8,3.9,118,1003.7,27.8,29.2,0.59,4.8,236,5.4,,,,,,
Vector_CWB_FB_46714D,"2011-09-15 02:00:00",4.9,3.6,122,1003.3,27.1,29,0.54,5,258,5.8,,,,,,
Vector_CWB_FB_46714D,"2011-09-15 03:00:00",3.2,2.2,141,1002.8,27,29,0.56,4.9,247,5.4,,,,,,
Vector_CWB_FB_46714D,"2011-09-15 04:00:00",6.3,5.6,101,1002.9,26.7,28.8,0.53,4.8,258,5.2,,,,,,
Vector_CWB_FB_46714D,"2011-09-15 05:00:00",6.8,5.9,67,1002.2,26.8,28.6,0.5,4.8,202,5.8,,,,,,
Vector_CWB_FB_46714D,"2011-09-15 06:00:00",2.1,1.4,65,1001.8,26.8,28.6,0.45,4.9,247,7.4,,,,,,
Vector_CWB_FB_46714D,"2011-09-15 07:00:00",2.9,2.1,66,1002,26.5,28.5,0.42,4.6,247,7.4,,,,,,
Vector_CWB_FB_46714D,"2011-09-15 08:00:00",2.3,1.7,91,1003.1,27.4,29.3,0.41,4.5,270,6.5,,,,,,
Vector_CWB_FB_46714D,"2011-09-15 09:00:00",1.8,1.2,116,1003.4,28.1,29.6,0.47,5,270,6.9,,,,,,
Vector_CWB_FB_46714D,"2011-09-15 10:00:00",5.2,4.6,234,1003.9,28.5,29.7,0.49,4.7,213,6.9,,,,,,
Vector_CWB_FB_46714D,"2011-09-15 11:00:00",5.3,1.9,249,1004.4,29.7,29.8,0.43,4.6,168,6.5,,,,,,
Vector_CWB_FB_46714D,"2011-09-15 12:00:00",2,1.3,265,1004.7,30,30.1,0.4,4.7,258,6.5,,,,,,
Vector_CWB_FB_46714D,"2011-09-15 13:00:00",2.7,2.2,239,1003.4,28.6,29.9,0.36,4.9,270,6.1,,,,,,
Vector_CWB_FB_46714D,"2011-09-15 14:00:00",2.6,1.8,220,1003.3,28.5,29.8,0.45,4.9,225,8,,,,,,
Vector_CWB_FB_46714D,"2011-09-15 15:00:00",3.2,2.5,242,1003.2,28.6,29.9,0.48,5,236,7.4,,,,,,
Vector_CWB_FB_46714D,"2011-09-15 16:00:00",4.3,3,249,1002.8,28.3,29.6,0.47,4.4,247,6.5,,,,,,
Vector_CWB_FB_46714D,"2011-09-15 17:00:00",3.6,2.9,259,1002.8,28.6,29.5,0.51,4.4,258,6.5,,,,,,
Vector_CWB_FB_46714D,"2011-09-15 18:00:00",4,3.1,272,1003.4,28.4,29.5,0.49,4.4,258,6.1,,,,,,
Vector_CWB_FB_46714D,"2011-09-15 19:00:00",3.9,3.1,276,1003.5,28,29.2,0.49,4.4,281,5.8,,,,,,
Vector_CWB_FB_46714D,"2011-09-15 20:00:00",3.9,3,299,1003.7,28,29.1,0.48,4.1,270,6.5,,,,,,
Vector_CWB_FB_46714D,"2011-09-15 21:00:00",3.8,3,281,1004.6,28.1,29.7,0.36,4.2,303,6.1,,,,,,
Vector_CWB_FB_46714D,"2011-09-15 22:00:00",3.1,1.7,64,1004.5,27.1,29.6,0.39,4.6,146,6.1,,,,,,
Vector_CWB_FB_46714D,"2011-09-15 23:00:00",,,,1004.1,27,29.6,0.38,4.7,146,6.1,,,,,,
Vector_CWB_FB_46714D,"2011-09-16 00:00:00",2.9,2.2,21,1004.2,26.8,29.7,0.36,4.9,135,6.9,,,,,,
Vector_CWB_FB_46714D,"2011-09-16 01:00:00",3.1,1.9,37,1004.6,27.3,29.8,0.37,5,135,6.9,,,,,,
Vector_CWB_FB_46714D,"2011-09-16 02:00:00",2.4,1.5,336,1003.6,26.9,29.7,0.42,5,135,6.9,,,,,,
Vector_CWB_FB_46714D,"2011-09-16 03:00:00",,,,1003.5,27,29.7,0.37,4.6,123,7.4,,,,,,
Vector_CWB_FB_46714D,"2011-09-16 04:00:00",2.3,1.8,351,1002.5,26.6,29.6,0.38,4.9,168,6.9,,,,,,
Vector_CWB_FB_46714D,"2011-09-16 05:00:00",3,2.2,7,1002.5,25.9,29.3,0.38,4.5,213,5.2,,,,,,
Vector_CWB_FB_46714D,"2011-09-16 06:00:00",6.2,4.5,351,1002.7,26,29.2,0.45,4.7,213,7.4,,,,,,
Vector_CWB_FB_46714D,"2011-09-16 07:00:00",2.8,1.9,345,1003.2,27.3,29.1,0.39,4.3,247,5.2,,,,,,
Vector_CWB_FB_46714D,"2011-09-16 08:00:00",2.3,1.3,359,1003.5,28.2,29.3,0.37,4.4,247,6.9,,,,,,
Vector_CWB_FB_46714D,"2011-09-16 09:00:00",2.1,1.2,34,1004,28.7,29.6,0.38,4.5,247,6.5,,,,,,
Vector_CWB_FB_46714D,"2011-09-16 10:00:00",,,,1003.1,28.1,29.6,0.34,4,236,7.4,,,,,,
Vector_CWB_FB_46714D,"2011-09-16 11:00:00",2.8,1.7,296,1003.6,28.1,30.1,0.33,4.1,157,6.9,,,,,,
Vector_CWB_FB_46714D,"2011-09-16 12:00:00",3.8,2.9,285,1003.3,28.2,30,0.31,4.4,56,5.8,,,,,,
Vector_CWB_FB_46714D,"2011-09-16 13:00:00",4.6,3.6,286,1002.4,28.2,30.2,0.34,4.4,202,6.9,,,,,,
Vector_CWB_FB_46714D,"2011-09-16 14:00:00",4.5,3.7,260,1001.5,28.4,30.1,0.36,4.6,225,7.4,,,,,,
Vector_CWB_FB_46714D,"2011-09-16 15:00:00",6.1,5.1,255,1001.5,28.4,30.1,0.37,4.5,236,6.9,,,,,,
Vector_CWB_FB_46714D,"2011-09-16 16:00:00",6.6,5.3,254,1001.5,28.4,29.9,0.41,3.9,225,4.5,,,,,,
Vector_CWB_FB_46714D,"2011-09-16 17:00:00",5.6,4.4,270,1001.2,28.2,29.9,0.47,3.8,236,5.2,,,,,,
Vector_CWB_FB_46714D,"2011-09-16 18:00:00",4.3,3.3,255,1001.4,27.9,29.7,0.46,3.7,247,4.9,,,,,,
Vector_CWB_FB_46714D,"2011-09-16 19:00:00",4.3,3.2,275,1002.1,27.8,29.6,0.43,3.5,270,3.2,,,,,,
Vector_CWB_FB_46714D,"2011-09-16 20:00:00",2.7,1.8,325,1002.5,27.6,29.4,0.38,3.8,348,6.1,,,,,,
Vector_CWB_FB_46714D,"2011-09-16 21:00:00",,,,1002.9,27.4,29.4,0.39,3.7,236,2.9,,,,,,
Vector_CWB_FB_46714D,"2011-09-16 22:00:00",6.8,5.9,78,1003.1,27.1,29.5,0.32,4,146,7.4,,,,,,
Vector_CWB_FB_46714D,"2011-09-16 23:00:00",3.1,2.1,278,1001.6,26.5,29.5,0.36,4.3,191,3.8,,,,,,
Vector_CWB_FB_46714D,"2011-09-17 00:00:00",2,1.2,311,1001.8,26.9,29.7,0.41,4.1,146,4.9,,,,,,
Vector_CWB_FB_46714D,"2011-09-17 01:00:00",,,,1001.3,26.4,29.5,0.4,4.1,146,4.7,,,,,,
Vector_CWB_FB_46714D,"2011-09-17 02:00:00",5.5,4.9,24,1001.5,26.4,29.4,0.48,4.3,213,4.5,,,,,,
Vector_CWB_FB_46714D,"2011-09-17 03:00:00",5.5,4.9,30,1001.2,26.7,29.6,0.49,4.6,213,5.8,,,,,,
Vector_CWB_FB_46714D,"2011-09-17 04:00:00",1.9,1.3,23,1000.9,26.7,29.5,0.52,4.7,236,5.2,,,,,,
Vector_CWB_FB_46714D,"2011-09-17 05:00:00",2.2,1.5,29,1001.3,26.6,29.5,0.69,5,225,5.4,,,,,,
Vector_CWB_FB_46714D,"2011-09-17 06:00:00",2.6,2,31,1001.2,26.3,29.4,0.87,5.1,258,5.8,,,,,,
Vector_CWB_FB_46714D,"2011-09-17 07:00:00",3.3,2.4,57,1001.7,26.8,29.4,0.93,5.2,247,6.5,,,,,,
Vector_CWB_FB_46714D,"2011-09-17 08:00:00",3.3,2.4,68,1002.2,27.3,29.7,0.92,5.2,247,6.1,,,,,,
Vector_CWB_FB_46714D,"2011-09-17 09:00:00",3.1,2.4,47,1002.3,27.7,29.8,0.94,5.4,225,6.9,,,,,,
Vector_CWB_FB_46714D,"2011-09-17 10:00:00",7.8,6.3,323,1002.3,28.2,29.8,0.85,5.3,180,6.9,,,,,,
Vector_CWB_FB_46714D,"2011-09-17 11:00:00",,,,1001.4,29.3,29.9,0.85,5.4,191,7.4,,,,,,
Vector_CWB_FB_46714D,"2011-09-17 12:00:00",2,1.3,259,1001.4,28,29.7,0.79,5.8,157,7.4,,,,,,
Vector_CWB_FB_46714D,"2011-09-17 13:00:00",2.7,2.1,270,1001,28.1,29.2,0.77,5.8,146,7.4,,,,,,
Vector_CWB_FB_46714D,"2011-09-17 14:00:00",3.9,3.1,257,1001,29,30,1.19,5.8,191,6.9,,,,,,
Vector_CWB_FB_46714D,"2011-09-17 15:00:00",4.6,3.5,260,1000.9,28.8,30,1.28,5.9,191,6.9,,,,,,
Vector_CWB_FB_46714D,"2011-09-17 16:00:00",4.2,3.1,259,999.8,28,29.6,0.94,5.4,191,6.5,,,,,,
Vector_CWB_FB_46714D,"2011-09-17 17:00:00",3.6,2.7,274,1000,27.8,29.5,1.17,5.7,225,6.9,,,,,,
Vector_CWB_FB_46714D,"2011-09-17 18:00:00",6.2,5.4,285,1000.7,27.7,29.5,1.04,5.4,225,6.9,,,,,,
Vector_CWB_FB_46714D,"2011-09-17 19:00:00",,,,1001.1,27.5,29.7,0.89,5.4,247,6.9,,,,,,
Vector_CWB_FB_46714D,"2011-09-17 20:00:00",2,1.3,337,1002.1,27.6,29.7,0.73,5.1,236,6.5,,,,,,
Vector_CWB_FB_46714D,"2011-09-17 21:00:00",2.6,1.8,339,1002.4,27.5,29.5,0.81,5,258,6.5,,,,,,
Vector_CWB_FB_46714D,"2011-09-17 22:00:00",2.9,2,320,1002.3,27.3,29.3,0.7,5.3,202,6.9,,,,,,
Vector_CWB_FB_46714D,"2011-09-17 23:00:00",3.6,2.4,331,1001.9,27.3,29.5,0.78,5.9,157,7.4,,,,,,
Vector_CWB_FB_46714D,"2011-09-18 00:00:00",3.6,2.2,342,1001.5,27.5,29.6,0.72,5.8,168,6.9,,,,,,
Vector_CWB_FB_46714D,"2011-09-18 01:00:00",2.4,1.3,334,1002,27.4,29.7,0.69,5.9,146,7.4,,,,,,
Vector_CWB_FB_46714D,"2011-09-18 02:00:00",2,1.3,21,1002.1,26.6,29.5,0.69,5.6,168,6.9,,,,,,
Vector_CWB_FB_46714D,"2011-09-18 03:00:00",2,1.6,18,1001.7,26.4,29.3,0.73,5.8,202,6.9,,,,,,
Vector_CWB_FB_46714D,"2011-09-18 04:00:00",,,,1001.4,26.2,29.1,1,6.2,202,7.4,,,,,,
Vector_CWB_FB_46714D,"2011-09-18 05:00:00",1.8,1.1,14,1001.8,25.9,29.2,0.8,6.1,225,7.4,,,,,,
Vector_CWB_FB_46714D,"2011-09-18 06:00:00",2.7,1.7,15,1002.9,26.1,29.3,0.78,5.9,236,6.9,,,,,,
Vector_CWB_FB_46714D,"2011-09-18 07:00:00",2.4,1.4,33,1002.5,26,29.2,0.86,5.7,236,6.9,,,,,,
Vector_CWB_FB_46714D,"2011-09-18 08:00:00",,,,1002.9,26.6,29.4,1.14,5.9,202,7.4,,,,,,
Vector_CWB_FB_46714D,"2011-09-18 09:00:00",,,,1003.1,26.5,29.5,0.94,5.7,225,6.9,,,,,,
Vector_CWB_FB_46714D,"2011-09-18 10:00:00",,,,1003.7,27.2,30.1,0.9,5.6,236,6.9,,,,,,
Vector_CWB_FB_46714D,"2011-09-18 11:00:00",2.5,1.3,196,1004.6,28.3,30.7,0.81,5.5,202,6.9,,,,,,
Vector_CWB_FB_46714D,"2011-09-18 12:00:00",2.6,1.9,195,1004,28.6,30.6,0.83,6.2,146,8,,,,,,
Vector_CWB_FB_46714D,"2011-09-18 13:00:00",3,2.3,217,1002.6,28.5,29.7,0.75,5.9,146,8,,,,,,
Vector_CWB_FB_46714D,"2011-09-18 14:00:00",4.3,3,222,1002.4,28.4,29.6,0.97,6.1,168,7.4,,,,,,
Vector_CWB_FB_46714D,"2011-09-18 15:00:00",3.9,2.4,218,1002.4,28.2,30.1,1.09,6.3,191,7.4,,,,,,
Vector_CWB_FB_46714D,"2011-09-18 16:00:00",2.7,1.6,200,1002.2,28,29.8,1.11,6.2,180,7.4,,,,,,
Vector_CWB_FB_46714D,"2011-09-18 17:00:00",3.5,2.3,199,1002.4,27.9,29.6,1.04,6.1,191,6.9,,,,,,
Vector_CWB_FB_46714D,"2011-09-18 18:00:00",3.4,2.4,196,1003.2,27.7,29.5,1.12,5.9,213,7.4,,,,,,
Vector_CWB_FB_46714D,"2011-09-18 19:00:00",3.2,2.3,188,1003.2,27.5,29.4,1.14,5.9,225,8,,,,,,
Vector_CWB_FB_46714D,"2011-09-18 20:00:00",5.5,4.2,183,1003.9,27.7,29.5,1.14,5.6,258,8,,,,,,
Vector_CWB_FB_46714D,"2011-09-18 21:00:00",8.6,6.3,154,1004.3,27.3,29,1.17,6,247,8,,,,,,
Vector_CWB_FB_46714D,"2011-09-18 22:00:00",5.8,4.9,164,1004.2,27.4,29.1,0.89,5.5,213,8,,,,,,
Vector_CWB_FB_46714D,"2011-09-18 23:00:00",5.7,4.6,175,1004.8,27.3,29,0.92,5.4,213,7.4,,,,,,
Vector_CWB_FB_46714D,"2011-09-19 00:00:00",4.3,3.2,168,1004.9,27.3,29,0.95,5.6,258,8,,,,,,
Vector_CWB_FB_46714D,"2011-09-19 01:00:00",3.8,2.8,144,1005.1,27.5,29.5,1.21,5.7,146,7.4,,,,,,
Vector_CWB_FB_46714D,"2011-09-19 02:00:00",3.7,2.8,148,1005.1,27.4,29.3,0.9,5.7,213,6.9,,,,,,
Vector_CWB_FB_46714D,"2011-09-19 03:00:00",3.1,1.8,118,1004.4,26.9,29.4,0.75,5.3,225,8.7,,,,,,
Vector_CWB_FB_46714D,"2011-09-19 04:00:00",,,,1004.4,26.7,29.4,0.78,5.4,202,8,,,,,,
Vector_CWB_FB_46714D,"2011-09-19 05:00:00",2.5,1.6,190,1004.8,26.9,29.6,0.87,5.5,213,8,,,,,,
Vector_CWB_FB_46714D,"2011-09-19 06:00:00",4,2.9,38,1004.9,26.6,29.5,0.73,5.4,202,8.7,,,,,,
Vector_CWB_FB_46714D,"2011-09-19 07:00:00",4.9,3.4,44,1005.3,26.7,29.5,0.79,5.4,213,7.4,,,,,,
Vector_CWB_FB_46714D,"2011-09-19 08:00:00",4,3.2,48,1006.2,27,29.6,0.81,5.3,236,6.9,,,,,,
Vector_CWB_FB_46714D,"2011-09-19 09:00:00",10.4,6.1,240,1006.4,25.3,29.3,0.8,5,236,6.9,,,,,,
Vector_CWB_FB_46714D,"2011-09-19 10:00:00",3.1,1.4,146,1006.7,25.6,29.2,0.93,5.5,225,7.4,,,,,,
Vector_CWB_FB_46714D,"2011-09-19 11:00:00",3.4,2.3,199,1006.5,25.9,29.3,0.84,5,247,6.9,,,,,,
Vector_CWB_FB_46714D,"2011-09-19 12:00:00",2.7,2.1,187,1005.5,27,29.3,0.74,4.7,202,7.4,,,,,,
Vector_CWB_FB_46714D,"2011-09-19 13:00:00",4,3.1,203,1005.4,28.2,29.6,0.58,4.9,135,6.9,,,,,,
Vector_CWB_FB_46714D,"2011-09-19 14:00:00",4.4,3.5,231,1004.9,28.5,29.7,0.68,5.5,168,7.4,,,,,,
Vector_CWB_FB_46714D,"2011-09-19 15:00:00",3.8,2.9,228,1004,28.5,29.8,0.61,5.4,135,8,,,,,,
Vector_CWB_FB_46714D,"2011-09-19 16:00:00",3.6,2.6,203,1003.7,28,29.3,0.8,5.7,202,6.9,,,,,,
Vector_CWB_FB_46714D,"2011-09-19 17:00:00",4.4,3.3,172,1004.4,27.7,29.4,0.87,5.4,191,6.5,,,,,,
Vector_CWB_FB_46714D,"2011-09-19 18:00:00",4.6,3.2,187,1004.6,27.6,29.2,0.72,5.1,225,7.4,,,,,,
Vector_CWB_FB_46714D,"2011-09-19 19:00:00",4.2,3.3,181,1005,27.5,29.2,0.8,5.3,258,6.9,,,,,,
Vector_CWB_FB_46714D,"2011-09-19 20:00:00",4.2,3.3,138,1005.9,27.6,29.3,0.8,5.3,236,6.9,,,,,,
Vector_CWB_FB_46714D,"2011-09-19 21:00:00",5.4,4.5,138,1007,27.4,29.5,0.67,4.8,281,6.5,,,,,,
Vector_CWB_FB_46714D,"2011-09-19 22:00:00",5,4.2,142,1007,27.2,29.5,0.66,4.7,281,8,,,,,,
Vector_CWB_FB_46714D,"2011-09-19 23:00:00",8.5,7.2,131,1006.9,27.4,29.5,0.85,4.8,247,7.4,,,,,,
Vector_CWB_FB_46714D,"2011-09-20 00:00:00",6,4.9,134,1006.8,27.4,29.6,0.75,4.6,225,6.9,,,,,,
Vector_CWB_FB_46714D,"2011-09-20 01:00:00",5.3,4.4,126,1006.2,27.2,29.5,0.93,5.2,236,7.4,,,,,,
Vector_CWB_FB_46714D,"2011-09-20 02:00:00",1.9,1.3,118,1006.1,27.5,29.6,0.83,5.4,247,7.4,,,,,,
Vector_CWB_FB_46714D,"2011-09-20 03:00:00",5.7,4.6,121,1005.5,26.9,29.5,0.76,5.2,247,8,,,,,,
Vector_CWB_FB_46714D,"2011-09-20 04:00:00",4.3,2.9,130,1006,26.9,29.6,0.71,5.2,225,8,,,,,,
Vector_CWB_FB_46714D,"2011-09-20 05:00:00",4.2,3.1,112,1006,27.1,29.5,0.63,4.9,225,7.4,,,,,,
Vector_CWB_FB_46714D,"2011-09-20 06:00:00",4,2.7,125,1006.8,27.1,29.5,0.71,4.8,213,6.9,,,,,,
Vector_CWB_FB_46714D,"2011-09-20 07:00:00",2.3,1.5,125,1007.3,27.3,29.5,0.79,5.1,202,6.5,,,,,,
Vector_CWB_FB_46714D,"2011-09-20 08:00:00",2.2,1.3,61,1008.1,28.3,29.6,0.79,4.9,236,7.4,,,,,,
Vector_CWB_FB_46714D,"2011-09-20 09:00:00",3.4,2.4,52,1008.4,27.8,29.7,0.74,5.3,225,7.4,,,,,,
Vector_CWB_FB_46714D,"2011-09-20 10:00:00",2.3,1.2,61,1007.4,28,29.6,0.81,5.2,236,7.4,,,,,,
Vector_CWB_FB_46714D,"2011-09-20 11:00:00",5.7,5,90,1007.3,28.2,30,0.83,5.1,258,6.9,,,,,,
Vector_CWB_FB_46714D,"2011-09-20 12:00:00",6.3,5.1,308,1007,28.9,30,0.83,5.8,213,7.4,,,,,,
Vector_CWB_FB_46714D,"2011-09-20 13:00:00",8.2,7.3,310,1005.7,27.4,29.9,0.88,5.8,180,7.4,,,,,,
Vector_CWB_FB_46714D,"2011-09-20 14:00:00",9.3,8.2,294,1005.4,27.7,29.6,0.72,5.7,168,8,,,,,,
Vector_CWB_FB_46714D,"2011-09-20 15:00:00",7.2,5.9,299,1005,27.5,29.3,0.72,5.7,168,8,,,,,,
Vector_CWB_FB_46714D,"2011-09-20 16:00:00",6.8,4.8,317,1004.7,27.4,29.9,0.66,5.4,168,7.4,,,,,,
Vector_CWB_FB_46714D,"2011-09-20 17:00:00",4.8,3.4,333,1005.1,27.5,29.5,0.79,5,213,6.9,,,,,,
Vector_CWB_FB_46714D,"2011-09-20 18:00:00",8.9,6.7,136,1005.4,25.5,29.4,0.85,5.1,236,7.4,,,,,,
Vector_CWB_FB_46714D,"2011-09-20 19:00:00",4.7,3.9,133,1006.4,25.8,29.1,0.81,5.2,213,8,,,,,,
Vector_CWB_FB_46714D,"2011-09-20 20:00:00",5.9,4.9,134,1006.3,25.8,28.8,0.62,4.6,225,6.5,,,,,,
Vector_CWB_FB_46714D,"2011-09-20 21:00:00",6.1,5.1,155,1006.9,26,28.9,0.67,4.5,236,7.4,,,,,,
Vector_CWB_FB_46714D,"2011-09-20 22:00:00",6.5,5.2,136,1006.9,26.1,29.1,0.64,4.7,236,6.9,,,,,,
Vector_CWB_FB_46714D,"2011-09-20 23:00:00",7,5.7,133,1006.5,26.3,29.4,0.69,4.1,247,8,,,,,,
Vector_CWB_FB_46714D,"2011-09-21 00:00:00",4.7,3.8,135,1006.8,27.1,29.6,0.65,3.9,247,8,,,,,,
Vector_CWB_FB_46714D,"2011-09-21 01:00:00",4.1,3.1,116,1005.8,27,29.5,0.59,4.5,247,7.4,,,,,,
Vector_CWB_FB_46714D,"2011-09-21 02:00:00",4,2.8,106,1005.6,26.9,29.5,0.53,3.9,236,7.4,,,,,,
Vector_CWB_FB_46714D,"2011-09-21 03:00:00",4.5,3.7,64,1005,26.4,29.4,0.51,4.3,258,7.4,,,,,,
Vector_CWB_FB_46714D,"2011-09-21 04:00:00",4.1,3.3,67,1005,26.3,29.4,0.52,4.1,225,7.4,,,,,,
Vector_CWB_FB_46714D,"2011-09-21 05:00:00",3.4,2.3,81,1004.9,26.2,29.4,0.47,4.2,213,7.4,,,,,,
Vector_CWB_FB_46714D,"2011-09-21 06:00:00",,,,1005.9,26.4,29.4,0.54,4.1,213,8,,,,,,
Vector_CWB_FB_46714D,"2011-09-21 07:00:00",3.1,2.2,290,1006.2,26,29.5,0.5,4,213,6.1,,,,,,
Vector_CWB_FB_46714D,"2011-09-21 08:00:00",4.8,2.8,303,1006.7,26.2,29.4,0.49,4,191,3.4,,,,,,
Vector_CWB_FB_46714D,"2011-09-21 09:00:00",3.9,3,336,1006.7,26.2,29.4,0.56,4.1,191,7.4,,,,,,
Vector_CWB_FB_46714D,"2011-09-21 10:00:00",3.2,1.7,342,1007,26.8,29.6,0.5,4,202,7.4,,,,,,
Vector_CWB_FB_46714D,"2011-09-21 11:00:00",6.2,5.5,276,1006.3,26.8,29.6,0.51,4.5,236,6.9,,,,,,
Vector_CWB_FB_46714D,"2011-09-21 12:00:00",3.3,2,252,1005.5,26.8,29.7,0.49,4.3,157,6.5,,,,,,
Vector_CWB_FB_46714D,"2011-09-21 13:00:00",3.8,2.7,213,1005.3,27.3,29.7,0.5,4.4,202,6.9,,,,,,
Vector_CWB_FB_46714D,"2011-09-21 14:00:00",4.5,3.8,222,1004.2,26.9,29.6,0.53,4.7,157,6.5,,,,,,
Vector_CWB_FB_46714D,"2011-09-21 15:00:00",4.4,2.6,147,1004.1,27.7,29.6,0.62,4,123,3.7,,,,,,
Vector_CWB_FB_46714D,"2011-09-21 16:00:00",,,,1003.9,27.9,29.6,0.77,4.2,123,4.3,,,,,,
Vector_CWB_FB_46714D,"2011-09-21 17:00:00",,,,1004.2,27.4,29.1,0.69,4.3,168,6.1,,,,,,
Vector_CWB_FB_46714D,"2011-09-21 18:00:00",,,,1004.5,27.3,28.9,0.6,4.4,213,6.1,,,,,,
Vector_CWB_FB_46714D,"2011-09-21 19:00:00",,,,1005.6,27.3,29.2,0.6,4.6,146,5.2,,,,,,
Vector_CWB_FB_46714D,"2011-09-21 20:00:00",4.8,3.7,292,1005.9,26.9,29.2,0.54,4.4,180,7.4,,,,,,
Vector_CWB_FB_46714D,"2011-09-21 21:00:00",4.8,3.7,306,1006.5,26.9,29.3,0.69,4.4,191,7.4,,,,,,
Vector_CWB_FB_46714D,"2011-09-21 22:00:00",3.2,2.4,318,1007.1,27,29.3,0.62,4.1,112,4,,,,,,
Vector_CWB_FB_46714D,"2011-09-21 23:00:00",2.6,1.7,10,1006.5,26.7,29.4,0.59,4.2,180,7.4,,,,,,
Vector_CWB_FB_46714D,"2011-09-22 00:00:00",1.9,1.4,21,1005.8,26.1,29.5,0.49,4.1,112,3.8,,,,,,
Vector_CWB_FB_46714D,"2011-09-22 01:00:00",5.5,4.8,6,1005.6,26,28.9,0.55,4,180,6.9,,,,,,
Vector_CWB_FB_46714D,"2011-09-22 02:00:00",5.9,4.8,56,1005.6,26.5,29,0.51,3.9,213,6.9,,,,,,
Vector_CWB_FB_46714D,"2011-09-22 03:00:00",5.8,5.2,32,1005.1,26,28.8,0.5,3.8,247,5.8,,,,,,
Vector_CWB_FB_46714D,"2011-09-22 04:00:00",6.5,5.6,14,1005.1,25.8,29.2,0.46,4.1,202,7.4,,,,,,
Vector_CWB_FB_46714D,"2011-09-22 05:00:00",2,1.4,23,1005.5,25.4,29.3,0.4,4.1,146,6.9,,,,,,
Vector_CWB_FB_46714D,"2011-09-22 06:00:00",,,,1005.8,25.6,29.3,0.39,4.3,168,7.4,,,,,,
Vector_CWB_FB_46714D,"2011-09-22 07:00:00",2.4,1.5,28,1007.2,26.1,29.4,0.38,4.7,225,6.1,,,,,,
Vector_CWB_FB_46714D,"2011-09-22 08:00:00",2.8,2.2,25,1007.5,25.5,29.2,0.43,4.6,202,8,,,,,,
Vector_CWB_FB_46714D,"2011-09-22 09:00:00",,,,1009.7,26.8,29.6,0.47,4.5,236,8,,,,,,
Vector_CWB_FB_46714D,"2011-09-22 10:00:00",2.8,1.7,175,1011,27.4,29.6,0.53,4.3,225,8,,,,,,
Vector_CWB_FB_46714D,"2011-09-22 11:00:00",3,2.3,253,1010.1,28.1,29.7,0.54,4.5,225,6.9,,,,,,
Vector_CWB_FB_46714D,"2011-09-22 12:00:00",3.7,2.8,286,1008.9,28.1,29.9,0.51,4.2,180,8,,,,,,
Vector_CWB_FB_46714D,"2011-09-22 13:00:00",5.7,4.6,286,1008,28,29.9,0.49,3.9,236,7.4,,,,,,
Vector_CWB_FB_46714D,"2011-09-22 14:00:00",6.1,4.8,289,1007.8,27.8,29.7,0.5,4,225,7.4,,,,,,
Vector_CWB_FB_46714D,"2011-09-22 15:00:00",7,5.5,287,1007.7,27.4,29.3,0.53,4.3,191,8,,,,,,
Vector_CWB_FB_46714D,"2011-09-22 16:00:00",4.5,3.1,276,1007.8,27.5,29.8,0.55,4.2,157,6.5,,,,,,
Vector_CWB_FB_46714D,"2011-09-22 17:00:00",2.3,1.4,218,1008.5,27,29.8,0.8,3.9,101,4.3,,,,,,
Vector_CWB_FB_46714D,"2011-09-22 18:00:00",,,,1008.8,27.2,29.6,0.77,3.8,123,4.3,,,,,,
Vector_CWB_FB_46714D,"2011-09-22 19:00:00",,,,1009.4,27.4,29.7,0.89,4.1,202,5.8,,,,,,
Vector_CWB_FB_46714D,"2011-09-22 20:00:00",2.5,1.5,44,1010,27.5,29.7,0.76,4.1,258,5.2,,,,,,
Vector_CWB_FB_46714D,"2011-09-22 21:00:00",2.4,1.4,38,1010.4,27.4,29.7,0.63,4.1,213,8,,,,,,
Vector_CWB_FB_46714D,"2011-09-22 22:00:00",,,,1010.5,27.5,29.7,0.62,4.1,258,4.7,,,,,,
Vector_CWB_FB_46714D,"2011-09-22 23:00:00",3.7,2.5,186,1010,27.7,29.7,0.75,3.9,281,4.9,,,,,,
Vector_CWB_FB_46714D,"2011-09-23 00:00:00",2.7,1.5,181,1009.2,27.5,29.7,0.69,4,225,6.5,,,,,,
Vector_CWB_FB_46714D,"2011-09-23 01:00:00",5.5,4.5,132,1008.6,27.5,29.6,0.76,3.7,123,3.4,,,,,,
Vector_CWB_FB_46714D,"2011-09-23 02:00:00",4.4,3.3,134,1008.4,27.4,29.5,0.76,3.6,157,4.1,,,,,,
Vector_CWB_FB_46714D,"2011-09-23 03:00:00",2.3,1.4,98,1007.8,27.4,29.7,0.74,3.7,146,4,,,,,,
Vector_CWB_FB_46714D,"2011-09-23 04:00:00",1.9,1.1,37,1007.7,27.3,29.8,0.64,3.6,135,3.4,,,,,,
Vector_CWB_FB_46714D,"2011-09-23 05:00:00",3.4,2.2,330,1007.9,27,29.8,0.71,3.7,123,3.8,,,,,,
Vector_CWB_FB_46714D,"2011-09-23 06:00:00",4.4,3.3,303,1008.6,26.9,29.9,0.61,3.7,112,3.8,,,,,,
Vector_CWB_FB_46714D,"2011-09-23 07:00:00",2.6,1.7,338,1009.1,26.9,29.5,0.52,3.7,101,3.6,,,,,,
Vector_CWB_FB_46714D,"2011-09-23 08:00:00",2.5,1.5,328,1009.7,27.7,29.6,0.63,4.3,247,7.4,,,,,,
Vector_CWB_FB_46714D,"2011-09-23 09:00:00",2.8,1.8,289,1010.2,28,29.7,0.5,4.1,236,6.9,,,,,,
Vector_CWB_FB_46714D,"2011-09-23 10:00:00",2.8,2.1,264,1010.3,28.2,29.8,0.52,4.3,236,7.4,,,,,,
Vector_CWB_FB_46714D,"2011-09-23 11:00:00",2.8,1.8,257,1009.7,28.2,29.8,0.52,4.1,247,5.2,,,,,,
Vector_CWB_FB_46714D,"2011-09-23 12:00:00",3.7,2.4,266,1009.2,28.3,29.8,0.52,4.2,202,7.4,,,,,,
Vector_CWB_FB_46714D,"2011-09-23 13:00:00",5.3,4,278,1008.4,27.7,29.7,0.54,4.1,236,7.4,,,,,,
Vector_CWB_FB_46714D,"2011-09-23 14:00:00",5.2,4,260,1007.9,27.6,29.9,0.56,3.8,258,6.9,,,,,,
Vector_CWB_FB_46714D,"2011-09-23 15:00:00",5.1,3.9,273,1007.7,27.5,29.9,0.55,3.7,135,3.7,,,,,,
Vector_CWB_FB_46714D,"2011-09-23 16:00:00",5.3,4.2,266,1007.6,27.4,29.8,0.52,4.1,191,6.9,,,,,,
Vector_CWB_FB_46714D,"2011-09-23 17:00:00",5.7,4.2,285,1007.9,27.6,29.9,0.71,3.8,101,3.7,,,,,,
Vector_CWB_FB_46714D,"2011-09-23 18:00:00",4.9,3.9,293,1008.5,27.6,29.9,0.68,3.9,112,4.3,,,,,,
Vector_CWB_FB_46714D,"2011-09-23 19:00:00",4.4,3.6,300,1008.9,27.8,29.8,0.66,4.2,101,4,,,,,,
Vector_CWB_FB_46714D,"2011-09-23 20:00:00",4,2.6,294,1009.8,27.8,29.7,0.57,4.1,135,4.1,,,,,,
Vector_CWB_FB_46714D,"2011-09-23 21:00:00",3.5,2.8,221,1010.1,27,29.6,0.61,4.2,168,6.1,,,,,,
Vector_CWB_FB_46714D,"2011-09-23 22:00:00",3.2,2.5,210,1010.4,27.3,29.6,0.72,4.4,157,5.4,,,,,,
Vector_CWB_FB_46714D,"2011-09-23 23:00:00",3.6,2.8,244,1010.1,27.6,29.6,0.67,4,135,4.1,,,,,,
Vector_CWB_FB_46714D,"2011-09-24 00:00:00",3.6,2.6,248,1009.7,27.5,29.5,0.62,4.1,123,3.8,,,,,,
Vector_CWB_FB_46714D,"2011-09-24 01:00:00",3.3,2.3,234,1009.2,27.5,29.7,0.64,4.2,258,6.9,,,,,,
Vector_CWB_FB_46714D,"2011-09-24 02:00:00",4.2,1.9,247,1008.6,27.6,29.5,0.68,4.2,213,8.7,,,,,,
Vector_CWB_FB_46714D,"2011-09-24 03:00:00",2.8,1.7,172,1008.1,27.5,29.6,0.65,4,225,8,,,,,,
Vector_CWB_FB_46714D,"2011-09-24 04:00:00",2.5,1.6,188,1008.1,27.5,29.7,0.67,4,281,8.7,,,,,,
Vector_CWB_FB_46714D,"2011-09-24 05:00:00",2.5,1.6,224,1008.3,27.5,29.7,0.71,4,202,7.4,,,,,,
Vector_CWB_FB_46714D,"2011-09-24 06:00:00",2.7,1.8,212,1008.8,27.5,29.6,0.67,4,191,7.4,,,,,,
Vector_CWB_FB_46714D,"2011-09-24 07:00:00",2.6,1.4,278,1009.4,27.8,29.8,0.62,3.8,135,3.6,,,,,,
Vector_CWB_FB_46714D,"2011-09-24 08:00:00",2.7,1.6,234,1009.9,28,29.9,0.69,4.3,135,6.9,,,,,,
Vector_CWB_FB_46714D,"2011-09-24 09:00:00",2,1.3,239,1010.1,28.8,29.8,0.65,4.7,213,9.5,,,,,,
Vector_CWB_FB_46714D,"2011-09-24 10:00:00",2.9,2,253,1010.1,28.6,29.9,0.68,4.6,247,4.7,,,,,,
Vector_CWB_FB_46714D,"2011-09-24 11:00:00",3.3,2.4,278,1009.5,28.9,30.1,0.7,4.5,225,8.7,,,,,,
Vector_CWB_FB_46714D,"2011-09-24 12:00:00",5.5,3.9,273,1009,28.3,29.9,0.69,4.7,213,9.5,,,,,,
Vector_CWB_FB_46714D,"2011-09-24 13:00:00",5.8,4.3,291,1008.4,28.2,29.9,0.73,4.5,191,8.7,,,,,,
Vector_CWB_FB_46714D,"2011-09-24 14:00:00",5.6,4.7,305,1007.8,27.8,29.8,0.81,5,225,9.5,,,,,,
Vector_CWB_FB_46714D,"2011-09-24 15:00:00",5.5,4.5,303,1008.2,27.9,29.8,0.79,4.8,236,8.7,,,,,,
Vector_CWB_FB_46714D,"2011-09-24 16:00:00",4.5,3.5,295,1008.7,27.9,29.6,0.73,4.9,202,6.5,,,,,,
Vector_CWB_FB_46714D,"2011-09-24 17:00:00",4.3,3.3,318,1008.8,27.8,29.5,0.63,4.7,191,9.5,,,,,,
Vector_CWB_FB_46714D,"2011-09-24 18:00:00",3.9,3.1,335,1009,27.8,29.5,0.63,5.2,191,9.5,,,,,,
Vector_CWB_FB_46714D,"2011-09-24 19:00:00",3,2,345,1009.6,27.8,29.7,0.63,5.3,202,9.5,,,,,,
Vector_CWB_FB_46714D,"2011-09-24 20:00:00",2.2,1.3,353,1009.7,28,29.5,0.74,4.5,168,9.5,,,,,,
Vector_CWB_FB_46714D,"2011-09-24 21:00:00",,,,1010.2,27.9,29.4,0.74,4.9,180,8.7,,,,,,
Vector_CWB_FB_46714D,"2011-09-24 22:00:00",3.1,1.8,211,1010,28,29.6,0.78,5.5,180,8.7,,,,,,
Vector_CWB_FB_46714D,"2011-09-24 23:00:00",3.2,2.2,259,1009.8,27.9,29.6,0.87,5,202,8,,,,,,
Vector_CWB_FB_46714D,"2011-09-25 00:00:00",4.2,3.2,245,1009.9,28.1,29.5,0.75,5,202,8,,,,,,
Vector_CWB_FB_46714D,"2011-09-25 01:00:00",4,2.9,274,1009,28,29.4,0.72,4.1,146,3.7,,,,,,
Vector_CWB_FB_46714D,"2011-09-25 02:00:00",2.9,2,13,1008.4,27.4,29.2,0.82,4.5,225,9.5,,,,,,
Vector_CWB_FB_46714D,"2011-09-25 03:00:00",2.3,1.8,37,1008.4,26.9,29.3,0.76,4.9,213,9.5,,,,,,
Vector_CWB_FB_46714D,"2011-09-25 04:00:00",1.5,1.1,324,1008.5,27.1,29.3,0.94,5,213,10.4,,,,,,
Vector_CWB_FB_46714D,"2011-09-25 05:00:00",2.6,1.7,272,1009.2,27.4,29.4,0.85,5.4,202,9.5,,,,,,
Vector_CWB_FB_46714D,"2011-09-25 06:00:00",2.4,1.8,351,1009.3,27.2,29.4,0.86,5.3,213,8.7,,,,,,
Vector_CWB_FB_46714D,"2011-09-25 07:00:00",3.2,2.2,52,1009.8,27.3,29.4,0.93,5.9,191,10.4,,,,,,
Vector_CWB_FB_46714D,"2011-09-25 08:00:00",4.6,3.5,22,1009.5,27.4,29.4,1.01,6.3,213,9.5,,,,,,
Vector_CWB_FB_46714D,"2011-09-25 09:00:00",4,2.4,355,1009.7,27.6,29.3,1.2,7,202,9.5,,,,,,
Vector_CWB_FB_46714D,"2011-09-25 10:00:00",2.4,1.2,292,1009.9,27.9,29.3,1.38,6.5,168,10.4,,,,,,
Vector_CWB_FB_46714D,"2011-09-25 11:00:00",2.3,1.6,239,1009.5,28.4,29.4,1.29,7.1,180,8.7,,,,,,
Vector_CWB_FB_46714D,"2011-09-25 12:00:00",4.5,3.3,261,1009.1,27.8,29.5,1.41,6.8,202,10.4,,,,,,
Vector_CWB_FB_46714D,"2011-09-25 13:00:00",4.8,3.5,280,1008.2,28,29.6,1.28,6.5,202,10.4,,,,,,
Vector_CWB_FB_46714D,"2011-09-25 14:00:00",5.5,4.3,313,1007.9,28.1,29.5,1.22,5.9,213,10.4,,,,,,
Vector_CWB_FB_46714D,"2011-09-25 15:00:00",4,3.1,315,1007.6,28.1,29.5,1.22,5.8,225,11.6,,,,,,
Vector_CWB_FB_46714D,"2011-09-25 16:00:00",2.9,2.1,291,1008,28.2,29.2,1.21,5.6,213,10.4,,,,,,
Vector_CWB_FB_46714D,"2011-09-25 17:00:00",3,2.3,307,1008.2,28,29.4,1.07,5.6,236,11.6,,,,,,
Vector_CWB_FB_46714D,"2011-09-25 18:00:00",3.9,3.1,300,1008.7,27.9,29.3,0.92,5.4,236,10.4,,,,,,
Vector_CWB_FB_46714D,"2011-09-25 19:00:00",4.4,3.4,310,1009.3,28,29.2,0.75,5.4,123,11.6,,,,,,
Vector_CWB_FB_46714D,"2011-09-25 20:00:00",3.8,2.8,339,1009.9,28,29.2,0.81,6,168,10.4,,,,,,
Vector_CWB_FB_46714D,"2011-09-25 21:00:00",2.2,1.2,358,1010.1,27.8,29.1,0.9,6.7,202,10.4,,,,,,
Vector_CWB_FB_46714D,"2011-09-25 22:00:00",,,,1009.8,27.7,29.2,0.93,6.6,191,9.5,,,,,,
Vector_CWB_FB_46714D,"2011-09-25 23:00:00",2.3,1.5,236,1009.6,27.8,29,0.99,6.5,202,10.4,,,,,,
Vector_CWB_FB_46714D,"2011-09-26 00:00:00",2.6,1.8,269,1009.1,27.8,29.1,1.03,6.6,202,10.4,,,,,,
Vector_CWB_FB_46714D,"2011-09-26 01:00:00",2.8,2,298,1008.3,27.8,29,1.01,6.5,202,10.4,,,,,,
Vector_CWB_FB_46714D,"2011-09-26 02:00:00",2.8,2.1,289,1007.7,27.8,29.2,1.15,5.9,191,11.6,,,,,,
Vector_CWB_FB_46714D,"2011-09-26 03:00:00",3.9,2.8,302,1007.4,27.9,29.3,1.03,5.3,191,9.5,,,,,,
Vector_CWB_FB_46714D,"2011-09-26 04:00:00",3.5,2.3,339,1007.7,27.7,29.3,0.96,5.5,213,10.4,,,,,,
Vector_CWB_FB_46714D,"2011-09-26 05:00:00",4,2.8,22,1007.7,27.1,29,1.04,5.5,213,8.7,,,,,,
Vector_CWB_FB_46714D,"2011-09-26 06:00:00",4.4,3.4,32,1007.7,26.5,28.8,0.97,6.3,236,10.4,,,,,,
Vector_CWB_FB_46714D,"2011-09-26 07:00:00",4.5,3.5,52,1008.3,27,28.9,0.95,6.2,225,10.4,,,,,,
Vector_CWB_FB_46714D,"2011-09-26 08:00:00",3.8,2.9,86,1008.7,27.8,28.9,0.82,6.1,202,8.7,,,,,,
Vector_CWB_FB_46714D,"2011-09-26 09:00:00",2.5,1.7,163,1008.9,29.5,29,0.83,7,213,10.4,,,,,,
Vector_CWB_FB_46714D,"2011-09-26 10:00:00",2.2,1.6,242,1008.6,28.1,29.1,0.8,7.1,202,11.6,,,,,,
Vector_CWB_FB_46714D,"2011-09-26 11:00:00",3.6,2.8,280,1008.4,28.1,29.2,0.8,6.8,213,9.5,,,,,,
Vector_CWB_FB_46714D,"2011-09-26 12:00:00",3.7,2.9,283,1007.8,28.4,29.1,1.08,6.7,225,10.4,,,,,,
Vector_CWB_FB_46714D,"2011-09-26 13:00:00",3.6,2.7,282,1007,28.3,29.3,1.06,6.5,213,11.6,,,,,,
Vector_CWB_FB_46714D,"2011-09-26 14:00:00",4,3.2,292,1006.3,28.7,29.3,1.17,6.9,225,10.4,,,,,,
Vector_CWB_FB_46714D,"2011-09-26 15:00:00",4.4,3.4,301,1005.9,28.5,29,1.29,6.5,236,10.4,,,,,,
Vector_CWB_FB_46714D,"2011-09-26 16:00:00",5.1,3.8,311,1005.4,28.4,29.1,1.09,6,236,9.5,,,,,,
Vector_CWB_FB_46714D,"2011-09-26 17:00:00",4.5,3.8,315,1005.7,28.1,28.9,0.96,5,247,9.5,,,,,,
Vector_CWB_FB_46714D,"2011-09-26 18:00:00",4.9,3.6,319,1005.9,28,28.9,0.86,5.1,213,9.5,,,,,,
Vector_CWB_FB_46714D,"2011-09-26 19:00:00",4.6,3.4,311,1005.8,28.1,29.1,0.79,5.3,191,10.4,,,,,,
Vector_CWB_FB_46714D,"2011-09-26 20:00:00",2.9,2.2,278,1006.5,28.5,29.6,0.71,5.5,236,9.5,,,,,,
Vector_CWB_FB_46714D,"2011-09-26 21:00:00",3,2.3,286,1006.4,28.5,29.4,0.75,6.3,146,10.4,,,,,,
Vector_CWB_FB_46714D,"2011-09-26 22:00:00",3.5,2.7,275,1006.5,28.3,29.2,0.81,6.8,157,15.1,,,,,,
Vector_CWB_FB_46714D,"2011-09-26 23:00:00",2.9,2.3,237,1006.8,28.4,29,0.98,6.2,213,10.4,,,,,,
Vector_CWB_FB_46714D,"2011-09-27 00:00:00",2.9,2.3,228,1006.2,28.3,28.9,0.85,5.6,101,13.1,,,,,,
Vector_CWB_FB_46714D,"2011-09-27 01:00:00",5.1,4.1,301,1004.5,28.2,29,0.86,5.7,157,15.1,,,,,,
Vector_CWB_FB_46714D,"2011-09-27 02:00:00",4.6,3.4,311,1004.3,28.1,28.9,0.89,6.3,270,15.1,,,,,,
Vector_CWB_FB_46714D,"2011-09-27 03:00:00",3.2,2.2,342,1004.1,27.9,28.8,1.02,6.6,135,13.1,,,,,,
Vector_CWB_FB_46714D,"2011-09-27 04:00:00",2.4,1.6,137,1004.4,28.3,28.9,1.19,7,146,13.1,,,,,,
Vector_CWB_FB_46714D,"2011-09-27 05:00:00",3.4,2.7,212,1004,28.1,28.9,1.33,6.3,146,13.1,,,,,,
Vector_CWB_FB_46714D,"2011-09-27 06:00:00",4.7,3.4,312,1003.8,28.1,29,1.25,6.3,191,15.1,,,,,,
Vector_CWB_FB_46714D,"2011-09-27 07:00:00",5,3.8,321,1004,28.2,29,1.16,5.8,157,13.1,,,,,,
Vector_CWB_FB_46714D,"2011-09-27 08:00:00",5.4,4.2,83,1005.1,27.4,29,1.07,6.4,135,13.1,,,,,,
Vector_CWB_FB_46714D,"2011-09-27 09:00:00",2.5,1.7,82,1005.4,28.3,29.1,1.25,7.7,157,13.1,,,,,,
Vector_CWB_FB_46714D,"2011-09-27 10:00:00",4.3,3.1,305,1004.7,28.7,29.5,1.04,7.5,157,13.1,,,,,,
Vector_CWB_FB_46714D,"2011-09-27 11:00:00",5.4,4.1,312,1004.7,28.2,29.1,1.05,7.6,146,15.1,,,,,,
Vector_CWB_FB_46714D,"2011-09-27 12:00:00",4.5,3.6,306,1004,28.1,29.1,1.21,7.5,157,11.6,,,,,,
Vector_CWB_FB_46714D,"2011-09-27 13:00:00",5.6,4.6,306,1003,28.8,29.2,1.27,6.5,258,15.1,,,,,,
Vector_CWB_FB_46714D,"2011-09-27 14:00:00",5,4,286,1002.4,28.6,29.4,1.14,6.9,135,11.6,,,,,,
Vector_CWB_FB_46714D,"2011-09-27 15:00:00",5.8,4.3,296,1001.9,28.5,29.6,1.33,7.5,135,15.1,,,,,,
Vector_CWB_FB_46714D,"2011-09-27 16:00:00",5.2,4.1,284,1001.7,28.9,29.3,,,,,,,,,,
Vector_CWB_FB_46714D,"2011-09-27 17:00:00",6.6,4.9,299,1001.5,28.5,29.1,,,,,,,,,,
Vector_CWB_FB_46714D,"2011-09-27 18:00:00",6,3.8,296,1002.2,28.3,29,1.59,6.2,180,15.1,,,,,,
Vector_CWB_FB_46714D,"2011-09-27 19:00:00",4.9,3,299,1002.4,28.5,29,1.48,5.9,78,15.1,,,,,,
Vector_CWB_FB_46714D,"2011-09-27 20:00:00",3.1,1.4,281,1003.1,28.9,29,1.88,6.5,146,15.1,,,,,,
Vector_CWB_FB_46714D,"2011-09-27 21:00:00",2.8,1.6,289,1003.4,28.6,28.9,1.42,6,157,13.1,,,,,,
Vector_CWB_FB_46714D,"2011-09-27 22:00:00",6.4,3,16,1003.8,29.1,29.1,1.15,5.4,191,15.1,,,,,,
Vector_CWB_FB_46714D,"2011-09-27 23:00:00",3.2,1.8,38,1003.7,28.8,29.1,1.38,5.7,135,13.1,,,,,,
Vector_CWB_FB_46714D,"2011-09-28 00:00:00",7.3,4.2,120,1003.4,29.9,29.1,1.29,5.4,146,11.6,,,,,,
Vector_CWB_FB_46714D,"2011-09-28 01:00:00",10.9,8.3,127,1003.1,29.4,29,1.25,4.7,135,10.4,,,,,,
Vector_CWB_FB_46714D,"2011-09-28 02:00:00",11.9,9.3,126,1003.1,28.6,29.1,1.31,4.3,146,11.6,,,,,,
Vector_CWB_FB_46714D,"2011-09-28 03:00:00",5.2,4.3,63,1002.2,29.2,29.1,1.35,5.6,135,10.4,,,,,,
Vector_CWB_FB_46714D,"2011-09-28 04:00:00",8.3,5.6,83,1001.7,29,29.1,1.06,5.1,135,10.4,,,,,,
Vector_CWB_FB_46714D,"2011-09-28 05:00:00",7.4,4.9,120,1003,29.4,29.1,1.38,6.1,168,9.5,,,,,,
Vector_CWB_FB_46714D,"2011-09-28 06:00:00",11.9,7.7,114,1002.8,29.3,29,1.51,5,146,9.5,,,,,,
Vector_CWB_FB_46714D,"2011-09-28 07:00:00",8.1,6,101,1004.2,29.6,28.9,1.54,5.1,157,9.5,,,,,,
Vector_CWB_FB_46714D,"2011-09-28 08:00:00",11.3,8.9,142,1004.3,27.7,28.9,1.71,4.9,157,8.7,,,,,,
Vector_CWB_FB_46714D,"2011-09-28 09:00:00",12.3,9.5,141,1004.4,29,28.6,1.53,4.5,180,8.7,,,,,,
Vector_CWB_FB_46714D,"2011-09-28 10:00:00",13.3,10.1,113,1005.8,27.8,28.9,1.16,4.6,157,5.8,,,,,,
Vector_CWB_FB_46714D,"2011-09-28 11:00:00",10.8,8.8,128,1006,28.6,28.9,1.31,5.7,168,9.5,,,,,,
Vector_CWB_FB_46714D,"2011-09-28 12:00:00",14.3,11.2,122,1004.5,29.2,29,1.35,4.9,180,8.7,,,,,,
Vector_CWB_FB_46714D,"2011-09-28 13:00:00",13.4,10.9,144,1003.6,29,29,1.5,5.6,146,11.6,,,,,,
Vector_CWB_FB_46714D,"2011-09-28 14:00:00",14.8,11.9,149,1003.3,28.5,29.1,1.68,5.6,146,10.4,,,,,,
Vector_CWB_FB_46714D,"2011-09-28 15:00:00",15.6,12.4,143,1002.6,29.3,29.2,1.78,5.3,315,15.1,,,,,,
Vector_CWB_FB_46714D,"2011-09-28 16:00:00",15.1,12.6,141,1003.2,29,29.3,2,5.7,157,15.1,,,,,,
Vector_CWB_FB_46714D,"2011-09-28 17:00:00",14.8,11.6,142,1003.2,28.8,29.4,2.52,7.1,168,15.1,,,,,,
Vector_CWB_FB_46714D,"2011-09-28 18:00:00",14.7,11.7,146,1004.3,29.1,29.4,2.67,7,180,15.1,,,,,,
Vector_CWB_FB_46714D,"2011-09-28 19:00:00",13.7,11.3,135,1004.5,29.4,29.3,2.52,6.9,168,15.1,,,,,,
Vector_CWB_FB_46714D,"2011-09-28 20:00:00",14.5,11.5,150,1005.4,29.2,29.2,2.32,6.5,191,13.1,,,,,,
Vector_CWB_FB_46714D,"2011-09-28 21:00:00",15.4,11.9,145,1006.2,29.2,29.2,2.6,6.5,180,13.1,,,,,,
Vector_CWB_FB_46714D,"2011-09-28 22:00:00",13,10.2,143,1006.6,28.9,29.4,3.26,7.4,168,13.1,,,,,,
Vector_CWB_FB_46714D,"2011-09-28 23:00:00",13,10.7,141,1006.7,29.1,29.4,,,,,,,,,,
Vector_CWB_FB_46714D,"2011-09-29 00:00:00",12.5,10.1,144,1007.3,29.2,29.3,3.3,8.1,180,13.1,,,,,,
Vector_CWB_FB_46714D,"2011-09-29 01:00:00",13.6,10.6,152,1007.2,29.1,29.2,3.22,7.4,180,11.6,,,,,,
Vector_CWB_FB_46714D,"2011-09-29 02:00:00",13.9,11.6,148,1006.8,28.9,29.2,3.22,7.9,191,13.1,,,,,,
Vector_CWB_FB_46714D,"2011-09-29 03:00:00",12,9.6,139,1006.5,29,29.2,3.78,8.7,202,13.1,,,,,,
Vector_CWB_FB_46714D,"2011-09-29 04:00:00",12.7,10.1,150,1006.5,28.9,29.2,3.43,7.9,213,13.1,,,,,,
Vector_CWB_FB_46714D,"2011-09-29 05:00:00",12.4,10.1,139,1006.7,28.9,29.4,3.17,8.1,180,15.1,,,,,,
Vector_CWB_FB_46714D,"2011-09-29 06:00:00",11.7,9.4,147,1007,28.9,29.3,2.95,8.3,180,15.1,,,,,,
Vector_CWB_FB_46714D,"2011-09-29 07:00:00",12.3,9.5,154,1008.1,29.1,29.3,4,9,180,15.1,,,,,,
Vector_CWB_FB_46714D,"2011-09-29 08:00:00",10,7.8,154,1008.9,29,29.3,3.69,9.1,202,13.1,,,,,,
Vector_CWB_FB_46714D,"2011-09-29 09:00:00",8.9,7,150,1009.3,29.1,29.2,3.98,9.3,191,15.1,,,,,,
Vector_CWB_FB_46714D,"2011-09-29 10:00:00",8.5,6.7,160,1009.7,29.1,29.4,4.15,9.2,191,15.1,,,,,,
Vector_CWB_FB_46714D,"2011-09-29 11:00:00",8.3,6.6,167,1009.5,28.9,29.3,4.01,9.5,191,15.1,,,,,,
Vector_CWB_FB_46714D,"2011-09-29 12:00:00",7.6,5.7,159,1009.1,29.1,29.4,4.9,10.7,213,15.1,,,,,,
Vector_CWB_FB_46714D,"2011-09-29 13:00:00",7,4.8,172,1008.8,29.2,29.5,4.41,9.6,236,15.1,,,,,,
Vector_CWB_FB_46714D,"2011-09-29 14:00:00",5.4,3.6,163,1008.3,29.3,29.5,4.4,9.7,225,13.1,,,,,,
Vector_CWB_FB_46714D,"2011-09-29 15:00:00",7.4,5.2,185,1008,29.1,29.6,4.2,9.6,202,15.1,,,,,,
Vector_CWB_FB_46714D,"2011-09-29 16:00:00",6.9,4.7,186,1008.3,29.2,29.5,4.78,10,213,15.1,,,,,,
Vector_CWB_FB_46714D,"2011-09-29 17:00:00",8,5.7,191,1008.6,28.9,29.4,4.38,9.1,202,15.1,,,,,,
Vector_CWB_FB_46714D,"2011-09-29 18:00:00",8.4,5.9,184,1008.9,28.7,29.2,4.84,9.4,236,15.1,,,,,,
Vector_CWB_FB_46714D,"2011-09-29 19:00:00",7.3,5.3,176,1009.6,28.5,29.2,5.41,10.2,247,15.1,,,,,,
Vector_CWB_FB_46714D,"2011-09-29 20:00:00",7.4,5.3,178,1010.5,28.6,29.1,4.6,10.4,236,15.1,,,,,,
Vector_CWB_FB_46714D,"2011-09-29 21:00:00",7.3,5.3,171,1011.2,28.7,29.1,4.64,10.1,225,15.1,,,,,,
Vector_CWB_FB_46714D,"2011-09-29 22:00:00",5.9,4.4,172,1011.6,28.6,29.3,3.4,9.7,191,15.1,,,,,,
Vector_CWB_FB_46714D,"2011-09-29 23:00:00",5.2,2.8,64,1011.7,28.2,29.3,3.32,9.2,202,15.1,,,,,,
Vector_CWB_FB_46714D,"2011-09-30 00:00:00",4.9,2.4,40,1011.5,27.5,29.2,3.8,9.7,202,15.1,,,,,,
Vector_CWB_FB_46714D,"2011-09-30 01:00:00",3.3,1.3,57,1011,27.6,29.1,4.1,9.8,213,15.1,,,,,,
Vector_CWB_FB_46714D,"2011-09-30 02:00:00",3.3,1.9,75,1010.7,27.8,29.1,3.39,10,213,15.1,,,,,,
Vector_CWB_FB_46714D,"2011-09-30 03:00:00",3.8,1.8,61,1010.7,27.9,29.1,3.89,9.6,225,15.1,,,,,,
Vector_CWB_FB_46714D,"2011-09-30 04:00:00",6,2.8,63,1010.2,27.7,29.1,4.46,10.8,213,15.1,,,,,,
Vector_CWB_FB_46714D,"2011-09-30 05:00:00",4.6,1.4,50,1010.5,27.6,29.2,4.11,10.1,213,15.1,,,,,,
Vector_CWB_FB_46714D,"2011-09-30 06:00:00",4.6,1.8,33,1010.6,27.8,29.2,3.7,9.6,213,13.1,,,,,,
Vector_CWB_FB_46714D,"2011-09-30 07:00:00",4.7,2.2,56,1011.1,27.6,29.2,3.61,9.2,225,15.1,,,,,,
Vector_CWB_FB_46714D,"2011-09-30 08:00:00",4.4,2.5,62,1011.2,27.9,29.3,3.53,9.4,213,13.1,,,,,,
Vector_CWB_FB_46714D,"2011-09-30 09:00:00",5.4,2.9,59,1011,28.6,29.3,3.13,9.3,247,15.1,,,,,,
Vector_CWB_FB_46714D,"2011-09-30 10:00:00",4.7,2.5,333,1010.9,29.1,29.3,3.2,10.2,225,15.1,,,,,,
Vector_CWB_FB_46714D,"2011-09-30 11:00:00",5.8,4.6,315,1010.6,28.7,29.3,3.7,10.4,225,15.1,,,,,,
Vector_CWB_FB_46714D,"2011-09-30 12:00:00",6.8,5.1,316,1010,28.9,29.3,3.2,9.7,225,15.1,,,,,,
Vector_CWB_FB_46714D,"2011-09-30 13:00:00",6.4,4.9,299,1009.4,28.8,29.5,2.96,8.9,225,13.1,,,,,,
Vector_CWB_FB_46714D,"2011-09-30 14:00:00",7.5,5.5,320,1008.9,29.1,29.3,3.39,9.4,213,13.1,,,,,,
Vector_CWB_FB_46714D,"2011-09-30 15:00:00",7.3,5,316,1008.7,29.1,29.5,3.32,8.7,213,11.6,,,,,,
Vector_CWB_FB_46714D,"2011-09-30 16:00:00",7.5,4.8,335,1008.7,28.6,29.5,3.1,8.4,236,13.1,,,,,,
Vector_CWB_FB_46714D,"2011-09-30 17:00:00",7.8,5.8,311,1009,28.3,29.4,3.35,8.7,225,13.1,,,,,,
Vector_CWB_FB_46714D,"2011-09-30 18:00:00",7.6,6.2,324,1008.9,28.4,29.4,3.39,8.6,225,11.6,,,,,,
Vector_CWB_FB_46714D,"2011-09-30 19:00:00",7.2,5.8,323,1009.4,28.4,29.3,3.36,8.4,225,13.1,,,,,,
Vector_CWB_FB_46714D,"2011-09-30 20:00:00",4.8,3.3,325,1009.7,28.4,29.4,2.59,7.7,236,13.1,,,,,,
Vector_CWB_FB_46714D,"2011-09-30 21:00:00",6.4,3.8,188,1009.9,28.1,29.4,2.63,8,236,13.1,,,,,,
Vector_CWB_FB_46714D,"2011-09-30 22:00:00",5.7,3.9,215,1009.8,28.7,29.3,2.32,9.1,225,15.1,,,,,,
Vector_CWB_FB_46714D,"2011-09-30 23:00:00",5.1,3.2,270,1010.1,28.8,29.4,2.3,8.7,225,15.1,,,,,,
Vector_CWB_FB_46714D,"2011-10-01 00:00:00",6.5,4.9,271,1009.6,28.5,29.3,2.17,8.2,225,11.6,,,,,,
Vector_CWB_FB_46714D,"2011-10-01 01:00:00",5.4,4.3,310,1009.7,28.4,29.3,2.22,8.3,236,11.6,,,,,,
Vector_CWB_FB_46714D,"2011-10-01 02:00:00",5.9,4.4,331,1009.3,28,29.4,2.27,8.8,213,13.1,,,,,,
Vector_CWB_FB_46714D,"2011-10-01 03:00:00",4.5,2.4,335,1008.5,27.7,29.3,1.97,8.4,213,13.1,,,,,,
Vector_CWB_FB_46714D,"2011-10-01 04:00:00",4.1,2.9,325,1008.7,27.8,29.3,2.07,8.3,225,11.6,,,,,,
Vector_CWB_FB_46714D,"2011-10-01 05:00:00",4.6,3.4,293,1008.9,28,29.4,2.02,7.5,213,10.4,,,,,,
Vector_CWB_FB_46714D,"2011-10-01 06:00:00",5,4.2,322,1009.1,27.6,29.4,1.82,7.4,236,11.6,,,,,,
Vector_CWB_FB_46714D,"2011-10-01 07:00:00",4.3,3.3,321,1009.2,27.9,29.4,1.68,6.9,236,11.6,,,,,,
Vector_CWB_FB_46714D,"2011-10-01 08:00:00",4.5,3.4,321,1009.2,27.9,29.3,1.37,6.7,225,10.4,,,,,,
Vector_CWB_FB_46714D,"2011-10-01 09:00:00",2.3,1.5,296,1009.4,28.2,29.1,1.49,7.6,236,11.6,,,,,,
Vector_CWB_FB_46714D,"2011-10-01 10:00:00",3.4,2.3,199,1009.7,29.5,29.1,1.18,7.4,213,10.4,,,,,,
Vector_CWB_FB_46714D,"2011-10-01 11:00:00",3.9,3.1,218,1009.6,28.8,29.1,1.1,6.3,225,9.5,,,,,,
Vector_CWB_FB_46714D,"2011-10-01 12:00:00",4.7,3.8,232,1009.2,28.5,29.1,1.09,6.7,213,10.4,,,,,,
Vector_CWB_FB_46714D,"2011-10-01 13:00:00",4,2.7,214,1009.4,27.9,29.1,0.96,6.4,213,9.5,,,,,,
Vector_CWB_FB_46714D,"2011-10-01 14:00:00",4.6,3.7,284,1007.2,27.5,29,0.96,5.9,236,9.5,,,,,,
Vector_CWB_FB_46714D,"2011-10-01 15:00:00",3.3,2.6,272,1007.5,27.9,29,1.15,6.7,225,10.4,,,,,,
Vector_CWB_FB_46714D,"2011-10-01 16:00:00",6.4,5,330,1007,27.6,29.1,0.98,5.9,225,10.4,,,,,,
Vector_CWB_FB_46714D,"2011-10-01 17:00:00",5.1,3.6,337,1007.2,27.3,29,0.99,5.8,258,10.4,,,,,,
Vector_CWB_FB_46714D,"2011-10-01 18:00:00",3.9,2.9,338,1007.1,27.3,29.2,0.92,5.6,225,10.4,,,,,,
Vector_CWB_FB_46714D,"2011-10-01 19:00:00",2.7,1.8,350,1006.8,27.2,29,1.03,5.7,247,10.4,,,,,,
Vector_CWB_FB_46714D,"2011-10-01 20:00:00",1.9,1.1,42,1007.5,27.2,29,0.96,5.3,247,10.4,,,,,,
Vector_CWB_FB_46714D,"2011-10-01 21:00:00",1.8,1.2,12,1007.6,27.3,28.9,0.81,4.9,270,11.6,,,,,,
Vector_CWB_FB_46714D,"2011-10-01 22:00:00",1.9,1.2,69,1007.6,27.4,29,0.72,5.1,236,10.4,,,,,,
Vector_CWB_FB_46714D,"2011-10-01 23:00:00",,,,1008.1,27.1,29,1.01,6.7,146,9.5,,,,,,
Vector_CWB_FB_46714D,"2011-10-02 00:00:00",2.3,1.2,137,1007.5,27.4,28.9,0.98,6.5,247,11.6,,,,,,
Vector_CWB_FB_46714D,"2011-10-02 01:00:00",3,2.1,304,1006.4,27.4,28.9,1.1,6.4,123,11.6,,,,,,
Vector_CWB_FB_46714D,"2011-10-02 02:00:00",4.4,2.9,337,1006.1,27.6,28.9,0.99,6,157,10.4,,,,,,
Vector_CWB_FB_46714D,"2011-10-02 03:00:00",5,3.5,340,1005.4,27.5,28.8,1.17,7.3,180,13.1,,,,,,
Vector_CWB_FB_46714D,"2011-10-02 04:00:00",3.9,1.3,359,1005,27.4,28.8,1.2,7.1,157,11.6,,,,,,
Vector_CWB_FB_46714D,"2011-10-02 05:00:00",,,,1005.6,27.2,28.7,1.16,6.9,168,10.4,,,,,,
Vector_CWB_FB_46714D,"2011-10-02 06:00:00",2.1,1.1,304,1005.2,27.2,28.7,1.02,6,157,10.4,,,,,,
Vector_CWB_FB_46714D,"2011-10-02 07:00:00",3.8,2.6,234,1005.4,27.1,28.8,1.08,6.1,180,10.4,,,,,,
Vector_CWB_FB_46714D,"2011-10-02 08:00:00",6.4,5.1,301,1006.1,27.2,28.9,0.88,5,157,9.5,,,,,,
Vector_CWB_FB_46714D,"2011-10-02 09:00:00",7.1,4.7,318,1007.1,26.7,28.8,1.04,5.7,135,9.5,,,,,,
Vector_CWB_FB_46714D,"2011-10-02 10:00:00",6.9,5.1,309,1007.9,26.5,28.8,1.16,5.8,146,8.7,,,,,,
Vector_CWB_FB_46714D,"2011-10-02 11:00:00",5.9,3.9,310,1007.8,26.1,28.8,1.21,7,135,9.5,,,,,,
Vector_CWB_FB_46714D,"2011-10-02 12:00:00",5.7,3.5,312,1007.3,25.9,28.6,1.21,6.8,123,11.6,,,,,,
Vector_CWB_FB_46714D,"2011-10-02 13:00:00",5.5,3.7,324,1006.5,26.2,28.6,1.31,6.2,157,11.6,,,,,,
Vector_CWB_FB_46714D,"2011-10-02 14:00:00",5.2,4,337,1006,26.3,28.5,1.14,6.5,135,8,,,,,,
Vector_CWB_FB_46714D,"2011-10-02 15:00:00",4.7,2.8,353,1006.1,26.2,28.6,1.06,6,168,6.5,,,,,,
Vector_CWB_FB_46714D,"2011-10-02 16:00:00",2.7,1.3,353,1005.8,26.3,28.5,1.03,5.6,123,11.6,,,,,,
Vector_CWB_FB_46714D,"2011-10-02 17:00:00",4,3,20,1005.9,26.2,28.7,0.99,5.6,146,11.6,,,,,,
Vector_CWB_FB_46714D,"2011-10-02 18:00:00",2.5,2,29,1006.4,26.3,28.5,0.85,5.2,146,11.6,,,,,,
Vector_CWB_FB_46714D,"2011-10-02 19:00:00",3,2.4,33,1006.8,26.6,28.6,0.79,5.2,157,8.7,,,,,,
Vector_CWB_FB_46714D,"2011-10-02 20:00:00",3.5,1.7,48,1006.7,26.2,28.7,0.95,5.1,292,6.9,,,,,,
Vector_CWB_FB_46714D,"2011-10-02 21:00:00",,,,1007.6,26.5,28.7,0.88,5.4,258,13.1,,,,,,
Vector_CWB_FB_46714D,"2011-10-02 22:00:00",,,,1007.9,26.7,28.8,0.97,5.8,258,11.6,,,,,,
Vector_CWB_FB_46714D,"2011-10-02 23:00:00",4.4,3.5,299,1007.1,27,28.8,0.99,5.9,270,13.1,,,,,,
Vector_CWB_FB_46714D,"2011-10-03 00:00:00",5.3,4.2,313,1007.3,26.7,28.8,0.98,5.9,146,6.5,,,,,,
Vector_CWB_FB_46714D,"2011-10-03 01:00:00",5.6,4.1,323,1007.1,26.6,28.8,1.1,6.4,146,10.4,,,,,,
Vector_CWB_FB_46714D,"2011-10-03 02:00:00",5.6,3.8,354,1007.1,26.1,28.3,1.13,6.1,146,8.7,,,,,,
Vector_CWB_FB_46714D,"2011-10-03 03:00:00",6.1,4.4,15,1006.3,25.7,28.6,1.21,6,270,9.5,,,,,,
Vector_CWB_FB_46714D,"2011-10-03 04:00:00",5.3,4.1,39,1006.6,25.8,28.6,1.26,6.1,270,13.1,,,,,,
Vector_CWB_FB_46714D,"2011-10-03 05:00:00",3.7,2.8,59,1006.3,25.8,28.5,1.12,6,191,10.4,,,,,,
Vector_CWB_FB_46714D,"2011-10-03 06:00:00",3.5,2.7,53,1006.5,25.8,28.5,1.14,5.8,258,9.5,,,,,,
Vector_CWB_FB_46714D,"2011-10-03 07:00:00",4.2,3.3,61,1007.2,26.3,28.6,1.15,5.9,191,9.5,,,,,,
Vector_CWB_FB_46714D,"2011-10-03 08:00:00",3.6,2.9,331,1007.9,26.8,28.6,1.29,6.4,191,10.4,,,,,,
Vector_CWB_FB_46714D,"2011-10-03 09:00:00",4.6,3.4,310,1008,26.9,28.8,1.17,6,191,10.4,,,,,,
Vector_CWB_FB_46714D,"2011-10-03 10:00:00",5.3,3.9,316,1008.4,26.6,28.9,1.05,6.2,191,8.7,,,,,,
Vector_CWB_FB_46714D,"2011-10-03 11:00:00",6,4.7,317,1007.9,26.5,28.8,1.33,6.9,202,10.4,,,,,,
Vector_CWB_FB_46714D,"2011-10-03 12:00:00",5.9,4.7,310,1007.5,26.7,28.8,1.31,7.1,157,9.5,,,,,,
Vector_CWB_FB_46714D,"2011-10-03 13:00:00",6.6,5.4,324,1006.9,26.9,28.7,1.73,6.9,213,10.4,,,,,,
Vector_CWB_FB_46714D,"2011-10-03 14:00:00",6.8,5.2,328,1006.2,26.9,28.7,1.68,7.6,202,11.6,,,,,,
Vector_CWB_FB_46714D,"2011-10-03 15:00:00",5.1,3.9,325,1006.1,27.2,28.6,1.32,6.5,191,10.4,,,,,,
Vector_CWB_FB_46714D,"2011-10-03 16:00:00",4.9,3.4,324,1006.4,27.9,28.9,1.59,6.7,168,9.5,,,,,,
Vector_CWB_FB_46714D,"2011-10-03 17:00:00",4.2,3.4,306,1007.1,27.9,28.7,1.72,7,180,10.4,,,,,,
Vector_CWB_FB_46714D,"2011-10-03 18:00:00",5.2,3.5,316,1007.1,27.8,28.6,1.48,6.5,213,10.4,,,,,,
Vector_CWB_FB_46714D,"2011-10-03 19:00:00",3.5,2.4,336,1007.6,27.7,28.7,1.88,7.2,213,10.4,,,,,,
Vector_CWB_FB_46714D,"2011-10-03 20:00:00",2.3,1.3,300,1008.5,27.7,28.8,1.43,6.1,191,10.4,,,,,,
Vector_CWB_FB_46714D,"2011-10-03 21:00:00",,,,1009.1,27.9,28.7,1.51,6,202,9.5,,,,,,
Vector_CWB_FB_46714D,"2011-10-03 22:00:00",2.8,2,252,1009.1,27.8,28.6,1.52,6,213,10.4,,,,,,
Vector_CWB_FB_46714D,"2011-10-03 23:00:00",3.8,2.5,335,1008.9,27.3,28.6,1.5,5.9,236,10.4,,,,,,
Vector_CWB_FB_46714D,"2011-10-04 00:00:00",4,3.1,319,1008.8,27.1,28.7,1.66,6.6,225,10.4,,,,,,
Vector_CWB_FB_46714D,"2011-10-04 01:00:00",4.3,3.4,324,1008.6,26.4,28.7,1.33,6.2,202,10.4,,,,,,
Vector_CWB_FB_46714D,"2011-10-04 02:00:00",4.6,3.6,326,1008.3,26.3,28.6,1.74,7,202,10.4,,,,,,
Vector_CWB_FB_46714D,"2011-10-04 03:00:00",5.8,4.6,332,1008.3,25.9,28.6,1.54,7,225,9.5,,,,,,
Vector_CWB_FB_46714D,"2011-10-04 04:00:00",5.1,3.9,347,1008.6,25.5,28.7,1.14,6.2,236,8.7,,,,,,
Vector_CWB_FB_46714D,"2011-10-04 05:00:00",3.9,2.4,10,1008.8,25.5,28.6,1.11,6.3,213,9.5,,,,,,
Vector_CWB_FB_46714D,"2011-10-04 06:00:00",2.7,1.6,26,1009.7,25.6,28.6,1.22,6.3,236,9.5,,,,,,
Vector_CWB_FB_46714D,"2011-10-04 07:00:00",2.6,1.6,351,1009.9,25.7,28.6,1.3,6.3,236,9.5,,,,,,
Vector_CWB_FB_46714D,"2011-10-04 08:00:00",3.9,2.4,339,1010.4,26,28.7,1.26,5.9,236,9.5,,,,,,
Vector_CWB_FB_46714D,"2011-10-04 09:00:00",3.5,2.6,295,1010.7,26.1,28.7,1.25,5.7,236,8.7,,,,,,
Vector_CWB_FB_46714D,"2011-10-04 10:00:00",2.3,1.6,281,1011.2,26.3,28.8,1.18,5.7,213,8,,,,,,
Vector_CWB_FB_46714D,"2011-10-04 11:00:00",4.5,3.4,306,1010.8,26.2,28.8,1.1,5.9,236,8.7,,,,,,
Vector_CWB_FB_46714D,"2011-10-04 12:00:00",4.8,3.6,285,1010.4,26.4,28.6,1.29,6.6,168,9.5,,,,,,
Vector_CWB_FB_46714D,"2011-10-04 13:00:00",4.7,3.7,312,1010.1,27.2,28.9,1.13,5.7,213,9.5,,,,,,
Vector_CWB_FB_46714D,"2011-10-04 14:00:00",4.4,3.4,301,1009.4,27.8,28.9,1.21,5.6,213,9.5,,,,,,
Vector_CWB_FB_46714D,"2011-10-04 15:00:00",3.7,2.7,303,1008.8,28.1,28.8,1.37,6.3,225,9.5,,,,,,
Vector_CWB_FB_46714D,"2011-10-04 16:00:00",3.8,2.6,302,1009.1,27.8,28.9,1.25,6.3,225,10.4,,,,,,
Vector_CWB_FB_46714D,"2011-10-04 17:00:00",3.5,2.8,266,1009.3,27.6,28.7,1.08,5.9,225,8.7,,,,,,
Vector_CWB_FB_46714D,"2011-10-04 18:00:00",3.7,2.7,273,1009.7,27.5,28.8,1.16,6,191,8.7,,,,,,
Vector_CWB_FB_46714D,"2011-10-04 19:00:00",4,2.8,204,1010.4,27.7,28.8,1.29,6.5,168,8.7,,,,,,
Vector_CWB_FB_46714D,"2011-10-04 20:00:00",5.8,4.8,210,1010.9,27.8,28.8,1.04,5.4,236,8.7,,,,,,
Vector_CWB_FB_46714D,"2011-10-04 21:00:00",6.7,5.4,167,1011.2,28,28.8,1.27,5.4,191,8,,,,,,
Vector_CWB_FB_46714D,"2011-10-04 22:00:00",6,4.1,150,1011.7,28,28.7,1.19,5.5,247,9.5,,,,,,
Vector_CWB_FB_46714D,"2011-10-04 23:00:00",5.1,4,122,1011.5,27.8,28.6,1.09,5.4,236,9.5,,,,,,
Vector_CWB_FB_46714D,"2011-10-05 00:00:00",4.5,3.1,137,1011.6,27.5,28.6,0.91,5.3,247,10.4,,,,,,
Vector_CWB_FB_46714D,"2011-10-05 01:00:00",5.6,4.6,317,1011.2,27.2,28.8,0.99,5.2,202,10.4,,,,,,
Vector_CWB_FB_46714D,"2011-10-05 02:00:00",5.1,3.7,333,1011.3,26.7,28.6,0.99,5.5,225,10.4,,,,,,
Vector_CWB_FB_46714D,"2011-10-05 03:00:00",4.2,2.7,342,1011.1,26.5,28.6,0.99,6.4,225,10.4,,,,,,
Vector_CWB_FB_46714D,"2011-10-05 04:00:00",3.4,2.2,358,1011,26.5,28.8,0.73,5.5,247,10.4,,,,,,
Vector_CWB_FB_46714D,"2011-10-05 05:00:00",2.2,1.5,14,1011.3,26.5,28.8,0.81,6.1,225,9.5,,,,,,
Vector_CWB_FB_46714D,"2011-10-05 06:00:00",2.2,1.7,6,1011.6,26.5,28.8,0.79,5.9,236,8.7,,,,,,
Vector_CWB_FB_46714D,"2011-10-05 07:00:00",2.5,1.6,19,1012.4,26.7,28.7,0.71,5.7,236,10.4,,,,,,
Vector_CWB_FB_46714D,"2011-10-05 08:00:00",3,1.9,322,1012.4,27.3,28.6,0.78,5.4,191,9.5,,,,,,
Vector_CWB_FB_46714D,"2011-10-05 09:00:00",2,1.3,277,1013.2,27.5,28.9,0.74,5.1,236,9.5,,,,,,
Vector_CWB_FB_46714D,"2011-10-05 10:00:00",3.5,2.4,280,1012.9,27.3,28.9,0.82,5.7,225,8.7,,,,,,
Vector_CWB_FB_46714D,"2011-10-05 11:00:00",4.2,3.5,298,1012.7,27.3,29.2,0.81,5.6,247,7.4,,,,,,
Vector_CWB_FB_46714D,"2011-10-05 12:00:00",5.4,4.1,299,1012.1,27.3,29.2,0.8,6,202,8.7,,,,,,
Vector_CWB_FB_46714D,"2011-10-05 13:00:00",5.1,4.3,300,1011.3,27.2,28.8,0.73,6.1,236,9.5,,,,,,
Vector_CWB_FB_46714D,"2011-10-05 14:00:00",5.2,4.4,305,1010.8,27.5,28.8,0.7,5.4,168,8,,,,,,
Vector_CWB_FB_46714D,"2011-10-05 15:00:00",5.3,4.1,311,1010.8,27.8,28.7,0.79,5.1,236,8.7,,,,,,
Vector_CWB_FB_46714D,"2011-10-05 16:00:00",3.5,2.5,299,1011.1,28.1,28.7,0.79,4.9,247,7.4,,,,,,
Vector_CWB_FB_46714D,"2011-10-05 17:00:00",3.9,2.7,289,1011.3,27.9,28.8,0.82,4.7,236,7.4,,,,,,
Vector_CWB_FB_46714D,"2011-10-05 18:00:00",3.9,3,283,1011.8,27.7,28.8,0.72,4.9,168,6.9,,,,,,
Vector_CWB_FB_46714D,"2011-10-05 19:00:00",3.9,2.8,282,1012.7,27.7,28.8,0.79,4.9,236,7.4,,,,,,
Vector_CWB_FB_46714D,"2011-10-05 20:00:00",3.7,2.8,310,1013.7,27.6,28.7,0.82,4.8,225,7.4,,,,,,
Vector_CWB_FB_46714D,"2011-10-05 21:00:00",4.6,3.7,326,1014.2,27.5,28.7,0.76,4.6,225,8.7,,,,,,
Vector_CWB_FB_46714D,"2011-10-05 22:00:00",3.9,3.3,338,1013.8,27.5,28.7,0.73,4.7,168,8,,,,,,
Vector_CWB_FB_46714D,"2011-10-05 23:00:00",4.2,3,342,1013.3,27.2,28.6,0.78,4.4,292,5.2,,,,,,
Vector_CWB_FB_46714D,"2011-10-06 00:00:00",2.7,1.8,338,1013.2,27.2,28.6,0.84,4.8,236,8.7,,,,,,
Vector_CWB_FB_46714D,"2011-10-06 01:00:00",3.8,2.3,345,1012.5,27.4,28.8,0.69,4.5,213,8.7,,,,,,
Vector_CWB_FB_46714D,"2011-10-06 02:00:00",5.3,3.8,354,1012.3,27.3,28.7,0.82,4.7,326,5.4,,,,,,
Vector_CWB_FB_46714D,"2011-10-06 03:00:00",3.9,3,9,1011.9,27,28.6,0.65,4.3,146,8.7,,,,,,
Vector_CWB_FB_46714D,"2011-10-06 04:00:00",2.7,2.1,17,1012.4,26.8,28.5,0.62,4.3,225,8,,,,,,
Vector_CWB_FB_46714D,"2011-10-06 05:00:00",3,2.4,31,1012.5,26.7,28.5,0.61,4.4,213,8,,,,,,
Vector_CWB_FB_46714D,"2011-10-06 06:00:00",2.3,1.7,38,1012.6,26.5,28.8,0.52,4.7,180,8.7,,,,,,
Vector_CWB_FB_46714D,"2011-10-06 07:00:00",2.4,1.7,43,1013.2,26.7,28.8,0.53,5.2,202,8.7,,,,,,
Vector_CWB_FB_46714D,"2011-10-06 08:00:00",,,,1013.3,27.2,28.9,0.48,4.8,247,8,,,,,,
Vector_CWB_FB_46714D,"2011-10-06 09:00:00",2.3,1.6,231,1013.5,27.2,28.9,0.52,5.4,213,9.5,,,,,,
Vector_CWB_FB_46714D,"2011-10-06 10:00:00",4.2,3.4,297,1013.7,27,28.9,0.54,5.2,202,8.7,,,,,,
Vector_CWB_FB_46714D,"2011-10-06 11:00:00",4.8,3.6,282,1013.2,27.1,29,0.58,4.9,202,8,,,,,,
Vector_CWB_FB_46714D,"2011-10-06 12:00:00",5.6,4.7,286,1012.9,27.2,29,0.55,5.1,191,8.7,,,,,,
Vector_CWB_FB_46714D,"2011-10-06 13:00:00",6.8,5.8,293,1012.6,27.3,29.2,0.51,5.2,202,8.7,,,,,,
Vector_CWB_FB_46714D,"2011-10-06 14:00:00",6.9,5.7,294,1011.8,27.1,29.2,0.56,5.7,168,8,,,,,,
Vector_CWB_FB_46714D,"2011-10-06 15:00:00",6.6,5.6,305,1012.1,27.1,29,0.52,5.4,202,8,,,,,,
Vector_CWB_FB_46714D,"2011-10-06 16:00:00",5.9,4.8,318,1012.5,27.3,28.8,0.59,4.1,258,8,,,,,,
Vector_CWB_FB_46714D,"2011-10-06 17:00:00",5.6,4.5,324,1012.9,27.3,28.7,0.63,4.3,225,8,,,,,,
Vector_CWB_FB_46714D,"2011-10-06 18:00:00",5.4,4.2,333,1013.3,27.4,28.8,0.59,4,292,7.4,,,,,,
Vector_CWB_FB_46714D,"2011-10-06 19:00:00",4.9,3.7,340,1013.7,27.3,28.7,0.51,4.7,213,8,,,,,,
Vector_CWB_FB_46714D,"2011-10-06 20:00:00",4.3,3.2,342,1014.2,27.6,28.6,0.5,4.6,135,8,,,,,,
Vector_CWB_FB_46714D,"2011-10-06 21:00:00",2.8,1.8,336,1014.4,27.6,28.7,0.62,4.4,180,8.7,,,,,,
Vector_CWB_FB_46714D,"2011-10-06 22:00:00",1.8,1.3,11,1014.5,27.6,28.6,0.58,4,135,8,,,,,,
Vector_CWB_FB_46714D,"2011-10-06 23:00:00",,,,1014.3,27.5,28.7,0.8,4.3,292,7.4,,,,,,
Vector_CWB_FB_46714D,"2011-10-07 00:00:00",2.1,1.2,281,1013.8,27.6,28.6,0.64,4.1,292,6.9,,,,,,
Vector_CWB_FB_46714D,"2011-10-07 01:00:00",4.7,3.7,322,1012.9,27.3,28.6,0.71,4.4,168,8,,,,,,
Vector_CWB_FB_46714D,"2011-10-07 02:00:00",5.5,4.2,328,1012.3,26.9,28.6,0.62,4,292,7.4,,,,,,
Vector_CWB_FB_46714D,"2011-10-07 03:00:00",5.1,3.8,346,1011.9,26.5,28.8,0.58,4.2,168,8.7,,,,,,
Vector_CWB_FB_46714D,"2011-10-07 04:00:00",,,,1012.3,26.9,28.7,0.53,4.5,168,8.7,,,,,,
Vector_CWB_FB_46714D,"2011-10-07 05:00:00",,,,1012.7,26.8,28.7,0.41,4.6,202,8.7,,,,,,
Vector_CWB_FB_46714D,"2011-10-07 06:00:00",2.4,1.5,262,1013,26.8,28.4,0.45,4.5,180,8,,,,,,
Vector_CWB_FB_46714D,"2011-10-07 07:00:00",3.5,2.4,266,1013.6,27.1,28.6,0.66,4.5,258,7.4,,,,,,
Vector_CWB_FB_46714D,"2011-10-07 08:00:00",3.5,2.5,303,1014.3,27,28.5,0.5,4.3,258,7.4,,,,,,
Vector_CWB_FB_46714D,"2011-10-07 09:00:00",4.1,3.2,320,1014.7,26.8,28.5,0.53,4.3,270,6.9,,,,,,
Vector_CWB_FB_46714D,"2011-10-07 10:00:00",5.2,4.1,312,1014.5,26.7,28.5,0.49,4.7,281,5.2,,,,,,
Vector_CWB_FB_46714D,"2011-10-07 11:00:00",4.7,3.6,319,1014.1,27.1,28.7,0.51,4.5,303,5.8,,,,,,
Vector_CWB_FB_46714D,"2011-10-07 12:00:00",4.7,3.5,316,1013.1,27,28.7,0.56,4.2,281,4.7,,,,,,
Vector_CWB_FB_46714D,"2011-10-07 13:00:00",5.4,4.1,317,1012.2,27,28.7,0.58,4.4,292,4.9,,,,,,
Vector_CWB_FB_46714D,"2011-10-07 14:00:00",4.7,3.4,299,1012,26.9,28.7,0.61,4.4,281,6.5,,,,,,
Vector_CWB_FB_46714D,"2011-10-07 15:00:00",3.5,2.7,274,1012.5,26.9,28.8,0.48,4.5,247,7.4,,,,,,
Vector_CWB_FB_46714D,"2011-10-07 16:00:00",3.1,2.6,255,1012.4,26.8,28.7,0.39,4.6,270,7.4,,,,,,
Vector_CWB_FB_46714D,"2011-10-07 17:00:00",3.9,3.1,281,1012.6,26.9,28.6,0.4,4.4,123,7.4,,,,,,
Vector_CWB_FB_46714D,"2011-10-07 18:00:00",5,4,300,1012.3,26.9,28.6,0.57,4.3,247,8.7,,,,,,
Vector_CWB_FB_46714D,"2011-10-07 19:00:00",4.3,3.2,327,1012.8,27,28.7,0.54,4.3,281,6.5,,,,,,
Vector_CWB_FB_46714D,"2011-10-07 20:00:00",2.3,1.5,14,1013.2,26.9,28.6,0.61,4.8,270,6.9,,,,,,
Vector_CWB_FB_46714D,"2011-10-07 21:00:00",2.8,1.7,93,1013.6,26.8,28.5,0.57,4.8,281,7.4,,,,,,
Vector_CWB_FB_46714D,"2011-10-07 22:00:00",2.7,2,154,1013.4,27,28.5,0.62,4.7,292,4.9,,,,,,
Vector_CWB_FB_46714D,"2011-10-07 23:00:00",3,2,186,1013.5,26.8,28.5,0.7,4.7,281,6.9,,,,,,
Vector_CWB_FB_46714D,"2011-10-08 00:00:00",,,,1013,26.8,28.5,0.7,4.7,270,7.4,,,,,,
Vector_CWB_FB_46714D,"2011-10-08 01:00:00",1.8,1.3,345,1012.2,26.8,28.4,0.73,4.3,281,6.5,,,,,,
Vector_CWB_FB_46714D,"2011-10-08 02:00:00",3.1,2.4,276,1011.8,27,28.4,0.52,4.2,270,8.7,,,,,,
Vector_CWB_FB_46714D,"2011-10-08 03:00:00",3.4,2.5,300,1011.3,27.1,28.4,0.49,4.2,135,5.4,,,,,,
Vector_CWB_FB_46714D,"2011-10-08 04:00:00",2.7,2.2,319,1011.2,26.8,28.4,0.53,4.2,281,5.8,,,,,,
Vector_CWB_FB_46714D,"2011-10-08 05:00:00",2.6,2.1,15,1011.8,26.7,28.5,0.55,4.5,146,5.4,,,,,,
Vector_CWB_FB_46714D,"2011-10-08 06:00:00",2.8,2.2,28,1012,26.3,28.4,0.51,4.4,146,5.2,,,,,,
Vector_CWB_FB_46714D,"2011-10-08 07:00:00",3.8,2.8,57,1012.7,26.4,28.3,0.43,4.4,135,5.8,,,,,,
Vector_CWB_FB_46714D,"2011-10-08 08:00:00",2.5,1.7,54,1013.2,26.7,28.4,0.57,4.5,258,6.1,,,,,,
Vector_CWB_FB_46714D,"2011-10-08 09:00:00",2.3,1.2,343,1013.3,27.4,28.3,0.57,4.7,270,7.4,,,,,,
Vector_CWB_FB_46714D,"2011-10-08 10:00:00",2.4,1.7,298,1013.6,28.1,28.7,0.56,4.5,258,5.8,,,,,,
Vector_CWB_FB_46714D,"2011-10-08 11:00:00",3,2.2,305,1013.3,27.6,28.8,0.54,4.5,292,7.4,,,,,,
Vector_CWB_FB_46714D,"2011-10-08 12:00:00",3.4,2.6,292,1012.3,27.2,28.9,0.52,4.5,292,7.4,,,,,,
Vector_CWB_FB_46714D,"2011-10-08 13:00:00",3.1,2.3,282,1011.7,27.4,29,0.59,4.6,292,5.8,,,,,,
Vector_CWB_FB_46714D,"2011-10-08 14:00:00",4.3,3.4,292,1011,27.4,28.9,0.72,4.6,281,6.5,,,,,,
Vector_CWB_FB_46714D,"2011-10-08 15:00:00",4.2,3.4,302,1010.7,27.3,28.8,0.66,4.5,258,7.4,,,,,,
Vector_CWB_FB_46714D,"2011-10-08 16:00:00",3.1,2.5,281,1011.2,27.4,28.8,0.55,4.2,270,5.2,,,,,,
Vector_CWB_FB_46714D,"2011-10-08 17:00:00",2.7,2.1,265,1011.3,27.4,28.7,0.45,4.2,157,5.8,,,,,,
Vector_CWB_FB_46714D,"2011-10-08 18:00:00",3.1,2.5,271,1011,27.3,28.5,0.47,4.6,146,8,,,,,,
Vector_CWB_FB_46714D,"2011-10-08 19:00:00",3.6,2.8,289,1011.6,27.4,28.4,0.46,4.6,112,6.5,,,,,,
Vector_CWB_FB_46714D,"2011-10-08 20:00:00",2.9,2.3,271,1012.7,27.4,28.2,0.45,4.3,157,6.9,,,,,,
Vector_CWB_FB_46714D,"2011-10-08 21:00:00",3.7,2.5,278,1013.2,27.4,28.2,0.46,4.7,258,8,,,,,,
Vector_CWB_FB_46714D,"2011-10-08 22:00:00",4.1,3.2,283,1012.8,27.4,28.1,0.49,4.5,191,5.8,,,,,,
Vector_CWB_FB_46714D,"2011-10-08 23:00:00",3.8,3.1,286,1012.6,27.4,28.4,0.53,4.4,270,6.5,,,,,,
Vector_CWB_FB_46714D,"2011-10-09 00:00:00",,,,1012.7,27.3,28.3,0.58,4.3,292,5.2,,,,,,
Vector_CWB_FB_46714D,"2011-10-09 01:00:00",3.4,2.6,276,1011.3,27.5,28.3,0.63,4.1,258,4.9,,,,,,
Vector_CWB_FB_46714D,"2011-10-09 02:00:00",,,,1011.1,27.1,28.3,0.61,4.2,281,6.5,,,,,,
Vector_CWB_FB_46714D,"2011-10-09 03:00:00",2.9,2.2,287,1010.5,27.2,28.3,0.57,4.3,135,6.9,,,,,,
Vector_CWB_FB_46714D,"2011-10-09 04:00:00",,,,1010.8,27.2,28.4,0.61,4.5,247,6.1,,,,,,
Vector_CWB_FB_46714D,"2011-10-09 05:00:00",,,,1011.2,27,28.4,0.5,4.2,247,5.8,,,,,,
Vector_CWB_FB_46714D,"2011-10-09 06:00:00",5.5,4.3,114,1011.6,26.2,28.5,0.53,4.6,123,6.5,,,,,,
Vector_CWB_FB_46714D,"2011-10-09 07:00:00",3.9,2.9,148,1012.3,25.7,28.5,0.47,4.6,146,7.4,,,,,,
Vector_CWB_FB_46714D,"2011-10-09 08:00:00",2,1.3,120,1013.1,25.5,28.5,0.57,4.5,146,5.8,,,,,,
Vector_CWB_FB_46714D,"2011-10-09 09:00:00",4.3,2.9,62,1013.2,25.8,28.4,0.55,4.4,135,5.2,,,,,,
Vector_CWB_FB_46714D,"2011-10-09 10:00:00",4.3,3.3,75,1013.2,25.8,28.3,0.59,4.7,225,7.4,,,,,,
Vector_CWB_FB_46714D,"2011-10-09 11:00:00",3.5,2.4,98,1013.4,26.1,28.3,0.69,5,281,7.4,,,,,,
Vector_CWB_FB_46714D,"2011-10-09 12:00:00",2.8,1.9,10,1012.3,26.8,28.3,0.6,4.9,303,7.4,,,,,,
Vector_CWB_FB_46714D,"2011-10-09 13:00:00",4.2,2.6,33,1011.4,27.3,28.4,0.67,5.3,157,8,,,,,,
Vector_CWB_FB_46714D,"2011-10-09 14:00:00",3.3,2.5,80,1010.9,27.3,28.5,0.82,5.1,180,6.1,,,,,,
Vector_CWB_FB_46714D,"2011-10-09 15:00:00",3.8,3,152,1010.7,27.1,28.6,0.73,5,157,7.4,,,,,,
Vector_CWB_FB_46714D,"2011-10-09 16:00:00",1.9,1.1,131,1011,27.6,28.6,0.77,5.1,157,8.7,,,,,,
Vector_CWB_FB_46714D,"2011-10-09 17:00:00",2.4,1.6,124,1011.5,27.7,28.5,0.76,5,168,6.5,,,,,,
Vector_CWB_FB_46714D,"2011-10-09 18:00:00",3.4,1.5,352,1011.2,27.1,28.5,0.74,4.5,168,6.1,,,,,,
Vector_CWB_FB_46714D,"2011-10-09 19:00:00",4.9,3.6,101,1012.2,27.4,28.3,0.68,4.8,146,8,,,,,,
Vector_CWB_FB_46714D,"2011-10-09 20:00:00",4.2,3.2,114,1012.6,26.1,28,0.62,5.1,168,7.4,,,,,,
Vector_CWB_FB_46714D,"2011-10-09 21:00:00",,,,1012.8,26.5,28.2,0.7,5.2,225,6.5,,,,,,
Vector_CWB_FB_46714D,"2011-10-09 22:00:00",2.7,1.8,84,1013.5,26.9,28.2,0.69,5.2,180,6.1,,,,,,
Vector_CWB_FB_46714D,"2011-10-09 23:00:00",9.6,7.6,139,1013.3,27.8,28.2,0.73,5,157,6.5,,,,,,
Vector_CWB_FB_46714D,"2011-10-10 00:00:00",8.1,7.1,129,1012.8,27.1,28.2,0.73,4.6,191,6.1,,,,,,
Vector_CWB_FB_46714D,"2011-10-10 01:00:00",9.8,8.2,145,1012,26.9,28.2,0.8,4.4,202,5.4,,,,,,
Vector_CWB_FB_46714D,"2011-10-10 02:00:00",5.7,4.7,103,1011,27,28.4,0.84,4.5,213,5.2,,,,,,
Vector_CWB_FB_46714D,"2011-10-10 03:00:00",8,6.7,52,1010.7,26.5,28.5,0.84,4.8,135,8,,,,,,
Vector_CWB_FB_46714D,"2011-10-10 04:00:00",5.9,4.8,35,1010.7,26.1,28.5,0.89,4.6,191,8,,,,,,
Vector_CWB_FB_46714D,"2011-10-10 05:00:00",3.6,2.6,39,1011,26.1,28.4,0.8,4.8,146,7.4,,,,,,
Vector_CWB_FB_46714D,"2011-10-10 06:00:00",3.4,2.2,314,1011.5,26.3,28.4,0.78,5.1,135,8,,,,,,
Vector_CWB_FB_46714D,"2011-10-10 07:00:00",3.3,1.8,320,1011.9,26.9,28.3,0.88,5.3,135,8,,,,,,
Vector_CWB_FB_46714D,"2011-10-10 08:00:00",4.7,3.2,321,1012.7,27.3,28.3,0.89,5.6,146,8,,,,,,
Vector_CWB_FB_46714D,"2011-10-10 09:00:00",4.2,3.2,334,1013.3,27.5,28.3,0.89,5.6,157,7.4,,,,,,
Vector_CWB_FB_46714D,"2011-10-10 10:00:00",,,,1013.5,28.5,28.4,0.87,5.4,168,8,,,,,,
Vector_CWB_FB_46714D,"2011-10-10 11:00:00",3.2,2.4,239,1012.8,28.5,28.7,0.91,5.2,191,8,,,,,,
Vector_CWB_FB_46714D,"2011-10-10 12:00:00",10.3,6,131,1012.8,28.4,28.5,1,5.2,180,8,,,,,,
Vector_CWB_FB_46714D,"2011-10-10 13:00:00",8.3,6.1,111,1011.6,28.2,28.1,1.07,4.5,191,7.4,,,,,,
Vector_CWB_FB_46714D,"2011-10-10 14:00:00",7.4,6,136,1011.3,28,28.4,0.96,4,213,6.1,,,,,,
Vector_CWB_FB_46714D,"2011-10-10 15:00:00",7.7,6.3,143,1011,28.1,28.4,0.88,4.1,202,6.5,,,,,,
Vector_CWB_FB_46714D,"2011-10-10 16:00:00",6,4.6,133,1010.8,28.3,28.5,0.98,4.3,157,6.5,,,,,,
Vector_CWB_FB_46714D,"2011-10-10 17:00:00",3.3,2.3,347,1011.8,28.1,28.4,0.87,4.3,213,5.4,,,,,,
Vector_CWB_FB_46714D,"2011-10-10 18:00:00",4.6,3.5,346,1012.3,27.7,28.3,1.01,5.1,135,8.7,,,,,,
Vector_CWB_FB_46714D,"2011-10-10 19:00:00",5.4,3.8,340,1012.9,27.5,28.4,1,5.6,123,8.7,,,,,,
Vector_CWB_FB_46714D,"2011-10-10 20:00:00",5.8,4.2,328,1013.7,27.2,28.4,0.87,5.7,135,7.4,,,,,,
Vector_CWB_FB_46714D,"2011-10-10 21:00:00",5.8,4.4,317,1014.2,27.2,28.3,0.86,5.8,135,7.4,,,,,,
Vector_CWB_FB_46714D,"2011-10-10 22:00:00",4.6,3.7,324,1014.8,26.6,28.3,0.79,5.2,168,8,,,,,,
Vector_CWB_FB_46714D,"2011-10-10 23:00:00",5.2,3.4,1,1015.1,25.5,28.3,0.75,5.2,191,8,,,,,,
Vector_CWB_FB_46714D,"2011-10-11 00:00:00",3.2,2.4,13,1014.5,25.3,28.2,0.73,5.1,191,6.9,,,,,,
Vector_CWB_FB_46714D,"2011-10-11 01:00:00",2.9,2,10,1014,25.1,28.2,0.73,4.9,202,6.5,,,,,,
Vector_CWB_FB_46714D,"2011-10-11 02:00:00",2.8,2.1,358,1013.5,25.3,28.1,0.7,4.9,191,6.1,,,,,,
Vector_CWB_FB_46714D,"2011-10-11 03:00:00",2,1.1,197,1013.3,25.4,28.3,0.68,4.9,168,6.9,,,,,,
Vector_CWB_FB_46714D,"2011-10-11 04:00:00",1.8,1.2,325,1012.9,25.4,28.2,0.89,5.2,135,8,,,,,,
Vector_CWB_FB_46714D,"2011-10-11 05:00:00",,,,1013,25.2,28.2,0.83,4.9,146,6.9,,,,,,
Vector_CWB_FB_46714D,"2011-10-11 06:00:00",2.9,1.4,60,1013.1,25.4,28.2,0.76,4.9,146,8,,,,,,
Vector_CWB_FB_46714D,"2011-10-11 07:00:00",3.2,2.1,355,1013.7,25.4,28.3,0.79,5.5,146,7.4,,,,,,
Vector_CWB_FB_46714D,"2011-10-11 08:00:00",3.3,1.9,327,1013.6,25.6,28.3,0.87,5.6,135,8,,,,,,
Vector_CWB_FB_46714D,"2011-10-11 09:00:00",3.6,2.6,290,1014.2,25.7,28.2,0.69,5.4,168,7.4,,,,,,
Vector_CWB_FB_46714D,"2011-10-11 10:00:00",,,,1014.8,26.3,28.3,0.74,5.6,191,6.9,,,,,,
Vector_CWB_FB_46714D,"2011-10-11 11:00:00",3.1,2.2,202,1014.9,26.5,28.2,0.71,5.2,225,6.9,,,,,,
Vector_CWB_FB_46714D,"2011-10-11 12:00:00",2,1.4,137,1014.3,26.6,28.2,0.8,5.1,180,6.9,,,,,,
Vector_CWB_FB_46714D,"2011-10-11 13:00:00",2.2,1.6,72,1013.3,26.5,28.3,0.6,4.9,168,6.9,,,,,,
Vector_CWB_FB_46714D,"2011-10-11 14:00:00",2.3,1.7,73,1012.2,26.7,28.3,0.66,5,157,8,,,,,,
Vector_CWB_FB_46714D,"2011-10-11 15:00:00",,,,1012,26.9,28.3,0.75,5.3,202,6.9,,,,,,
Vector_CWB_FB_46714D,"2011-10-11 16:00:00",2.2,1.7,163,1012.2,26.8,28.2,0.69,4.9,168,6.9,,,,,,
Vector_CWB_FB_46714D,"2011-10-11 17:00:00",2.7,2.2,124,1012.6,26.9,28.3,0.73,4.6,146,5.8,,,,,,
Vector_CWB_FB_46714D,"2011-10-11 18:00:00",2.9,2.3,200,1012.6,27.1,28.2,0.74,4.2,168,7.4,,,,,,
Vector_CWB_FB_46714D,"2011-10-11 19:00:00",,,,1012.8,27.3,28.3,0.81,4.7,146,7.4,,,,,,
Vector_CWB_FB_46714D,"2011-10-11 20:00:00",2.3,1.7,348,1013.8,27.1,28.3,0.67,5.2,112,7.4,,,,,,
Vector_CWB_FB_46714D,"2011-10-11 21:00:00",2.1,1.5,263,1014,27.2,28.2,0.76,5.4,123,6.9,,,,,,
Vector_CWB_FB_46714D,"2011-10-11 22:00:00",1.6,1.1,288,1014.5,27.6,28.2,0.68,5.2,157,7.4,,,,,,
Vector_CWB_FB_46714D,"2011-10-11 23:00:00",2,1.3,261,1014.3,27.3,28.2,0.82,5,213,6.5,,,,,,
Vector_CWB_FB_46714D,"2011-10-12 00:00:00",,,,1014.2,27.4,28.2,0.74,5.1,213,7.4,,,,,,
Vector_CWB_FB_46714D,"2011-10-12 01:00:00",,,,1013.7,27,28.2,0.62,4.9,168,7.4,,,,,,
Vector_CWB_FB_46714D,"2011-10-12 02:00:00",2.1,1.5,313,1013.4,27.2,28.1,0.67,5,225,6.5,,,,,,
Vector_CWB_FB_46714D,"2011-10-12 03:00:00",3.9,2.9,300,1012.9,27.1,28.2,0.66,4.6,191,6.1,,,,,,
Vector_CWB_FB_46714D,"2011-10-12 04:00:00",2.2,1.4,8,1013.2,26.7,28.2,0.71,4.7,180,5.8,,,,,,
Vector_CWB_FB_46714D,"2011-10-12 05:00:00",3.9,2.9,31,1012.8,26.6,28.2,0.67,4.5,191,6.9,,,,,,
Vector_CWB_FB_46714D,"2011-10-12 06:00:00",3.7,2.7,31,1012.9,26.3,28.2,0.72,4.5,157,5.8,,,,,,
Vector_CWB_FB_46714D,"2011-10-12 07:00:00",,,,1013.3,26.3,28.2,0.68,4.9,157,6.9,,,,,,
Vector_CWB_FB_46714D,"2011-10-12 08:00:00",,,,1013.5,27.4,28.3,0.67,5.1,146,6.1,,,,,,
Vector_CWB_FB_46714D,"2011-10-12 09:00:00",1.9,1.2,77,1013.8,27.3,28.2,0.68,5.2,123,8,,,,,,
Vector_CWB_FB_46714D,"2011-10-12 10:00:00",2.4,1.6,84,1013.5,27.8,28.4,0.75,5,225,6.9,,,,,,
Vector_CWB_FB_46714D,"2011-10-12 11:00:00",2.2,1.4,114,1013.1,27.7,28.2,0.65,4.9,168,6.5,,,,,,
Vector_CWB_FB_46714D,"2011-10-12 12:00:00",,,,1012.4,28.3,28.2,0.64,4.6,213,6.9,,,,,,
Vector_CWB_FB_46714D,"2011-10-12 13:00:00",2.8,2.1,267,1011.4,28.3,28.2,0.6,4.9,191,5.8,,,,,,
Vector_CWB_FB_46714D,"2011-10-12 14:00:00",5.9,4.6,273,1011,27.8,28.2,0.58,4.7,213,6.1,,,,,,
Vector_CWB_FB_46714D,"2011-10-12 15:00:00",7.3,6.1,293,1011,27.3,28.2,0.52,4.1,157,6.1,,,,,,
Vector_CWB_FB_46714D,"2011-10-12 16:00:00",5.4,4.6,301,1010.7,27.6,28.2,0.63,4.5,191,5.8,,,,,,
Vector_CWB_FB_46714D,"2011-10-12 17:00:00",4.2,3.4,326,1011.3,27.3,28.2,0.61,4.5,191,5.2,,,,,,
Vector_CWB_FB_46714D,"2011-10-12 18:00:00",4,3.2,345,1011.2,27.4,28.3,0.68,4.4,168,4.9,,,,,,
Vector_CWB_FB_46714D,"2011-10-12 19:00:00",4.2,3.2,347,1011.6,27,28.3,0.56,4.7,157,8,,,,,,
Vector_CWB_FB_46714D,"2011-10-12 20:00:00",2.5,1.8,15,1012,27,28.3,0.59,5,123,8,,,,,,
Vector_CWB_FB_46714D,"2011-10-12 21:00:00",,,,1012.4,26.8,28,0.55,5.5,135,8,,,,,,
Vector_CWB_FB_46714D,"2011-10-12 22:00:00",1.5,1.1,338,1012.2,26.6,28.1,0.54,5.4,168,8,,,,,,
Vector_CWB_FB_46714D,"2011-10-12 23:00:00",1.7,1.2,15,1011.9,26.5,28.1,0.55,5.2,213,7.4,,,,,,
Vector_CWB_FB_46714D,"2011-10-13 00:00:00",,,,1011.9,26.6,28.1,0.56,4.9,202,5.8,,,,,,
Vector_CWB_FB_46714D,"2011-10-13 01:00:00",1.9,1.5,64,1011.4,26.5,28.1,0.62,5.1,191,6.9,,,,,,
Vector_CWB_FB_46714D,"2011-10-13 02:00:00",1.9,1.3,52,1011.5,26.5,28,0.46,4.6,202,6.1,,,,,,
Vector_CWB_FB_46714D,"2011-10-13 03:00:00",2,1.5,136,1011.2,26.7,28,0.55,4.9,202,6.5,,,,,,
Vector_CWB_FB_46714D,"2011-10-13 04:00:00",,,,1011.5,26.9,28,0.56,4.5,213,6.9,,,,,,
Vector_CWB_FB_46714D,"2011-10-13 05:00:00",,,,1011.3,26.6,28.1,0.7,4.4,213,6.1,,,,,,
Vector_CWB_FB_46714D,"2011-10-13 06:00:00",3.2,2.3,351,1011.2,26.6,28.1,0.74,4.2,168,4.9,,,,,,
Vector_CWB_FB_46714D,"2011-10-13 07:00:00",4.3,3.1,40,1011.5,26.2,28.1,0.74,4.5,135,6.1,,,,,,
Vector_CWB_FB_46714D,"2011-10-13 08:00:00",3.6,3,63,1011.6,26.8,27.9,0.62,4.5,146,6.9,,,,,,
Vector_CWB_FB_46714D,"2011-10-13 09:00:00",4,3.4,50,1011.6,27,27.9,0.57,5.1,135,8.7,,,,,,
Vector_CWB_FB_46714D,"2011-10-13 10:00:00",3.5,2.9,69,1011.8,27.6,28.2,0.54,5.1,123,8,,,,,,
Vector_CWB_FB_46714D,"2011-10-13 11:00:00",2.8,1.7,74,1011.3,27.7,28,0.71,5.2,247,5.8,,,,,,
Vector_CWB_FB_46714D,"2011-10-13 12:00:00",1.6,1.2,247,1010.3,29,28.1,0.57,5,202,6.5,,,,,,
Vector_CWB_FB_46714D,"2011-10-13 13:00:00",2.5,2,281,1009.3,29.2,28.7,0.54,5,168,6.9,,,,,,
Vector_CWB_FB_46714D,"2011-10-13 14:00:00",2.9,1.9,309,1008.6,29.3,28.7,0.48,4.8,157,6.9,,,,,,
Vector_CWB_FB_46714D,"2011-10-13 15:00:00",5.4,4.2,318,1008.5,28.2,28.3,0.49,4.5,168,5.8,,,,,,
Vector_CWB_FB_46714D,"2011-10-13 16:00:00",6,4.7,323,1008.6,28,28.2,0.48,4.2,191,6.5,,,,,,
Vector_CWB_FB_46714D,"2011-10-13 17:00:00",5.1,3.8,324,1009.3,27.8,28,0.51,3.9,213,5.4,,,,,,
Vector_CWB_FB_46714D,"2011-10-13 18:00:00",5.3,3.9,332,1009.4,27.3,28.2,0.57,3.9,202,4.7,,,,,,
Vector_CWB_FB_46714D,"2011-10-13 19:00:00",4.5,3.2,349,1009.6,27.2,28.2,0.56,3.6,168,2.8,,,,,,
Vector_CWB_FB_46714D,"2011-10-13 20:00:00",2.8,2.1,341,1010.3,27.1,28.1,0.58,3.8,168,4.9,,,,,,
Vector_CWB_FB_46714D,"2011-10-13 21:00:00",,,,1010.1,27.3,28.3,0.62,5.4,123,8.7,,,,,,
Vector_CWB_FB_46714D,"2011-10-13 22:00:00",2.6,1.7,152,1009.9,27.3,28.3,0.66,5.9,123,8.7,,,,,,
Vector_CWB_FB_46714D,"2011-10-13 23:00:00",2.2,1.2,94,1009.5,27.7,28.2,0.84,5.7,168,8,,,,,,
Vector_CWB_FB_46714D,"2011-10-14 00:00:00",6.2,4.7,101,1009.8,28,28.1,0.83,5.2,180,7.4,,,,,,
Vector_CWB_FB_46714D,"2011-10-14 01:00:00",6,3.7,17,1009.2,27.2,28,0.94,5.2,202,5.8,,,,,,
Vector_CWB_FB_46714D,"2011-10-14 02:00:00",2.9,2,38,1009.2,27.3,28,0.75,5.1,157,8,,,,,,
Vector_CWB_FB_46714D,"2011-10-14 03:00:00",1.8,1.4,77,1009.1,26.9,28.1,0.73,5.1,168,6.1,,,,,,
Vector_CWB_FB_46714D,"2011-10-14 04:00:00",1.9,1.6,13,1009,26.9,28.1,0.73,5.1,168,8.7,,,,,,
Vector_CWB_FB_46714D,"2011-10-14 05:00:00",3.5,2.8,36,1009.2,26.4,28.1,0.7,4.9,180,5.4,,,,,,
Vector_CWB_FB_46714D,"2011-10-14 06:00:00",2.8,2.3,40,1009.5,26.4,28.2,0.77,4.7,146,6.1,,,,,,
Vector_CWB_FB_46714D,"2011-10-14 07:00:00",3.2,2.6,39,1009.9,26.7,28.3,0.74,4.8,135,6.1,,,,,,
Vector_CWB_FB_46714D,"2011-10-14 08:00:00",4.9,3.8,42,1009.7,26.7,28.3,0.73,5.3,146,8,,,,,,
Vector_CWB_FB_46714D,"2011-10-14 09:00:00",3.2,2.5,61,1009.9,27.1,28.3,0.72,5.5,146,8.7,,,,,,
Vector_CWB_FB_46714D,"2011-10-14 10:00:00",2.2,1.6,98,1010.4,27.9,28.3,0.64,5.8,135,8.7,,,,,,
Vector_CWB_FB_46714D,"2011-10-14 11:00:00",,,,1009.6,28.2,28.2,0.7,6,123,7.4,,,,,,
Vector_CWB_FB_46714D,"2011-10-14 12:00:00",6.3,4.7,175,1009.8,27,28,0.81,6.2,180,8.7,,,,,,
Vector_CWB_FB_46714D,"2011-10-14 13:00:00",4.7,3.1,129,1008.8,25.7,28,0.71,5.2,180,8.7,,,,,,
Vector_CWB_FB_46714D,"2011-10-14 14:00:00",1.9,1.3,143,1008.6,26.5,28.2,0.77,5,157,7.4,,,,,,
Vector_CWB_FB_46714D,"2011-10-14 15:00:00",2.4,1.6,335,1008,26.6,28.1,0.81,4.9,180,5.8,,,,,,
Vector_CWB_FB_46714D,"2011-10-14 16:00:00",4.3,3.4,327,1008.2,26.4,28,0.63,4.6,180,5.8,,,,,,
Vector_CWB_FB_46714D,"2011-10-14 17:00:00",4.3,3.4,345,1008.6,26.1,28,0.68,4.4,180,6.1,,,,,,
Vector_CWB_FB_46714D,"2011-10-14 18:00:00",5.7,3.8,356,1009,26.4,28.1,0.8,4.6,180,5.4,,,,,,
Vector_CWB_FB_46714D,"2011-10-14 19:00:00",7.7,5.2,6,1009.2,25.8,28.1,0.67,4.4,168,4.9,,,,,,
Vector_CWB_FB_46714D,"2011-10-14 20:00:00",7.1,5,14,1010,26.1,28.2,0.59,4.3,146,6.9,,,,,,
Vector_CWB_FB_46714D,"2011-10-14 21:00:00",7.7,5.7,11,1009.9,25.5,28.2,0.54,4.5,146,8.7,,,,,,
Vector_CWB_FB_46714D,"2011-10-14 22:00:00",7,5.1,1,1010.3,25.3,28.3,0.61,5.5,135,7.4,,,,,,
Vector_CWB_FB_46714D,"2011-10-14 23:00:00",6.5,5.1,15,1009.5,25.8,28.3,0.57,5.3,112,6.9,,,,,,
Vector_CWB_FB_46714D,"2011-10-15 00:00:00",5.5,4.1,38,1009.4,26.2,28.2,0.59,6,123,6.9,,,,,,
Vector_CWB_FB_46714D,"2011-10-15 01:00:00",1.9,1.4,83,1009.2,26.1,28,0.54,5.6,157,8.7,,,,,,
Vector_CWB_FB_46714D,"2011-10-15 02:00:00",3.7,2.8,329,1009.1,26.1,28,0.53,5.4,191,6.5,,,,,,
Vector_CWB_FB_46714D,"2011-10-15 03:00:00",3.8,2.8,1,1008.1,25.6,27.9,0.52,5.3,180,6.5,,,,,,
Vector_CWB_FB_46714D,"2011-10-15 04:00:00",3.1,2.1,3,1008.1,25.6,28,0.51,4.9,180,6.9,,,,,,
Vector_CWB_FB_46714D,"2011-10-15 05:00:00",2.8,1.8,20,1008.4,25.7,27.9,0.56,4.5,180,4.9,,,,,,
Vector_CWB_FB_46714D,"2011-10-15 06:00:00",3.9,2.8,37,1008.7,25.8,27.9,0.54,4.3,180,5.4,,,,,,
Vector_CWB_FB_46714D,"2011-10-15 07:00:00",2.1,1.6,15,1009.2,25.9,28.2,0.54,4.5,146,8,,,,,,
Vector_CWB_FB_46714D,"2011-10-15 08:00:00",1.7,1.1,73,1010.1,26.4,28.3,0.53,5,135,8,,,,,,
Vector_CWB_FB_46714D,"2011-10-15 09:00:00",1.9,1.3,110,1010.8,27,28.2,0.52,5.7,123,8.7,,,,,,
Vector_CWB_FB_46714D,"2011-10-15 10:00:00",1.8,1.1,275,1010.7,27,28,0.49,5.6,123,8,,,,,,
Vector_CWB_FB_46714D,"2011-10-15 11:00:00",3.6,2.9,286,1010.4,27.1,28.1,0.43,5.7,146,8.7,,,,,,
Vector_CWB_FB_46714D,"2011-10-15 12:00:00",3.2,2.3,241,1010.4,27.4,28.2,0.47,4.9,157,7.4,,,,,,
Vector_CWB_FB_46714D,"2011-10-15 13:00:00",4.7,3.4,300,1009.7,26.4,28.1,0.41,4.7,202,6.5,,,,,,
Vector_CWB_FB_46714D,"2011-10-15 14:00:00",4.3,3.2,333,1008.7,26.8,28,0.48,4.4,270,6.9,,,,,,
Vector_CWB_FB_46714D,"2011-10-15 15:00:00",3.8,2.4,325,1008.7,27,28,0.51,4.8,247,5.8,,,,,,
Vector_CWB_FB_46714D,"2011-10-15 16:00:00",3.4,2.7,317,1009.1,26.5,28.1,0.55,4.5,213,6.5,,,,,,
Vector_CWB_FB_46714D,"2011-10-15 17:00:00",3.8,3.1,314,1009.4,26.8,28,0.52,4.1,135,7.4,,,,,,
Vector_CWB_FB_46714D,"2011-10-15 18:00:00",,,,1009.9,26.6,28,0.65,5.1,213,6.9,,,,,,
Vector_CWB_FB_46714D,"2011-10-15 19:00:00",,,,1010.6,26.7,28,0.7,4.7,191,6.1,,,,,,
Vector_CWB_FB_46714D,"2011-10-15 20:00:00",1.7,1.2,177,1011,26.8,28.1,0.69,4.5,146,6.9,,,,,,
Vector_CWB_FB_46714D,"2011-10-15 21:00:00",3,2.4,290,1010.7,27.1,28.2,0.79,4.4,180,6.1,,,,,,
Vector_CWB_FB_46714D,"2011-10-15 22:00:00",4.3,3.5,302,1010.8,27.1,28.2,0.69,4.5,180,6.5,,,,,,
Vector_CWB_FB_46714D,"2011-10-15 23:00:00",5.4,3.6,341,1011.5,26.6,28.2,0.57,5,168,6.9,,,,,,
Vector_CWB_FB_46714D,"2011-10-16 00:00:00",5.6,4.7,18,1011.1,26.3,28.1,0.67,5,168,6.5,,,,,,
Vector_CWB_FB_46714D,"2011-10-16 01:00:00",3.5,2.8,42,1010.5,26,28.1,0.62,5.1,135,6.9,,,,,,
Vector_CWB_FB_46714D,"2011-10-16 02:00:00",2.6,1.9,129,1010,26.2,27.8,0.79,4.9,225,6.5,,,,,,
Vector_CWB_FB_46714D,"2011-10-16 03:00:00",1.9,1.1,182,1009.7,26.5,28,0.72,4.9,225,5.8,,,,,,
Vector_CWB_FB_46714D,"2011-10-16 04:00:00",4.7,3.5,343,1009.8,26.5,28,0.71,4.8,225,5.8,,,,,,
Vector_CWB_FB_46714D,"2011-10-16 05:00:00",2.6,1.7,352,1010,25.7,27.9,0.66,4.7,213,5.8,,,,,,
Vector_CWB_FB_46714D,"2011-10-16 06:00:00",2.3,1.5,332,1010.5,25.7,27.9,0.64,4.6,202,5.8,,,,,,
Vector_CWB_FB_46714D,"2011-10-16 07:00:00",1.6,1.2,358,1010.9,26,28,0.72,4.5,225,6.1,,,,,,
Vector_CWB_FB_46714D,"2011-10-16 08:00:00",2.3,1.7,322,1011.9,26.2,28.1,0.67,4.6,135,5.8,,,,,,
Vector_CWB_FB_46714D,"2011-10-16 09:00:00",2.4,1.7,270,1012.3,26.1,28.1,0.61,4.6,135,7.4,,,,,,
Vector_CWB_FB_46714D,"2011-10-16 10:00:00",,,,1012.3,27.1,28.2,0.62,4.6,146,6.9,,,,,,
Vector_CWB_FB_46714D,"2011-10-16 11:00:00",2.1,1.4,258,1011.7,26.9,27.8,0.5,4.5,135,7.4,,,,,,
Vector_CWB_FB_46714D,"2011-10-16 12:00:00",3.7,3,284,1010.9,27.3,27.9,0.69,4.4,225,6.1,,,,,,
Vector_CWB_FB_46714D,"2011-10-16 13:00:00",3.1,2.5,273,1010.3,26.9,27.9,0.68,4.6,236,6.1,,,,,,
Vector_CWB_FB_46714D,"2011-10-16 14:00:00",3.4,2.5,253,1010,27.1,28,0.57,4.5,225,6.5,,,,,,
Vector_CWB_FB_46714D,"2011-10-16 15:00:00",3.1,2.3,316,1009.9,26.5,27.9,0.55,4.3,236,6.1,,,,,,
Vector_CWB_FB_46714D,"2011-10-16 16:00:00",1.7,1.1,157,1010.2,26.8,27.9,0.62,4.3,281,5.4,,,,,,
Vector_CWB_FB_46714D,"2011-10-16 17:00:00",3.1,2.2,186,1010.6,26.8,27.9,0.7,4.2,281,5.8,,,,,,
Vector_CWB_FB_46714D,"2011-10-16 18:00:00",5.2,4.2,156,1011,26.5,27.9,0.68,4.2,292,6.5,,,,,,
Vector_CWB_FB_46714D,"2011-10-16 19:00:00",3.3,2.4,162,1011.2,26.7,27.9,0.76,4.2,281,4.7,,,,,,
Vector_CWB_FB_46714D,"2011-10-16 20:00:00",,,,1011.9,27,27.9,0.85,4.1,270,6.9,,,,,,
Vector_CWB_FB_46714D,"2011-10-16 21:00:00",,,,1012.2,27.1,27.9,0.77,4.2,247,6.5,,,,,,
Vector_CWB_FB_46714D,"2011-10-16 22:00:00",2,1.3,239,1012.1,26.7,28,0.67,4.1,281,7.4,,,,,,
Vector_CWB_FB_46714D,"2011-10-16 23:00:00",3.4,2.7,234,1011.9,26.9,28.2,0.5,4,101,5.8,,,,,,
Vector_CWB_FB_46714D,"2011-10-17 00:00:00",3.7,2.7,217,1011.7,27,28.2,0.52,4.1,168,6.5,,,,,,
Vector_CWB_FB_46714D,"2011-10-17 01:00:00",5,4.3,157,1011.6,26.4,28,0.54,4.5,258,6.9,,,,,,
Vector_CWB_FB_46714D,"2011-10-17 02:00:00",4.9,3.8,159,1011.5,26.4,28,0.69,4.2,292,7.4,,,,,,
Vector_CWB_FB_46714D,"2011-10-17 03:00:00",2.6,1.8,279,1011.3,26.6,28,0.64,4.1,247,4.7,,,,,,
Vector_CWB_FB_46714D,"2011-10-17 04:00:00",4.7,3.7,277,1011.4,26.9,27.9,0.58,4.3,292,6.1,,,,,,
Vector_CWB_FB_46714D,"2011-10-17 05:00:00",5,4,287,1011.5,26.6,28,0.49,3.8,281,5.2,,,,,,
Vector_CWB_FB_46714D,"2011-10-17 06:00:00",6.9,5.6,270,1012.3,26.7,28,0.59,4.2,236,6.1,,,,,,
Vector_CWB_FB_46714D,"2011-10-17 07:00:00",4.9,3.7,286,1013.2,26.6,28,0.6,3.9,292,6.9,,,,,,
Vector_CWB_FB_46714D,"2011-10-17 08:00:00",3.4,2.6,276,1013.9,26.4,28.1,0.55,4.1,135,6.9,,,,,,
Vector_CWB_FB_46714D,"2011-10-17 09:00:00",2.8,1.9,285,1014.2,26.4,28.2,0.57,4.2,157,6.9,,,,,,
Vector_CWB_FB_46714D,"2011-10-17 10:00:00",2.8,2,279,1013.8,26.6,28.2,0.6,4.2,236,6.5,,,,,,
Vector_CWB_FB_46714D,"2011-10-17 11:00:00",3.1,2.3,272,1013.5,26.9,28.4,0.62,4.2,146,7.4,,,,,,
Vector_CWB_FB_46714D,"2011-10-17 12:00:00",3.3,2.5,255,1012.7,26.9,27.9,0.48,4.2,123,6.5,,,,,,
Vector_CWB_FB_46714D,"2011-10-17 13:00:00",4.1,3,232,1012.6,27,28.1,0.54,4.7,292,6.9,,,,,,
Vector_CWB_FB_46714D,"2011-10-17 14:00:00",4.6,3.6,236,1012,27.3,28,0.7,4.6,247,6.5,,,,,,
Vector_CWB_FB_46714D,"2011-10-17 15:00:00",5.7,4.3,242,1012.2,27.5,28.2,0.78,4.2,236,6.1,,,,,,
Vector_CWB_FB_46714D,"2011-10-17 16:00:00",3.5,2.6,251,1012.6,27,28.1,0.64,3.9,258,5.4,,,,,,
Vector_CWB_FB_46714D,"2011-10-17 17:00:00",3.1,2.4,231,1012.9,26.8,28.2,0.56,3.8,247,6.9,,,,,,
Vector_CWB_FB_46714D,"2011-10-17 18:00:00",4.6,3.2,163,1013.3,26.7,28.1,0.54,4,315,8.7,,,,,,
Vector_CWB_FB_46714D,"2011-10-17 19:00:00",5.2,4.3,162,1013.8,26.6,28,0.6,4.1,303,4.7,,,,,,
Vector_CWB_FB_46714D,"2011-10-17 20:00:00",5.7,4.4,183,1014,26.6,28,0.71,4.4,281,4.9,,,,,,
Vector_CWB_FB_46714D,"2011-10-17 21:00:00",4.2,3.1,215,1014.2,26.7,27.9,0.68,4.2,247,6.9,,,,,,
Vector_CWB_FB_46714D,"2011-10-17 22:00:00",4.3,3.1,213,1014,26.9,27.8,0.66,4.2,270,6.9,,,,,,
Vector_CWB_FB_46714D,"2011-10-17 23:00:00",4.3,3.3,194,1013.6,26.8,27.6,0.71,4,270,7.4,,,,,,
Vector_CWB_FB_46714D,"2011-10-18 00:00:00",4.6,3.1,199,1013.8,26.8,28,0.64,4.1,258,7.4,,,,,,
Vector_CWB_FB_46714D,"2011-10-18 01:00:00",3.2,2.3,161,1013.3,26.3,28,0.53,3.9,135,4.9,,,,,,
Vector_CWB_FB_46714D,"2011-10-18 02:00:00",4.3,2.3,122,1013,26.3,28,0.55,4,123,6.9,,,,,,
Vector_CWB_FB_46714D,"2011-10-18 03:00:00",2.7,1.8,273,1012.6,26.3,27.9,0.66,4,281,6.5,,,,,,
Vector_CWB_FB_46714D,"2011-10-18 04:00:00",3.9,2.2,330,1012.8,26.1,27.7,0.82,4.4,270,8.7,,,,,,
Vector_CWB_FB_46714D,"2011-10-18 05:00:00",2.3,1.8,335,1013,25.6,27.8,0.67,4.3,281,6.5,,,,,,
Vector_CWB_FB_46714D,"2011-10-18 06:00:00",2.6,2,320,1013.9,25.5,27.9,0.67,4.4,236,8.7,,,,,,
Vector_CWB_FB_46714D,"2011-10-18 07:00:00",2.2,1.4,284,1014.8,25.3,27.8,0.59,4.2,303,6.5,,,,,,
Vector_CWB_FB_46714D,"2011-10-18 08:00:00",2.8,1.8,284,1014.7,25.8,28,0.62,4.3,281,9.5,,,,,,
Vector_CWB_FB_46714D,"2011-10-18 09:00:00",2.5,1.9,261,1014.6,26.5,28,0.67,4.4,258,6.5,,,,,,
Vector_CWB_FB_46714D,"2011-10-18 10:00:00",4.9,3.6,257,1014.6,26.7,27.9,0.63,4.3,258,7.4,,,,,,
Vector_CWB_FB_46714D,"2011-10-18 11:00:00",6,4.7,281,1014.3,26.7,27.9,0.57,4,270,4.9,,,,,,
Vector_CWB_FB_46714D,"2011-10-18 12:00:00",6.1,4.9,304,1013.9,26.4,27.8,0.54,4.5,236,4.9,,,,,,
Vector_CWB_FB_46714D,"2011-10-18 13:00:00",7.9,6.1,310,1013.2,26.8,28.1,0.57,4.4,258,6.9,,,,,,
Vector_CWB_FB_46714D,"2011-10-18 14:00:00",6.7,5,300,1013,26.5,28.1,0.69,4.3,258,7.4,,,,,,
Vector_CWB_FB_46714D,"2011-10-18 15:00:00",5.9,4.6,289,1013,26.4,28,0.73,4.2,258,6.1,,,,,,
Vector_CWB_FB_46714D,"2011-10-18 16:00:00",5.5,4.4,296,1013.2,26.5,28,0.64,4.1,258,8,,,,,,
Vector_CWB_FB_46714D,"2011-10-18 17:00:00",5,3.8,291,1013.2,26.4,27.9,0.61,4,281,6.1,,,,,,
Vector_CWB_FB_46714D,"2011-10-18 18:00:00",4.3,3.4,275,1013.2,26.6,27.9,0.68,4.3,270,6.5,,,,,,
Vector_CWB_FB_46714D,"2011-10-18 19:00:00",3.8,2.6,300,1013.4,26.6,27.9,0.71,4.5,281,8,,,,,,
Vector_CWB_FB_46714D,"2011-10-18 20:00:00",3.6,2.5,294,1013.9,26.6,27.9,0.79,4.5,281,6.9,,,,,,
Vector_CWB_FB_46714D,"2011-10-18 21:00:00",3.7,2.8,287,1014.2,26.6,27.9,0.86,4.7,281,7.4,,,,,,
Vector_CWB_FB_46714D,"2011-10-18 22:00:00",3.6,2.5,289,1014,26.5,27.8,0.85,4.4,281,5.8,,,,,,
Vector_CWB_FB_46714D,"2011-10-18 23:00:00",3.2,2.4,275,1013.3,26.5,27.8,0.75,4.1,292,6.1,,,,,,
Vector_CWB_FB_46714D,"2011-10-19 00:00:00",3.9,3,302,1012.9,26.6,27.9,0.62,4.2,247,4.9,,,,,,
Vector_CWB_FB_46714D,"2011-10-19 01:00:00",,,,1012.6,26.4,28.2,0.55,4.7,191,5.8,,,,,,
Vector_CWB_FB_46714D,"2011-10-19 02:00:00",3.8,2.7,146,1012.5,26.2,27.8,0.71,4.7,270,5.4,,,,,,
Vector_CWB_FB_46714D,"2011-10-19 03:00:00",3.1,2.1,121,1012.2,25.9,27.6,0.76,4.7,281,6.5,,,,,,
Vector_CWB_FB_46714D,"2011-10-19 04:00:00",2.1,1.3,113,1012.3,25.7,27.7,0.67,4.7,258,7.4,,,,,,
Vector_CWB_FB_46714D,"2011-10-19 05:00:00",1.7,1.1,58,1012.5,25.8,27.6,0.55,4.7,258,8.7,,,,,,
Vector_CWB_FB_46714D,"2011-10-19 06:00:00",2.1,1.5,45,1013,25.3,27.8,0.5,4.2,180,8.7,,,,,,
Vector_CWB_FB_46714D,"2011-10-19 07:00:00",3.1,2.4,43,1013.8,25,27.8,0.54,4.5,236,5.8,,,,,,
Vector_CWB_FB_46714D,"2011-10-19 08:00:00",3.2,2.2,55,1013.9,25.7,28,0.56,4.6,146,6.9,,,,,,
Vector_CWB_FB_46714D,"2011-10-19 09:00:00",2.4,1.5,79,1014.2,26.2,28.1,0.64,4.7,146,6.9,,,,,,
Vector_CWB_FB_46714D,"2011-10-19 10:00:00",,,,1014.2,27.8,28.1,0.7,4.6,258,5.4,,,,,,
Vector_CWB_FB_46714D,"2011-10-19 11:00:00",,,,1013.7,26.8,28.1,0.56,4.3,326,10.4,,,,,,
Vector_CWB_FB_46714D,"2011-10-19 12:00:00",4.1,3,277,1012.9,25.9,27.9,0.5,4.2,157,6.5,,,,,,
Vector_CWB_FB_46714D,"2011-10-19 13:00:00",4.2,3.3,279,1012.2,26.1,27.9,0.59,4.7,146,8,,,,,,
Vector_CWB_FB_46714D,"2011-10-19 14:00:00",3.8,3,276,1011.6,26.3,27.8,0.7,4.6,303,8,,,,,,
Vector_CWB_FB_46714D,"2011-10-19 15:00:00",4.3,3.1,277,1011.5,26.4,27.8,0.72,4.6,225,6.5,,,,,,
Vector_CWB_FB_46714D,"2011-10-19 16:00:00",3.8,2.8,279,1011.6,26.2,27.9,0.76,4.7,258,6.5,,,,,,
Vector_CWB_FB_46714D,"2011-10-19 17:00:00",3.1,2,287,1011.8,26.4,27.9,0.91,4.7,258,6.9,,,,,,
Vector_CWB_FB_46714D,"2011-10-19 18:00:00",3.4,2.6,328,1011.7,26.5,27.8,0.76,4.3,258,6.1,,,,,,
Vector_CWB_FB_46714D,"2011-10-19 19:00:00",,,,1012.5,26.4,28,0.82,4.4,281,6.5,,,,,,
Vector_CWB_FB_46714D,"2011-10-19 20:00:00",5.6,4.4,167,1013.3,26.2,28,0.83,4.5,202,6.1,,,,,,
Vector_CWB_FB_46714D,"2011-10-19 21:00:00",4.7,3.7,171,1013.4,26.2,28.1,0.85,4.3,292,8,,,,,,
Vector_CWB_FB_46714D,"2011-10-19 22:00:00",3.3,2.4,171,1013.3,26.2,28,0.86,4.2,281,6.9,,,,,,
Vector_CWB_FB_46714D,"2011-10-19 23:00:00",1.9,1.1,233,1013.2,26.2,28,0.85,4.3,225,6.9,,,,,,
Vector_CWB_FB_46714D,"2011-10-20 00:00:00",,,,1012.7,26.1,28.1,0.69,4.3,270,5.2,,,,,,
Vector_CWB_FB_46714D,"2011-10-20 01:00:00",1.8,1.4,343,1012.4,25.9,28.1,0.59,4.6,146,4.9,,,,,,
Vector_CWB_FB_46714D,"2011-10-20 02:00:00",2.6,2,344,1012.4,25.8,28.1,0.7,5.1,258,6.9,,,,,,
Vector_CWB_FB_46714D,"2011-10-20 03:00:00",2.7,1.7,358,1012.2,25.5,28.1,0.63,4.8,225,6.5,,,,,,
Vector_CWB_FB_46714D,"2011-10-20 04:00:00",3.8,2.7,42,1012.2,25.2,28.1,0.57,4.7,258,7.4,,,,,,
Vector_CWB_FB_46714D,"2011-10-20 05:00:00",3.1,2.3,44,1012.8,24.9,28.1,0.7,4.9,247,6.1,,,,,,
Vector_CWB_FB_46714D,"2011-10-20 06:00:00",2.7,2,17,1013.1,24.7,28,0.77,5,258,6.9,,,,,,
Vector_CWB_FB_46714D,"2011-10-20 07:00:00",2.8,2.1,41,1013.4,24.8,27.9,0.8,4.9,270,6.9,,,,,,
Vector_CWB_FB_46714D,"2011-10-20 08:00:00",5.1,3.8,47,1013.5,25,28,0.94,5.1,247,5.8,,,,,,
Vector_CWB_FB_46714D,"2011-10-20 09:00:00",4.3,3.3,71,1013.9,25.5,28,0.81,5,270,6.5,,,,,,
Vector_CWB_FB_46714D,"2011-10-20 10:00:00",2.4,1.5,102,1013.5,26,28.2,0.82,5.1,281,6.9,,,,,,
Vector_CWB_FB_46714D,"2011-10-20 11:00:00",2.3,1.5,230,1013,26.3,28.6,0.74,5,281,6.9,,,,,,
Vector_CWB_FB_46714D,"2011-10-20 12:00:00",4,2.7,258,1012.4,26.4,28.9,0.63,5,258,6.5,,,,,,
Vector_CWB_FB_46714D,"2011-10-20 13:00:00",3.9,2.7,264,1011.4,26.6,28.6,0.6,4.7,270,6.1,,,,,,
Vector_CWB_FB_46714D,"2011-10-20 14:00:00",5.7,4.7,296,1010.8,26.8,28.2,0.55,4.5,157,6.5,,,,,,
Vector_CWB_FB_46714D,"2011-10-20 15:00:00",5.4,4.5,305,1010.6,26.9,28.2,0.56,4.8,236,6.1,,,,,,
Vector_CWB_FB_46714D,"2011-10-20 16:00:00",6.1,5,321,1010.3,27.4,28.3,0.64,4.5,225,6.1,,,,,,
Vector_CWB_FB_46714D,"2011-10-20 17:00:00",6.1,4.8,325,1010.5,27.2,28.1,0.67,4,258,6.9,,,,,,
Vector_CWB_FB_46714D,"2011-10-20 18:00:00",4.9,3.4,337,1010.9,27.2,28.1,0.82,4.1,258,5.8,,,,,,
Vector_CWB_FB_46714D,"2011-10-20 19:00:00",,,,1011.8,27.1,28.1,0.89,4.1,270,5.8,,,,,,
Vector_CWB_FB_46714D,"2011-10-20 20:00:00",4.2,3.5,184,1012.1,27.3,28,0.94,4.4,292,5.2,,,,,,
Vector_CWB_FB_46714D,"2011-10-20 21:00:00",5.3,4.3,180,1012.4,27.1,28.1,1,4.6,292,6.1,,,,,,
Vector_CWB_FB_46714D,"2011-10-20 22:00:00",5.7,4.7,193,1012.3,27.2,28.1,0.83,4.7,292,8,,,,,,
Vector_CWB_FB_46714D,"2011-10-20 23:00:00",5.1,4.2,180,1012.2,27,28.1,0.81,4.7,292,7.4,,,,,,
Vector_CWB_FB_46714D,"2011-10-21 00:00:00",3.9,3,253,1012.1,27.1,28.1,0.82,4.6,281,6.9,,,,,,
Vector_CWB_FB_46714D,"2011-10-21 01:00:00",3.4,2.6,336,1011.5,26.8,28.1,0.77,4.6,281,4.9,,,,,,
Vector_CWB_FB_46714D,"2011-10-21 02:00:00",2.9,2.3,349,1011.1,26.2,28.1,0.74,4.6,292,5.4,,,,,,
Vector_CWB_FB_46714D,"2011-10-21 03:00:00",3.9,3,347,1010.9,26,28,0.6,4.5,303,5.4,,,,,,
Vector_CWB_FB_46714D,"2011-10-21 04:00:00",2.2,1.5,13,1010.7,25.7,28,0.63,4.6,281,6.1,,,,,,
Vector_CWB_FB_46714D,"2011-10-21 05:00:00",2.2,1.6,49,1011,25.7,28,0.6,4.5,270,4.9,,,,,,
Vector_CWB_FB_46714D,"2011-10-21 06:00:00",2,1.5,120,1011.7,25.9,28,0.5,4.4,258,7.4,,,,,,
Vector_CWB_FB_46714D,"2011-10-21 07:00:00",2.3,1.4,139,1012,26.4,28.1,0.48,4.2,292,6.1,,,,,,
Vector_CWB_FB_46714D,"2011-10-21 08:00:00",2.3,1.2,189,1012.4,26.6,28.1,0.59,4.5,292,5.2,,,,,,
Vector_CWB_FB_46714D,"2011-10-21 09:00:00",,,,1013.1,27.8,28.3,0.55,4.5,258,5.8,,,,,,
Vector_CWB_FB_46714D,"2011-10-21 10:00:00",3,2.2,266,1012.8,27.1,28.3,0.48,4.1,292,4.9,,,,,,
Vector_CWB_FB_46714D,"2011-10-21 11:00:00",4,2.8,310,1012.1,26.8,28.5,0.56,4.2,281,5.2,,,,,,
Vector_CWB_FB_46714D,"2011-10-21 12:00:00",3,1.9,297,1011.7,27.1,28.7,0.55,4.2,270,4.9,,,,,,
Vector_CWB_FB_46714D,"2011-10-21 13:00:00",2.6,1.8,251,1011,26.9,28.8,0.59,4.1,258,6.5,,,,,,
Vector_CWB_FB_46714D,"2011-10-21 14:00:00",3.5,2.9,244,1010.4,27,28.7,0.48,4.1,303,5.4,,,,,,
Vector_CWB_FB_46714D,"2011-10-21 15:00:00",4,3.3,248,1010.1,27.2,28.3,0.5,4.3,146,4.9,,,,,,
Vector_CWB_FB_46714D,"2011-10-21 16:00:00",3.5,2.8,293,1010.2,27.2,28.3,0.53,4.4,225,6.5,,,,,,
Vector_CWB_FB_46714D,"2011-10-21 17:00:00",2.2,1.7,275,1010.5,27.3,28.2,0.54,4.5,258,6.9,,,,,,
Vector_CWB_FB_46714D,"2011-10-21 18:00:00",2.7,1.9,257,1010.9,26.7,28.1,0.5,4.7,292,6.5,,,,,,
Vector_CWB_FB_46714D,"2011-10-21 19:00:00",2.3,1.8,274,1011.6,26.8,28.2,0.55,4.6,270,6.9,,,,,,
Vector_CWB_FB_46714D,"2011-10-21 20:00:00",3.8,3.1,242,1011.7,26.9,28.1,0.58,4.5,281,5.4,,,,,,
Vector_CWB_FB_46714D,"2011-10-21 21:00:00",3.6,2.5,287,1012.3,26.8,28.1,0.5,4.4,281,5.4,,,,,,
Vector_CWB_FB_46714D,"2011-10-21 22:00:00",3.4,2.6,282,1012.1,26.6,28,0.56,4.2,247,5.4,,,,,,
Vector_CWB_FB_46714D,"2011-10-21 23:00:00",3.1,2.4,276,1011.7,26.6,28.1,0.58,4.2,270,6.1,,,,,,
Vector_CWB_FB_46714D,"2011-10-22 00:00:00",2.9,2.1,289,1011.8,26.4,28.1,0.56,4.1,292,4.5,,,,,,
Vector_CWB_FB_46714D,"2011-10-22 01:00:00",1.8,1.4,331,1011.5,26.4,28.1,0.55,4.1,281,3.7,,,,,,
Vector_CWB_FB_46714D,"2011-10-22 02:00:00",2.2,1.4,351,1011,26.3,28,0.51,4.3,270,7.4,,,,,,
Vector_CWB_FB_46714D,"2011-10-22 03:00:00",1.8,1.2,24,1010.7,26.1,28,0.49,4.1,303,5.4,,,,,,
Vector_CWB_FB_46714D,"2011-10-22 04:00:00",,,,1010.4,26.2,28,0.52,4.5,281,5.8,,,,,,
Vector_CWB_FB_46714D,"2011-10-22 05:00:00",2.2,1.2,42,1010.9,26.1,27.8,0.47,4.4,101,6.1,,,,,,
Vector_CWB_FB_46714D,"2011-10-22 06:00:00",2.3,1.6,153,1011.4,26,27.8,0.46,4.5,292,6.5,,,,,,
Vector_CWB_FB_46714D,"2011-10-22 07:00:00",2,1.5,189,1012.2,26.4,27.9,0.51,4.4,236,5.8,,,,,,
Vector_CWB_FB_46714D,"2011-10-22 08:00:00",1.9,1.1,198,1012.7,26.9,27.8,0.51,4.5,281,6.1,,,,,,
Vector_CWB_FB_46714D,"2011-10-22 09:00:00",1.8,1.3,262,1013,27.3,27.9,0.43,4.2,270,5.2,,,,,,
Vector_CWB_FB_46714D,"2011-10-22 10:00:00",3.1,2,293,1013.1,27.8,28,0.46,4.2,213,5.8,,,,,,
Vector_CWB_FB_46714D,"2011-10-22 11:00:00",2.7,1.9,258,1013.3,27.7,28.2,0.45,4.1,202,4.7,,,,,,
Vector_CWB_FB_46714D,"2011-10-22 12:00:00",3.2,2.3,271,1012.6,27.7,28.1,0.5,4.2,202,7.4,,,,,,
Vector_CWB_FB_46714D,"2011-10-22 13:00:00",3.3,2.5,271,1012,27.3,28.3,0.49,3.7,258,4.9,,,,,,
Vector_CWB_FB_46714D,"2011-10-22 14:00:00",2.7,1.9,282,1011.8,27.1,28.3,0.58,4.3,168,6.1,,,,,,
Vector_CWB_FB_46714D,"2011-10-22 15:00:00",2.7,2.1,270,1011.5,26.9,28.5,0.56,4.5,157,5.8,,,,,,
Vector_CWB_FB_46714D,"2011-10-22 16:00:00",2.7,2,247,1011,26.8,28.2,0.52,4.3,146,7.4,,,,,,
Vector_CWB_FB_46714D,"2011-10-22 17:00:00",3.4,2.7,260,1011.2,26.7,28,0.57,4.7,135,6.9,,,,,,
Vector_CWB_FB_46714D,"2011-10-22 18:00:00",3,2.2,282,1011.7,26.8,27.9,0.61,4.4,247,6.9,,,,,,
Vector_CWB_FB_46714D,"2011-10-22 19:00:00",3.2,2.3,300,1012.6,26.7,27.9,0.61,4.4,168,6.9,,,,,,
Vector_CWB_FB_46714D,"2011-10-22 20:00:00",3.6,2.6,302,1013.1,26.7,27.9,0.54,4.4,213,6.1,,,,,,
Vector_CWB_FB_46714D,"2011-10-22 21:00:00",,,,1013.4,26.5,27.9,0.56,4.2,281,6.5,,,,,,
Vector_CWB_FB_46714D,"2011-10-22 22:00:00",,,,1013.2,26.5,27.9,0.67,4.4,236,5.4,,,,,,
Vector_CWB_FB_46714D,"2011-10-22 23:00:00",2.3,1.6,202,1013,26.6,27.8,0.62,4.1,258,5.2,,,,,,
Vector_CWB_FB_46714D,"2011-10-23 00:00:00",4.2,3.2,165,1012.6,26.2,27.9,0.59,4,168,4.7,,,,,,
Vector_CWB_FB_46714D,"2011-10-23 01:00:00",6.8,5.1,137,1012.1,26.2,27.9,0.56,3.8,247,6.9,,,,,,
Vector_CWB_FB_46714D,"2011-10-23 02:00:00",2.4,1.9,126,1011.6,26.4,27.8,0.61,3.8,292,6.1,,,,,,
Vector_CWB_FB_46714D,"2011-10-23 03:00:00",2.2,1.7,16,1011.3,26.1,27.7,0.64,3.9,315,6.9,,,,,,
Vector_CWB_FB_46714D,"2011-10-23 04:00:00",2.5,1.8,8,1011,25.9,27.7,0.65,3.6,292,3.3,,,,,,
Vector_CWB_FB_46714D,"2011-10-23 05:00:00",4.6,3.6,108,1011.6,26,27.8,0.54,3.9,180,5.8,,,,,,
Vector_CWB_FB_46714D,"2011-10-23 06:00:00",2.3,1.7,91,1012.3,26,27.8,0.49,4.4,168,7.4,,,,,,
Vector_CWB_FB_46714D,"2011-10-23 07:00:00",1.6,1.1,98,1012.9,25.9,27.8,0.56,4.2,191,9.5,,,,,,
Vector_CWB_FB_46714D,"2011-10-23 08:00:00",2.1,1.4,107,1013.6,26.4,27.8,0.58,4.2,281,6.1,,,,,,
Vector_CWB_FB_46714D,"2011-10-23 09:00:00",,,,1013.7,26.9,27.9,0.63,4.4,270,6.1,,,,,,
Vector_CWB_FB_46714D,"2011-10-23 10:00:00",1.8,1.2,82,1013.6,26.8,28.2,0.61,4.4,225,5.4,,,,,,
Vector_CWB_FB_46714D,"2011-10-23 11:00:00",2,1.3,118,1013.3,27,28,0.59,4.3,157,6.1,,,,,,
Vector_CWB_FB_46714D,"2011-10-23 12:00:00",2.1,1.4,211,1012.8,27.4,28.5,0.65,4.1,180,6.1,,,,,,
Vector_CWB_FB_46714D,"2011-10-23 13:00:00",3.7,2.8,248,1012.1,27.2,28.5,0.66,4.2,180,5.4,,,,,,
Vector_CWB_FB_46714D,"2011-10-23 14:00:00",3.8,2.6,263,1011.5,26.7,28.4,0.77,4.4,180,7.4,,,,,,
Vector_CWB_FB_46714D,"2011-10-23 15:00:00",3.7,2.7,290,1011.5,26.6,28,0.63,4.4,168,6.1,,,,,,
Vector_CWB_FB_46714D,"2011-10-23 16:00:00",2.7,2.1,284,1011.8,26.5,28,0.66,4.4,146,6.5,,,,,,
Vector_CWB_FB_46714D,"2011-10-23 17:00:00",2.7,2,222,1012.4,26.8,28.1,0.65,4.6,292,6.5,,,,,,
Vector_CWB_FB_46714D,"2011-10-23 18:00:00",2.6,1.5,183,1012.2,27.1,28.1,0.59,4.6,180,8,,,,,,
Vector_CWB_FB_46714D,"2011-10-23 19:00:00",3.5,2.4,302,1012.5,27.3,28.1,0.61,4.2,123,7.4,,,,,,
Vector_CWB_FB_46714D,"2011-10-23 20:00:00",4.2,3.2,300,1013.4,27.1,28,0.63,4.5,157,6.5,,,,,,
Vector_CWB_FB_46714D,"2011-10-23 21:00:00",2.1,1.5,292,1013.8,26.7,27.9,0.63,4.4,146,6.1,,,,,,
Vector_CWB_FB_46714D,"2011-10-23 22:00:00",2.4,1.6,296,1013.8,26.7,28,0.69,4.4,281,4.7,,,,,,
Vector_CWB_FB_46714D,"2011-10-23 23:00:00",3,1.8,162,1013.9,26.5,28,0.65,4.3,303,6.1,,,,,,
Vector_CWB_FB_46714D,"2011-10-24 00:00:00",2.4,1.8,332,1013,26.7,27.9,0.64,4.3,270,5.4,,,,,,
Vector_CWB_FB_46714D,"2011-10-24 01:00:00",,,,1013,26.5,27.9,0.54,4,247,4.7,,,,,,
Vector_CWB_FB_46714D,"2011-10-24 02:00:00",,,,1012.2,26.1,27.9,0.61,4.3,292,6.9,,,,,,
Vector_CWB_FB_46714D,"2011-10-24 03:00:00",3,2.6,13,1011.9,26.1,27.9,0.67,4.5,247,5.2,,,,,,
Vector_CWB_FB_46714D,"2011-10-24 04:00:00",2.3,1.5,31,1011.5,26.1,27.9,0.77,4.6,292,6.9,,,,,,
Vector_CWB_FB_46714D,"2011-10-24 05:00:00",4.8,2.9,49,1012,26.1,28,0.67,5,135,6.9,,,,,,
Vector_CWB_FB_46714D,"2011-10-24 06:00:00",3.1,2.5,57,1012.6,25.8,28,0.64,5.3,123,6.9,,,,,,
Vector_CWB_FB_46714D,"2011-10-24 07:00:00",2.4,1.7,76,1012.9,25.7,27.8,0.78,5.3,236,6.5,,,,,,
Vector_CWB_FB_46714D,"2011-10-24 08:00:00",1.6,1.2,71,1013.4,26.7,27.9,0.65,5.2,202,7.4,,,,,,
Vector_CWB_FB_46714D,"2011-10-24 09:00:00",,,,1013.7,27.4,28.1,0.57,5.1,225,7.4,,,,,,
Vector_CWB_FB_46714D,"2011-10-24 10:00:00",,,,1013.5,27.8,28.5,0.52,4.8,213,5.4,,,,,,
Vector_CWB_FB_46714D,"2011-10-24 11:00:00",2.6,2,305,1013,27.7,28.7,0.46,4.4,213,5.2,,,,,,
Vector_CWB_FB_46714D,"2011-10-24 12:00:00",3.7,2.9,303,1012.5,27.4,28.4,0.53,4.4,213,5.2,,,,,,
Vector_CWB_FB_46714D,"2011-10-24 13:00:00",4.9,4.3,313,1011.3,27.6,28.4,0.49,4.3,191,5.2,,,,,,
Vector_CWB_FB_46714D,"2011-10-24 14:00:00",5.7,4.5,313,1011,27.5,28.4,0.6,4.1,135,6.5,,,,,,
Vector_CWB_FB_46714D,"2011-10-24 15:00:00",5.8,4.9,316,1010.6,27.4,28.2,0.62,4,191,6.9,,,,,,
Vector_CWB_FB_46714D,"2011-10-24 16:00:00",5.7,4.7,322,1010.6,27.2,28.2,0.68,4.1,157,7.4,,,,,,
Vector_CWB_FB_46714D,"2011-10-24 17:00:00",5.2,4.2,325,1010.9,27.1,28,0.55,4.1,146,8,,,,,,
Vector_CWB_FB_46714D,"2011-10-24 18:00:00",5.9,4.7,330,1011.5,26.8,28,0.57,3.7,191,6.9,,,,,,
Vector_CWB_FB_46714D,"2011-10-24 19:00:00",5.1,4,339,1012.3,26.6,27.9,0.66,3.9,191,6.9,,,,,,
Vector_CWB_FB_46714D,"2011-10-24 20:00:00",5.1,3.8,341,1012.6,26.7,27.9,0.63,3.8,191,6.9,,,,,,
Vector_CWB_FB_46714D,"2011-10-24 21:00:00",4.7,3.9,350,1013.2,26.8,27.9,0.59,3.9,168,6.5,,,,,,
Vector_CWB_FB_46714D,"2011-10-24 22:00:00",2.3,1.8,348,1013.2,26.8,27.9,0.61,3.7,281,4.1,,,,,,
Vector_CWB_FB_46714D,"2011-10-24 23:00:00",2.4,1.9,15,1013.2,27.2,27.9,0.59,3.9,168,4.3,,,,,,
Vector_CWB_FB_46714D,"2011-10-25 00:00:00",,,,1013,27.1,27.8,0.51,4.2,191,5.8,,,,,,
Vector_CWB_FB_46714D,"2011-10-25 01:00:00",2,1.5,168,1012.5,27.2,27.8,0.45,4.2,180,5.8,,,,,,
Vector_CWB_FB_46714D,"2011-10-25 02:00:00",3,2.3,166,1012.4,27,27.8,0.54,4.2,303,4.7,,,,,,
Vector_CWB_FB_46714D,"2011-10-25 03:00:00",4.9,3.8,169,1012.2,26.7,27.8,0.59,4.4,157,7.4,,,,,,
Vector_CWB_FB_46714D,"2011-10-25 04:00:00",2.7,1.8,183,1012,26.5,27.9,0.53,4.8,157,8,,,,,,
Vector_CWB_FB_46714D,"2011-10-25 05:00:00",5.1,3.9,335,1012.5,25.9,27.9,0.46,5,146,8.7,,,,,,
Vector_CWB_FB_46714D,"2011-10-25 06:00:00",2.9,2,318,1013.3,26,27.9,0.37,4.9,146,9.5,,,,,,
Vector_CWB_FB_46714D,"2011-10-25 07:00:00",3.5,2.7,326,1013.9,26.2,27.8,0.38,5.2,157,9.5,,,,,,
Vector_CWB_FB_46714D,"2011-10-25 08:00:00",3.9,3,321,1014.1,26.1,27.8,0.44,4.7,191,8.7,,,,,,
Vector_CWB_FB_46714D,"2011-10-25 09:00:00",3.9,3,317,1014.7,26.1,27.8,0.59,4.5,191,8,,,,,,
Vector_CWB_FB_46714D,"2011-10-25 10:00:00",5.5,3.9,293,1014.5,26.5,28,0.59,4.6,168,6.9,,,,,,
Vector_CWB_FB_46714D,"2011-10-25 11:00:00",6.1,5.1,310,1014.1,26.1,28,0.67,4.6,303,6.9,,,,,,
Vector_CWB_FB_46714D,"2011-10-25 12:00:00",6.2,5,311,1013.2,26.2,28,0.58,4.4,168,8,,,,,,
Vector_CWB_FB_46714D,"2011-10-25 13:00:00",5,4.2,291,1012.7,26.4,28,0.72,5,123,8.7,,,,,,
Vector_CWB_FB_46714D,"2011-10-25 14:00:00",5.5,4.6,285,1012,26.4,28,0.7,4.6,168,6.5,,,,,,
Vector_CWB_FB_46714D,"2011-10-25 15:00:00",6.1,4.9,314,1011.7,26.3,27.9,0.96,4.9,292,8,,,,,,
Vector_CWB_FB_46714D,"2011-10-25 16:00:00",5.1,3.8,320,1011.7,26.5,28,1.04,4.7,281,8,,,,,,
Vector_CWB_FB_46714D,"2011-10-25 17:00:00",3.8,3,316,1012.2,26.8,27.9,1.05,4.7,270,8,,,,,,
Vector_CWB_FB_46714D,"2011-10-25 18:00:00",3,2.2,325,1012.6,26.9,27.9,0.78,4.4,191,6.9,,,,,,
Vector_CWB_FB_46714D,"2011-10-25 19:00:00",3.2,2.5,343,1013,27,27.9,0.93,5,281,8,,,,,,
Vector_CWB_FB_46714D,"2011-10-25 20:00:00",3.3,2.4,351,1013.5,26.9,27.9,1,5.3,225,6.9,,,,,,
Vector_CWB_FB_46714D,"2011-10-25 21:00:00",1.6,1.1,86,1013.8,27,27.9,0.99,5.2,270,8,,,,,,
Vector_CWB_FB_46714D,"2011-10-25 22:00:00",,,,1014.2,26.9,27.9,0.99,5,281,6.5,,,,,,
Vector_CWB_FB_46714D,"2011-10-25 23:00:00",6.3,4.6,329,1014.1,25.7,27.8,1.08,4.8,281,9.5,,,,,,
Vector_CWB_FB_46714D,"2011-10-26 00:00:00",4.8,3.7,330,1014.4,25.4,27.8,1.08,4.7,270,8,,,,,,
Vector_CWB_FB_46714D,"2011-10-26 01:00:00",4.4,3.3,316,1013.9,25.3,27.7,1.11,4.5,270,6.1,,,,,,
Vector_CWB_FB_46714D,"2011-10-26 02:00:00",4.7,3.5,322,1013.2,24.9,27.8,1.13,4.9,135,7.4,,,,,,
Vector_CWB_FB_46714D,"2011-10-26 03:00:00",4.7,3.7,298,1013,25,27.9,0.89,4.7,123,8,,,,,,
Vector_CWB_FB_46714D,"2011-10-26 04:00:00",4.7,3.4,325,1013,24.8,28,0.91,4.7,180,8.7,,,,,,
Vector_CWB_FB_46714D,"2011-10-26 05:00:00",4.6,3.2,323,1013.5,24.6,27.9,0.9,4.8,135,8,,,,,,
Vector_CWB_FB_46714D,"2011-10-26 06:00:00",2.6,1.8,322,1014,24.2,27.9,0.75,4.8,146,8.7,,,,,,
Vector_CWB_FB_46714D,"2011-10-26 07:00:00",2.9,1.8,230,1014.6,24.7,28,0.75,4.9,123,8,,,,,,
Vector_CWB_FB_46714D,"2011-10-26 08:00:00",3.7,2.4,201,1014.8,25.7,27.9,0.77,5.3,258,10.4,,,,,,
Vector_CWB_FB_46714D,"2011-10-26 09:00:00",4.2,3.1,248,1015.1,26.1,27.8,0.88,5.8,258,8.7,,,,,,
Vector_CWB_FB_46714D,"2011-10-26 10:00:00",6.4,5,292,1015.3,25.5,27.9,0.93,5.5,247,8.7,,,,,,
Vector_CWB_FB_46714D,"2011-10-26 11:00:00",5.5,4.4,311,1015.2,25.5,28,1.06,5.3,213,9.5,,,,,,
Vector_CWB_FB_46714D,"2011-10-26 12:00:00",5.8,4.4,300,1014.3,25.4,28,0.94,4.8,247,8,,,,,,
Vector_CWB_FB_46714D,"2011-10-26 13:00:00",5,3.8,294,1013.5,25.5,28,0.98,5.3,146,9.5,,,,,,
Vector_CWB_FB_46714D,"2011-10-26 14:00:00",5,3.5,263,1012.9,25.8,28,0.99,5.2,202,6.9,,,,,,
Vector_CWB_FB_46714D,"2011-10-26 15:00:00",3.9,2.6,260,1013,25.9,27.9,1.07,4.9,258,6.9,,,,,,
Vector_CWB_FB_46714D,"2011-10-26 16:00:00",3.6,2.9,256,1013.5,25.9,27.9,1.13,4.7,247,9.5,,,,,,
Vector_CWB_FB_46714D,"2011-10-26 17:00:00",5,3.4,235,1013.4,25.8,27.9,1.05,4.5,146,8.7,,,,,,
Vector_CWB_FB_46714D,"2011-10-26 18:00:00",5.4,4.4,236,1014,26,28.2,0.97,5.2,225,8,,,,,,
Vector_CWB_FB_46714D,"2011-10-26 19:00:00",5.6,4.2,248,1014.4,26.1,28.1,0.95,5,135,8.7,,,,,,
Vector_CWB_FB_46714D,"2011-10-26 20:00:00",5,3.8,279,1015.1,26,28,0.88,5,135,9.5,,,,,,
Vector_CWB_FB_46714D,"2011-10-26 21:00:00",4.4,3.2,275,1015.5,26.2,28.1,0.95,5.1,191,8.7,,,,,,
Vector_CWB_FB_46714D,"2011-10-26 22:00:00",5.9,4.5,285,1015.3,26.2,28,0.93,5,225,4.9,,,,,,
Vector_CWB_FB_46714D,"2011-10-26 23:00:00",6,4.5,330,1015.6,25.6,28,0.87,5.1,202,5.8,,,,,,
Vector_CWB_FB_46714D,"2011-10-27 00:00:00",4.7,3.7,335,1015.5,25.3,28,0.91,5.2,191,8.7,,,,,,
Vector_CWB_FB_46714D,"2011-10-27 01:00:00",5.2,3.4,336,1015.3,25.3,28,0.93,5,11,8.7,,,,,,
Vector_CWB_FB_46714D,"2011-10-27 02:00:00",3.1,2.3,3,1015,25,28,0.96,4.9,146,6.9,,,,,,
Vector_CWB_FB_46714D,"2011-10-27 03:00:00",3.9,2.7,2,1014.5,24.7,28,0.92,5.3,168,9.5,,,,,,
Vector_CWB_FB_46714D,"2011-10-27 04:00:00",3.1,2.2,39,1014.5,24.8,28,0.84,5,202,6.9,,,,,,
Vector_CWB_FB_46714D,"2011-10-27 05:00:00",4,2.9,33,1014.6,24.5,28.1,0.85,4.7,258,5.8,,,,,,
Vector_CWB_FB_46714D,"2011-10-27 06:00:00",3.3,2.2,70,1015.1,24.6,28.1,0.87,5,157,7.4,,,,,,
Vector_CWB_FB_46714D,"2011-10-27 07:00:00",2.4,1.6,351,1016,24.4,28.1,0.88,5.3,180,9.5,,,,,,
Vector_CWB_FB_46714D,"2011-10-27 08:00:00",2,1.5,61,1016.3,24.8,28,0.85,5.4,180,10.4,,,,,,
Vector_CWB_FB_46714D,"2011-10-27 09:00:00",2.7,1.6,124,1016.5,25.5,28.1,0.73,5.5,180,8.7,,,,,,
Vector_CWB_FB_46714D,"2011-10-27 10:00:00",,,,1016.3,26.7,28.2,0.75,5.4,258,10.4,,,,,,
Vector_CWB_FB_46714D,"2011-10-27 11:00:00",3.4,2,252,1016,26.7,28.3,0.81,5.5,247,8,,,,,,
Vector_CWB_FB_46714D,"2011-10-27 12:00:00",5.2,4,298,1015.2,26.5,28.4,0.79,5.4,281,6.9,,,,,,
Vector_CWB_FB_46714D,"2011-10-27 13:00:00",5.1,4,321,1014.5,26,28.3,0.88,5.6,225,8,,,,,,
Vector_CWB_FB_46714D,"2011-10-27 14:00:00",4,2.9,295,1014,26.4,28.3,1,5.5,202,8,,,,,,
Vector_CWB_FB_46714D,"2011-10-27 15:00:00",5,3.8,303,1013.8,26.2,28.2,1.03,5.4,157,8.7,,,,,,
Vector_CWB_FB_46714D,"2011-10-27 16:00:00",4.7,3.5,298,1013.6,26,28,0.9,5.3,236,8.7,,,,,,
Vector_CWB_FB_46714D,"2011-10-27 17:00:00",3.4,2.5,296,1014.2,26,28,0.9,5.5,270,6.9,,,,,,
Vector_CWB_FB_46714D,"2011-10-27 18:00:00",2.6,1.7,257,1014.7,26,28,0.98,5.4,146,8,,,,,,
Vector_CWB_FB_46714D,"2011-10-27 19:00:00",3.9,2.7,280,1015.2,26,28,0.76,5.1,180,8.7,,,,,,
Vector_CWB_FB_46714D,"2011-10-27 20:00:00",2.9,2,273,1016,26.2,27.9,0.74,5.3,157,9.5,,,,,,
Vector_CWB_FB_46714D,"2011-10-27 21:00:00",3,1.6,282,1016.3,26.2,27.9,0.73,5.3,157,6.5,,,,,,
Vector_CWB_FB_46714D,"2011-10-27 22:00:00",,,,1016.2,26,28,0.84,5.4,213,7.4,,,,,,
Vector_CWB_FB_46714D,"2011-10-27 23:00:00",,,,1016.2,25.9,28,0.86,5.5,236,8.7,,,,,,
Vector_CWB_FB_46714D,"2011-10-28 00:00:00",4.2,3.1,7,1015.8,25.6,28,0.86,5.4,247,8,,,,,,
Vector_CWB_FB_46714D,"2011-10-28 01:00:00",2.6,2.1,42,1015.5,25.4,28,0.86,5.1,202,8.7,,,,,,
Vector_CWB_FB_46714D,"2011-10-28 02:00:00",4.2,3.3,58,1015.1,25,27.9,0.9,5.1,202,7.4,,,,,,
Vector_CWB_FB_46714D,"2011-10-28 03:00:00",2.6,1.9,46,1014.7,25.1,28,0.85,5,258,7.4,,,,,,
Vector_CWB_FB_46714D,"2011-10-28 04:00:00",2.9,2.2,32,1014.4,25,28,0.86,5.2,258,9.5,,,,,,
Vector_CWB_FB_46714D,"2011-10-28 05:00:00",3.1,2,40,1014.2,24.7,28,0.75,4.8,270,6.9,,,,,,
Vector_CWB_FB_46714D,"2011-10-28 06:00:00",3.8,3,34,1014.8,24,27.9,0.89,4.8,247,7.4,,,,,,
Vector_CWB_FB_46714D,"2011-10-28 07:00:00",2.8,2.1,42,1015.6,24.2,27.8,0.77,4.7,281,6.5,,,,,,
Vector_CWB_FB_46714D,"2011-10-28 08:00:00",2.6,1.7,23,1015.9,24.9,27.7,0.71,4.8,168,8,,,,,,
Vector_CWB_FB_46714D,"2011-10-28 09:00:00",2.6,1.5,57,1016.2,25,27.8,0.64,4.8,123,9.5,,,,,,
Vector_CWB_FB_46714D,"2011-10-28 10:00:00",,,,1016.1,26.9,27.9,0.64,5.1,146,7.4,,,,,,
Vector_CWB_FB_46714D,"2011-10-28 11:00:00",2.2,1.5,263,1015.7,27.3,28,0.81,5.4,191,8.7,,,,,,
Vector_CWB_FB_46714D,"2011-10-28 12:00:00",3.2,2.4,289,1015.2,26.9,28.1,0.73,5.6,213,6.9,,,,,,
Vector_CWB_FB_46714D,"2011-10-28 13:00:00",4.2,2.8,278,1014.8,26.6,28,0.85,5.9,157,9.5,,,,,,
Vector_CWB_FB_46714D,"2011-10-28 14:00:00",4.2,3.4,282,1014.3,26.4,28.2,0.81,5.6,247,8.7,,,,,,
Vector_CWB_FB_46714D,"2011-10-28 15:00:00",3.9,3.1,297,1013.9,26.7,27.9,0.89,5.3,247,8.7,,,,,,
Vector_CWB_FB_46714D,"2011-10-28 16:00:00",4.3,3.1,318,1014,26.5,27.9,0.92,5.6,281,8,,,,,,
Vector_CWB_FB_46714D,"2011-10-28 17:00:00",3.5,2.4,304,1014.1,26.3,27.9,1.14,5.8,270,8.7,,,,,,
Vector_CWB_FB_46714D,"2011-10-28 18:00:00",3.2,2.2,299,1014.5,26.5,27.8,0.99,5.6,281,6.9,,,,,,
Vector_CWB_FB_46714D,"2011-10-28 19:00:00",3.3,2.2,316,1015.1,26.5,27.8,1,5.9,281,8.7,,,,,,
Vector_CWB_FB_46714D,"2011-10-28 20:00:00",,,,1015.4,26.5,27.8,0.92,5.6,281,8.7,,,,,,
Vector_CWB_FB_46714D,"2011-10-28 21:00:00",2,1.3,321,1015.6,26.4,27.8,0.88,5.1,315,8,,,,,,
Vector_CWB_FB_46714D,"2011-10-28 22:00:00",,,,1015.4,26.6,27.9,0.81,5,270,6.9,,,,,,
Vector_CWB_FB_46714D,"2011-10-28 23:00:00",3.5,1.8,298,1015,26.7,27.9,0.78,5.2,247,10.4,,,,,,
Vector_CWB_FB_46714D,"2011-10-29 00:00:00",3.1,2.2,337,1014.5,25.9,27.8,0.85,5.5,213,8.7,,,,,,
Vector_CWB_FB_46714D,"2011-10-29 01:00:00",3.3,2.2,334,1014.2,25.6,27.9,0.76,5.1,213,8,,,,,,
Vector_CWB_FB_46714D,"2011-10-29 02:00:00",3.6,2.8,321,1013.8,25.5,27.8,0.75,4.8,270,7.4,,,,,,
Vector_CWB_FB_46714D,"2011-10-29 03:00:00",4.3,3.2,330,1013.7,25.4,27.8,0.72,5,258,6.9,,,,,,
Vector_CWB_FB_46714D,"2011-10-29 04:00:00",2.3,1.6,340,1013.7,25.2,27.8,0.65,5,168,9.5,,,,,,
Vector_CWB_FB_46714D,"2011-10-29 05:00:00",1.9,1.1,346,1013.9,25.1,27.8,0.69,4.9,281,6.9,,,,,,
Vector_CWB_FB_46714D,"2011-10-29 06:00:00",2.3,1.6,14,1014.2,24.9,27.8,0.86,5,213,8.7,,,,,,
Vector_CWB_FB_46714D,"2011-10-29 07:00:00",2.5,1.9,46,1014.7,24.7,27.8,0.98,5,292,8.7,,,,,,
Vector_CWB_FB_46714D,"2011-10-29 08:00:00",2.5,1.7,65,1015.1,25,27.9,0.94,5.1,303,6.1,,,,,,
Vector_CWB_FB_46714D,"2011-10-29 09:00:00",2.3,1.1,109,1015.1,25.6,27.9,0.93,4.9,281,6.5,,,,,,
Vector_CWB_FB_46714D,"2011-10-29 10:00:00",3.1,2.1,165,1014.9,25.5,28,0.74,4.7,168,8,,,,,,
Vector_CWB_FB_46714D,"2011-10-29 11:00:00",3.2,2.1,236,1014.6,26.3,28,0.74,5.3,202,7.4,,,,,,
Vector_CWB_FB_46714D,"2011-10-29 12:00:00",4.1,2.9,253,1013.8,26.4,28,0.72,5.1,168,10.4,,,,,,
Vector_CWB_FB_46714D,"2011-10-29 13:00:00",4.8,3.6,271,1013.2,26.5,28.1,0.84,5.7,168,8,,,,,,
Vector_CWB_FB_46714D,"2011-10-29 14:00:00",4.4,3.4,277,1012.2,27,28.1,0.79,5.1,236,6.9,,,,,,
Vector_CWB_FB_46714D,"2011-10-29 15:00:00",4.5,3.5,280,1012,26.9,28.1,0.8,5.1,157,8.7,,,,,,
Vector_CWB_FB_46714D,"2011-10-29 16:00:00",3.5,2.7,269,1011.8,27,28,0.72,5.1,213,7.4,,,,,,
Vector_CWB_FB_46714D,"2011-10-29 17:00:00",2.4,1.5,261,1012.3,26.2,28,0.76,5.3,157,8.7,,,,,,
Vector_CWB_FB_46714D,"2011-10-29 18:00:00",2.3,1.5,249,1012.6,26.1,28,0.83,5.3,258,8,,,,,,
Vector_CWB_FB_46714D,"2011-10-29 19:00:00",3.3,1.9,232,1012.7,26.1,28,0.92,5.2,270,7.4,,,,,,
Vector_CWB_FB_46714D,"2011-10-29 20:00:00",4.5,3.6,249,1013,26.1,27.8,0.93,5.3,247,7.4,,,,,,
Vector_CWB_FB_46714D,"2011-10-29 21:00:00",5.6,4.5,282,1013,26,27.8,0.82,4.9,258,7.4,,,,,,
Vector_CWB_FB_46714D,"2011-10-29 22:00:00",4.8,3.2,295,1012.9,25.8,27.8,0.77,5.2,135,8,,,,,,
Vector_CWB_FB_46714D,"2011-10-29 23:00:00",4.2,3,337,1012.9,25.9,28,0.68,5.4,146,6.5,,,,,,
Vector_CWB_FB_46714D,"2011-10-30 00:00:00",5.6,3.8,315,1012.9,26,27.8,0.7,5.4,146,6.1,,,,,,
Vector_CWB_FB_46714D,"2011-10-30 01:00:00",5.5,3.9,311,1012.4,26,27.8,0.64,5.5,157,9.5,,,,,,
Vector_CWB_FB_46714D,"2011-10-30 02:00:00",4.1,2.9,341,1012,26,27.8,0.73,5.8,146,8,,,,,,
Vector_CWB_FB_46714D,"2011-10-30 03:00:00",2.9,2.1,20,1011.7,25.6,27.8,0.6,5.3,168,9.5,,,,,,
Vector_CWB_FB_46714D,"2011-10-30 04:00:00",2.2,1.8,50,1011.8,25.5,27.8,0.61,5.8,146,8,,,,,,
Vector_CWB_FB_46714D,"2011-10-30 05:00:00",3.8,2.6,90,1011.8,25.4,27.7,0.72,5.2,202,10.4,,,,,,
Vector_CWB_FB_46714D,"2011-10-30 06:00:00",4.2,3.3,114,1012.1,25.5,27.8,0.62,5,157,8.7,,,,,,
Vector_CWB_FB_46714D,"2011-10-30 07:00:00",4.9,3.6,140,1012.7,25.9,27.8,0.81,5.1,225,7.4,,,,,,
Vector_CWB_FB_46714D,"2011-10-30 08:00:00",4.2,3.5,143,1013.1,26.4,27.8,0.75,4.8,281,9.5,,,,,,
Vector_CWB_FB_46714D,"2011-10-30 09:00:00",1.9,1.3,151,1013.7,27.4,27.9,0.76,4.2,326,8,,,,,,
Vector_CWB_FB_46714D,"2011-10-30 10:00:00",,,,1013.6,28.3,28,0.64,4.2,,6.1,,,,,,
Vector_CWB_FB_46714D,"2011-10-30 11:00:00",,,,1013.1,28.6,28.7,0.6,4.7,45,9.5,,,,,,
Vector_CWB_FB_46714D,"2011-10-30 12:00:00",2,1.1,198,1012.9,27.7,28.2,0.73,5,146,8.7,,,,,,
Vector_CWB_FB_46714D,"2011-10-30 13:00:00",2.9,2.1,249,1012.3,28,28.3,0.65,4.8,180,10.4,,,,,,
Vector_CWB_FB_46714D,"2011-10-30 14:00:00",4.3,3.1,258,1011.8,27.4,28.2,0.76,5.1,258,6.1,,,,,,
Vector_CWB_FB_46714D,"2011-10-30 15:00:00",4.3,3.3,266,1011.7,26.5,28,0.73,4.6,56,9.5,,,,,,
Vector_CWB_FB_46714D,"2011-10-30 16:00:00",5.2,4,263,1012.1,26.2,27.9,0.6,4.3,90,9.5,,,,,,
Vector_CWB_FB_46714D,"2011-10-30 17:00:00",5.4,4.4,250,1012.8,26.2,27.9,0.7,5,78,10.4,,,,,,
Vector_CWB_FB_46714D,"2011-10-30 18:00:00",4.8,2.7,253,1013.3,25.9,28,0.77,4.2,90,9.5,,,,,,
Vector_CWB_FB_46714D,"2011-10-30 19:00:00",,,,1013.8,26.5,27.9,0.78,4.3,123,8,,,,,,
Vector_CWB_FB_46714D,"2011-10-30 20:00:00",5.1,4.1,275,1014.3,26.4,27.9,0.66,4.5,292,8,,,,,,
Vector_CWB_FB_46714D,"2011-10-30 21:00:00",5.7,4.3,293,1014.5,26.3,27.9,0.67,5,270,8.7,,,,,,
Vector_CWB_FB_46714D,"2011-10-30 22:00:00",4.3,3.4,311,1014.7,26.3,27.9,,,,,,,,,,
Vector_CWB_FB_46714D,"2011-10-30 23:00:00",4.3,2.7,309,1014.3,26.1,27.9,0.66,4.9,281,7.4,,,,,,
Vector_CWB_FB_46714D,"2011-10-31 00:00:00",3.9,2.8,320,1014.3,26.1,27.9,0.61,4.7,236,7.4,,,,,,
Vector_CWB_FB_46714D,"2011-10-31 01:00:00",3.1,2.4,332,1014.2,25.8,27.9,0.69,5.3,213,8.7,,,,,,
Vector_CWB_FB_46714D,"2011-10-31 02:00:00",2.4,1.7,353,1013.7,25.6,27.8,0.73,5.4,236,6.5,,,,,,
Vector_CWB_FB_46714D,"2011-10-31 03:00:00",2.8,2.2,29,1013.5,25.2,27.9,0.62,5.2,236,8.7,,,,,,
Vector_CWB_FB_46714D,"2011-10-31 04:00:00",2.9,2.4,24,1013.2,25,27.8,0.58,5.3,247,9.5,,,,,,
Vector_CWB_FB_46714D,"2011-10-31 05:00:00",2.4,1.8,44,1013.6,24.8,27.7,0.6,5.6,247,8.7,,,,,,
Vector_CWB_FB_46714D,"2011-10-31 06:00:00",3.3,2.3,56,1014.4,24.8,27.8,0.57,5.2,78,7.4,,,,,,
Vector_CWB_FB_46714D,"2011-10-31 07:00:00",3.2,2.2,79,1014.9,25,27.9,0.71,5,247,7.4,,,,,,
Vector_CWB_FB_46714D,"2011-10-31 08:00:00",2.3,1.4,98,1014.7,25.8,27.9,0.61,4.5,247,7.4,,,,,,
Vector_CWB_FB_46714D,"2011-10-31 09:00:00",2.3,1.1,107,1014.9,26.2,28,0.84,4.6,258,6.9,,,,,,
Vector_CWB_FB_46714D,"2011-10-31 10:00:00",2.1,1.1,103,1014.7,26.6,28.3,0.8,4.5,270,4.7,,,,,,
Vector_CWB_FB_46714D,"2011-10-31 11:00:00",4.5,3.5,313,1014,25.9,28.1,0.72,4.6,123,9.5,,,,,,
Vector_CWB_FB_46714D,"2011-10-31 12:00:00",3.6,2.6,282,1013.7,26.2,27.9,0.72,4.6,180,8.7,,,,,,
Vector_CWB_FB_46714D,"2011-10-31 13:00:00",4.3,3.2,294,1013,26.8,27.9,0.75,5.2,168,8.7,,,,,,
Vector_CWB_FB_46714D,"2011-10-31 14:00:00",5.6,4.4,295,1012.5,26.4,28,0.77,5.9,180,6.9,,,,,,
Vector_CWB_FB_46714D,"2011-10-31 15:00:00",5.3,4.4,310,1012.4,26.3,28,0.63,5,258,6.5,,,,,,
Vector_CWB_FB_46714D,"2011-10-31 16:00:00",4.3,3.3,314,1012.6,26.1,27.9,0.7,5.7,247,10.4,,,,,,
Vector_CWB_FB_46714D,"2011-10-31 17:00:00",3.4,2.5,302,1013,26.1,27.9,0.69,5.3,236,6.9,,,,,,
Vector_CWB_FB_46714D,"2011-10-31 18:00:00",3.5,2.6,300,1013.3,26.1,27.9,0.57,4.6,258,6.9,,,,,,
Vector_CWB_FB_46714D,"2011-10-31 19:00:00",2.6,2,292,1013.6,26.4,27.9,0.66,4.9,225,8.7,,,,,,
Vector_CWB_FB_46714D,"2011-10-31 20:00:00",3,2.1,289,1014.4,26.3,27.8,0.74,4.6,258,8,,,,,,
Vector_CWB_FB_46714D,"2011-10-31 21:00:00",2.6,1.6,304,1014.3,26,27.7,0.79,4.8,258,4.9,,,,,,
Vector_CWB_FB_46714D,"2011-10-31 22:00:00",3.2,2.5,289,1014.4,26.1,27.6,0.86,5,236,6.9,,,,,,
Vector_CWB_FB_46714D,"2011-10-31 23:00:00",4.9,3.7,302,1014.3,26.1,27.6,1.01,5,281,7.4,,,,,,
Vector_CWB_FB_46714D,"2011-11-01 00:00:00",4.7,3.7,331,1013.9,25.7,27.6,0.72,4.6,270,9.5,,,,,,
Vector_CWB_FB_46714D,"2011-11-01 01:00:00",4.2,2.5,2,1013.6,25.1,27.6,0.71,5.1,303,9.5,,,,,,
Vector_CWB_FB_46714D,"2011-11-01 02:00:00",5.6,4.1,346,1013.4,24.8,27.7,0.59,4.9,191,7.4,,,,,,
Vector_CWB_FB_46714D,"2011-11-01 03:00:00",4.2,3.1,16,1013.4,24.3,27.6,0.64,5.3,168,9.5,,,,,,
Vector_CWB_FB_46714D,"2011-11-01 04:00:00",2.5,1.9,38,1013.4,24.1,27.6,0.72,5.5,146,10.4,,,,,,
Vector_CWB_FB_46714D,"2011-11-01 05:00:00",2.2,1.6,23,1013.5,24.2,27.5,0.64,5.9,180,8,,,,,,
Vector_CWB_FB_46714D,"2011-11-01 06:00:00",2.8,2.1,49,1014.1,24.1,27.5,0.56,5.7,236,8.7,,,,,,
Vector_CWB_FB_46714D,"2011-11-01 07:00:00",1.8,1.4,56,1014.3,24.2,27.5,0.6,6,270,8.7,,,,,,
Vector_CWB_FB_46714D,"2011-11-01 08:00:00",,,,1014.4,24.9,27.6,0.57,5.2,202,10.4,,,,,,
Vector_CWB_FB_46714D,"2011-11-01 09:00:00",2.3,1.1,278,1014.4,26.3,27.6,0.61,4.7,191,7.4,,,,,,
Vector_CWB_FB_46714D,"2011-11-01 10:00:00",3.4,2.1,342,1014.4,26.5,27.8,0.71,4.6,258,9.5,,,,,,
Vector_CWB_FB_46714D,"2011-11-01 11:00:00",3.1,2.4,304,1014.1,25.9,27.9,0.72,4.6,135,10.4,,,,,,
Vector_CWB_FB_46714D,"2011-11-01 12:00:00",3.1,1.3,17,1013,26.4,28,0.7,5.2,135,8.7,,,,,,
Vector_CWB_FB_46714D,"2011-11-01 13:00:00",4.8,3.5,303,1012.4,26.2,27.9,0.6,4.8,101,6.9,,,,,,
Vector_CWB_FB_46714D,"2011-11-01 14:00:00",5.8,4.8,314,1011.9,26.3,28,0.5,5.1,112,7.4,,,,,,
Vector_CWB_FB_46714D,"2011-11-01 15:00:00",7.3,6,326,1011.3,26.3,27.9,0.46,4.1,270,6.9,,,,,,
Vector_CWB_FB_46714D,"2011-11-01 16:00:00",8,5.7,337,1010.9,26.8,27.7,0.47,4.3,303,8,,,,,,
Vector_CWB_FB_46714D,"2011-11-01 17:00:00",6.9,5,347,1011.4,26.8,27.7,0.73,3.9,270,4.7,,,,,,
Vector_CWB_FB_46714D,"2011-11-01 18:00:00",6.8,5,335,1011.9,26.8,27.7,0.75,4.5,270,5.8,,,,,,
Vector_CWB_FB_46714D,"2011-11-01 19:00:00",5.8,4.3,338,1012.5,26.4,27.6,0.82,4.6,270,5.8,,,,,,
Vector_CWB_FB_46714D,"2011-11-01 20:00:00",4.7,3.2,327,1013.1,26.4,27.6,0.78,5,281,6.9,,,,,,
Vector_CWB_FB_46714D,"2011-11-01 21:00:00",4.1,3.1,331,1013.5,26.5,27.7,0.74,5.1,270,7.4,,,,,,
Vector_CWB_FB_46714D,"2011-11-01 22:00:00",5.1,3.4,333,1013.4,26.2,27.7,0.76,5.2,270,6.9,,,,,,
Vector_CWB_FB_46714D,"2011-11-01 23:00:00",4.2,3.3,327,1013,26.1,27.7,0.77,5.1,270,5.4,,,,,,
Vector_CWB_FB_46714D,"2011-11-02 00:00:00",4.8,3.7,316,1012.7,26,27.8,0.98,5.3,292,6.9,,,,,,
Vector_CWB_FB_46714D,"2011-11-02 01:00:00",5.3,3.8,331,1012.2,25.8,27.7,0.78,4.8,258,8,,,,,,
Vector_CWB_FB_46714D,"2011-11-02 02:00:00",5.2,4,338,1011.6,25.5,27.7,0.76,4.7,281,6.9,,,,,,
Vector_CWB_FB_46714D,"2011-11-02 03:00:00",4.2,2.8,349,1011.4,25.3,27.7,0.62,4.7,281,7.4,,,,,,
Vector_CWB_FB_46714D,"2011-11-02 04:00:00",2.9,1.8,351,1011.6,25,27.7,0.68,5.6,202,7.4,,,,,,
Vector_CWB_FB_46714D,"2011-11-02 05:00:00",4.8,3.4,336,1011.5,25.2,27.7,0.54,5.4,348,9.5,,,,,,
Vector_CWB_FB_46714D,"2011-11-02 06:00:00",4.5,3.5,333,1011.7,25.3,27.7,0.58,5.9,168,10.4,,,,,,
Vector_CWB_FB_46714D,"2011-11-02 07:00:00",2.2,1.2,40,1012.1,25.4,27.6,0.58,5.8,303,9.5,,,,,,
Vector_CWB_FB_46714D,"2011-11-02 08:00:00",3.5,2.5,329,1012.3,26.3,27.6,0.62,6.1,146,10.4,,,,,,
Vector_CWB_FB_46714D,"2011-11-02 09:00:00",,,,1012.8,26.5,27.8,0.6,5.1,146,8.7,,,,,,
Vector_CWB_FB_46714D,"2011-11-02 10:00:00",3.5,2.7,254,1012.6,26.3,27.8,0.72,4.9,213,10.4,,,,,,
Vector_CWB_FB_46714D,"2011-11-02 11:00:00",4.7,3.8,270,1012.4,26.6,27.8,0.61,4.5,281,6.9,,,,,,
Vector_CWB_FB_46714D,"2011-11-02 12:00:00",5.6,4.5,294,1011.5,26.7,27.8,0.66,4.8,157,7.4,,,,,,
Vector_CWB_FB_46714D,"2011-11-02 13:00:00",4.4,3.5,293,1011.1,27.1,28.1,0.61,4.5,146,6.5,,,,,,
Vector_CWB_FB_46714D,"2011-11-02 14:00:00",5.3,3.8,289,1010.3,27.1,28.1,0.54,4.6,135,8.7,,,,,,
Vector_CWB_FB_46714D,"2011-11-02 15:00:00",3.8,3.1,311,1010.5,27.2,28,0.49,4.5,146,6.1,,,,,,
Vector_CWB_FB_46714D,"2011-11-02 16:00:00",4.4,3.5,303,1010.4,27.1,28,0.5,4.8,135,8,,,,,,
Vector_CWB_FB_46714D,"2011-11-02 17:00:00",5.6,4.2,326,1010.5,26.6,28,0.57,4.9,112,6.9,,,,,,
Vector_CWB_FB_46714D,"2011-11-02 18:00:00",5.6,4.6,348,1010.8,26.3,27.8,0.71,4.6,168,7.4,,,,,,
Vector_CWB_FB_46714D,"2011-11-02 19:00:00",6.6,4.8,332,1011.6,26.4,27.7,0.69,4.2,225,8,,,,,,
Vector_CWB_FB_46714D,"2011-11-02 20:00:00",4.8,3.7,353,1011.9,26.4,27.6,0.75,4.4,135,6.9,,,,,,
Vector_CWB_FB_46714D,"2011-11-02 21:00:00",2,1.3,19,1012,26.3,27.6,0.81,4.4,258,6.5,,,,,,
Vector_CWB_FB_46714D,"2011-11-02 22:00:00",2.3,1.2,335,1012.3,26.5,27.8,0.6,4.5,270,5.2,,,,,,
Vector_CWB_FB_46714D,"2011-11-02 23:00:00",5.6,4.3,326,1011.7,26.2,27.7,0.66,4.4,258,5.2,,,,,,
Vector_CWB_FB_46714D,"2011-11-03 00:00:00",4.9,3.9,323,1011.5,26,27.8,0.62,4.9,247,5.4,,,,,,
Vector_CWB_FB_46714D,"2011-11-03 01:00:00",3.6,2.7,343,1011.2,25.9,27.8,0.77,5,123,8.7,,,,,,
Vector_CWB_FB_46714D,"2011-11-03 02:00:00",4.2,3.2,331,1011.2,25.7,27.9,0.72,4.8,258,9.5,,,,,,
Vector_CWB_FB_46714D,"2011-11-03 03:00:00",4.5,3.4,331,1011.1,25.7,27.8,0.65,4.8,157,8,,,,,,
Vector_CWB_FB_46714D,"2011-11-03 04:00:00",3.4,2.8,40,1011,25.6,27.8,0.72,5.3,157,8,,,,,,
Vector_CWB_FB_46714D,"2011-11-03 05:00:00",3.4,2.6,20,1010.9,25.2,27.8,0.66,5.6,146,8.7,,,,,,
Vector_CWB_FB_46714D,"2011-11-03 06:00:00",3.1,2.1,360,1011.4,25.4,27.8,0.51,5.4,281,6.9,,,,,,
Vector_CWB_FB_46714D,"2011-11-03 07:00:00",2.7,1.8,359,1012.1,25.5,27.8,0.63,5.8,157,8,,,,,,
Vector_CWB_FB_46714D,"2011-11-03 08:00:00",3.3,2.5,48,1013.2,25.9,27.8,0.67,6,146,8.7,,,,,,
Vector_CWB_FB_46714D,"2011-11-03 09:00:00",3.4,2.7,71,1013.7,25.8,27.8,0.57,5.5,135,7.4,,,,,,
Vector_CWB_FB_46714D,"2011-11-03 10:00:00",3.3,2.5,76,1013.4,26.2,27.9,0.56,5.5,157,9.5,,,,,,
Vector_CWB_FB_46714D,"2011-11-03 11:00:00",2.1,1.7,121,1012.5,27.6,28.2,0.56,5,157,7.4,,,,,,
Vector_CWB_FB_46714D,"2011-11-03 12:00:00",2.2,1.4,267,1011.8,27.6,28.5,0.59,5,180,8,,,,,,
Vector_CWB_FB_46714D,"2011-11-03 13:00:00",3.8,2.7,292,1011.2,27.1,28.2,0.51,4.7,157,7.4,,,,,,
Vector_CWB_FB_46714D,"2011-11-03 14:00:00",6,4.7,309,1011.1,27.4,28,0.52,4.7,168,8,,,,,,
Vector_CWB_FB_46714D,"2011-11-03 15:00:00",6.4,5.4,322,1010.8,26.8,28,0.49,5.3,157,7.4,,,,,,
Vector_CWB_FB_46714D,"2011-11-03 16:00:00",5.9,4.7,329,1011,26.8,27.8,0.43,5.5,168,8.7,,,,,,
Vector_CWB_FB_46714D,"2011-11-03 17:00:00",6.1,4.9,335,1011.4,26.8,27.7,0.54,4.1,191,8,,,,,,
Vector_CWB_FB_46714D,"2011-11-03 18:00:00",6.2,4.7,346,1011.6,26.6,27.7,0.42,4,270,6.1,,,,,,
Vector_CWB_FB_46714D,"2011-11-03 19:00:00",5.1,3.9,342,1012.3,26.8,27.8,0.43,3.8,270,4.3,,,,,,
Vector_CWB_FB_46714D,"2011-11-03 20:00:00",3.9,3.2,321,1013.1,26.8,27.8,0.42,4.4,292,8.7,,,,,,
Vector_CWB_FB_46714D,"2011-11-03 21:00:00",3.4,2.7,304,1013.5,26.6,27.7,0.55,4.5,191,8.7,,,,,,
Vector_CWB_FB_46714D,"2011-11-03 22:00:00",3.7,3.2,303,1013.4,26.6,27.7,0.68,4.5,292,4.7,,,,,,
Vector_CWB_FB_46714D,"2011-11-03 23:00:00",4.9,4.1,325,1013,26.4,27.7,0.67,3.9,281,4.7,,,,,,
Vector_CWB_FB_46714D,"2011-11-04 00:00:00",3.8,3,334,1012.9,26.3,27.8,0.67,4.3,292,6.5,,,,,,
Vector_CWB_FB_46714D,"2011-11-04 01:00:00",4,3.1,335,1012.3,26.1,27.8,0.76,4.3,303,6.9,,,,,,
Vector_CWB_FB_46714D,"2011-11-04 02:00:00",3.4,2.6,347,1011.8,26,27.8,0.75,4.5,292,6.1,,,,,,
Vector_CWB_FB_46714D,"2011-11-04 03:00:00",4.9,3.5,358,1011.6,25.9,27.8,0.67,4.3,281,6.1,,,,,,
Vector_CWB_FB_46714D,"2011-11-04 04:00:00",5.5,4,339,1011.8,26,27.9,0.71,4.5,303,9.5,,,,,,
Vector_CWB_FB_46714D,"2011-11-04 05:00:00",3.7,2.8,54,1011.9,25.6,27.9,0.52,4.7,146,8.7,,,,,,
Vector_CWB_FB_46714D,"2011-11-04 06:00:00",3.5,2.8,37,1012.4,25.6,27.8,0.48,4.9,292,6.1,,,,,,
Vector_CWB_FB_46714D,"2011-11-04 07:00:00",2.8,2.3,33,1013.4,25.6,27.8,0.56,5.3,123,6.9,,,,,,
Vector_CWB_FB_46714D,"2011-11-04 08:00:00",3.1,2.5,75,1013.9,26.3,27.8,0.5,5.3,157,10.4,,,,,,
Vector_CWB_FB_46714D,"2011-11-04 09:00:00",2,1.4,85,1014.2,27.6,28,0.54,5,202,8,,,,,,
Vector_CWB_FB_46714D,"2011-11-04 10:00:00",3.5,2.8,314,1014.1,27.3,28.2,0.6,5,180,6.5,,,,,,
Vector_CWB_FB_46714D,"2011-11-04 11:00:00",4.4,3.2,321,1013.5,26.8,28.2,0.7,5.3,168,10.4,,,,,,
Vector_CWB_FB_46714D,"2011-11-04 12:00:00",4.4,3.3,312,1012.8,26.9,28.2,0.63,5,168,8,,,,,,
Vector_CWB_FB_46714D,"2011-11-04 13:00:00",5.5,4.2,316,1011.6,27,28.2,0.66,5,168,8.7,,,,,,
Vector_CWB_FB_46714D,"2011-11-04 14:00:00",6.2,5.2,314,1011.2,27.3,28.2,0.63,5.2,157,6.9,,,,,,
Vector_CWB_FB_46714D,"2011-11-04 15:00:00",5.4,4.6,316,1011.2,27.4,28,0.61,4.8,146,6.9,,,,,,
Vector_CWB_FB_46714D,"2011-11-04 16:00:00",3.6,3.1,298,1011.4,27.2,28,0.46,5.2,146,8.7,,,,,,
Vector_CWB_FB_46714D,"2011-11-04 17:00:00",4.6,3.6,311,1011.8,27.3,27.8,0.52,5.4,157,10.4,,,,,,
Vector_CWB_FB_46714D,"2011-11-04 18:00:00",3.9,3.1,321,1012.2,27.2,28,0.51,5,225,6.9,,,,,,
Vector_CWB_FB_46714D,"2011-11-04 19:00:00",2.4,2,310,1012.5,27.1,28,0.44,4.6,247,6.5,,,,,,
Vector_CWB_FB_46714D,"2011-11-04 20:00:00",2.3,1.3,323,1012.7,26.7,27.9,0.41,4.2,258,5.8,,,,,,
Vector_CWB_FB_46714D,"2011-11-04 21:00:00",,,,1013.5,26.5,27.9,0.47,4.5,247,10.4,,,,,,
Vector_CWB_FB_46714D,"2011-11-04 22:00:00",2.6,1.9,334,1013.6,26.5,27.7,0.42,4.2,180,9.5,,,,,,
Vector_CWB_FB_46714D,"2011-11-04 23:00:00",4.1,3.4,308,1012.9,26.7,27.8,0.52,4.1,213,8.7,,,,,,
Vector_CWB_FB_46714D,"2011-11-05 00:00:00",4.4,3.2,313,1012.8,26.8,27.7,0.63,4.5,258,9.5,,,,,,
Vector_CWB_FB_46714D,"2011-11-05 01:00:00",4,2.9,352,1012.3,26.2,27.7,0.57,4.2,101,6.9,,,,,,
Vector_CWB_FB_46714D,"2011-11-05 02:00:00",2.2,1.8,18,1012.3,25.9,27.5,0.57,4.4,146,9.5,,,,,,
Vector_CWB_FB_46714D,"2011-11-05 03:00:00",3.3,2.7,30,1012.3,25.8,27.7,0.45,4.2,146,9.5,,,,,,
Vector_CWB_FB_46714D,"2011-11-05 04:00:00",4.8,3.5,19,1011.8,25.5,27.7,0.43,4.4,135,5.8,,,,,,
Vector_CWB_FB_46714D,"2011-11-05 05:00:00",4,3.2,39,1012.4,25.4,27.6,0.35,4.3,135,7.4,,,,,,
Vector_CWB_FB_46714D,"2011-11-05 06:00:00",3.4,2.8,36,1013.2,25.2,27.7,0.36,4.7,101,7.4,,,,,,
Vector_CWB_FB_46714D,"2011-11-05 07:00:00",3.4,2.4,27,1014,25.3,27.6,0.47,5.5,135,7.4,,,,,,
Vector_CWB_FB_46714D,"2011-11-05 08:00:00",3.2,2.5,72,1014.6,25.5,27.7,0.6,6.1,135,10.4,,,,,,
Vector_CWB_FB_46714D,"2011-11-05 09:00:00",1.6,1.2,52,1014.3,25.7,27.7,0.63,5.9,146,8.7,,,,,,
Vector_CWB_FB_46714D,"2011-11-05 10:00:00",4.4,3.1,12,1013.6,26.7,27.7,0.77,6,303,10.4,,,,,,
Vector_CWB_FB_46714D,"2011-11-05 11:00:00",2.6,1.7,307,1013.3,27.2,28.3,0.66,5.8,168,7.4,,,,,,
Vector_CWB_FB_46714D,"2011-11-05 12:00:00",4.2,3.2,310,1012.4,27.2,28,0.75,5.7,236,10.4,,,,,,
Vector_CWB_FB_46714D,"2011-11-05 13:00:00",5.3,4.2,311,1011.6,27.3,28.1,0.74,5.3,180,6.5,,,,,,
Vector_CWB_FB_46714D,"2011-11-05 14:00:00",5.7,4.7,315,1010.8,27.2,27.8,0.75,5.2,112,8.7,,,,,,
Vector_CWB_FB_46714D,"2011-11-05 15:00:00",5.7,4.7,321,1010.4,27.5,27.9,0.77,5.6,123,9.5,,,,,,
Vector_CWB_FB_46714D,"2011-11-05 16:00:00",4.7,3.7,314,1010.8,27.2,28,0.72,5.7,135,8,,,,,,
Vector_CWB_FB_46714D,"2011-11-05 17:00:00",4.5,3.5,328,1011.1,26.9,27.7,0.73,6,135,9.5,,,,,,
Vector_CWB_FB_46714D,"2011-11-05 18:00:00",4,3.2,330,1011.6,26.7,27.7,0.72,6,123,6.9,,,,,,
Vector_CWB_FB_46714D,"2011-11-05 19:00:00",5,4,339,1012.2,26.5,27.6,0.64,5.1,191,8.7,,,,,,
Vector_CWB_FB_46714D,"2011-11-05 20:00:00",4,2.9,346,1012.8,26.6,27.7,0.61,4.7,258,7.4,,,,,,
Vector_CWB_FB_46714D,"2011-11-05 21:00:00",3,2.4,336,1012.7,26.7,27.8,0.65,5.1,157,6.5,,,,,,
Vector_CWB_FB_46714D,"2011-11-05 22:00:00",,,,1013,26.6,27.7,0.64,4.9,191,6.9,,,,,,
Vector_CWB_FB_46714D,"2011-11-05 23:00:00",2.2,1.7,303,1012.6,26.8,27.7,0.74,4.9,157,6.1,,,,,,
Vector_CWB_FB_46714D,"2011-11-06 00:00:00",1.6,1.2,318,1012.3,26.4,27.8,0.68,4.6,135,6.9,,,,,,
Vector_CWB_FB_46714D,"2011-11-06 01:00:00",2.7,2.2,343,1011.7,26.4,27.8,0.75,5,146,8,,,,,,
Vector_CWB_FB_46714D,"2011-11-06 02:00:00",3.1,2.4,343,1011.4,26.3,27.7,0.69,4.8,157,8,,,,,,
Vector_CWB_FB_46714D,"2011-11-06 03:00:00",3.4,2.7,17,1010.7,26.2,27.6,0.66,4.8,146,9.5,,,,,,
Vector_CWB_FB_46714D,"2011-11-06 04:00:00",3.6,2.8,26,1010.5,25.7,27.6,0.67,5.2,146,10.4,,,,,,
Vector_CWB_FB_46714D,"2011-11-06 05:00:00",3.5,2.1,48,1010.8,25.9,27.5,0.72,5.5,135,9.5,,,,,,
Vector_CWB_FB_46714D,"2011-11-06 06:00:00",2.7,2,30,1011,25.8,27.5,0.74,6,135,8.7,,,,,,
Vector_CWB_FB_46714D,"2011-11-06 07:00:00",2.6,2,31,1011.1,25.8,27.5,0.91,6.2,135,9.5,,,,,,
Vector_CWB_FB_46714D,"2011-11-06 08:00:00",1.9,1.1,66,1011.9,25.9,27.3,0.95,6.1,180,9.5,,,,,,
Vector_CWB_FB_46714D,"2011-11-06 09:00:00",2.2,1.8,143,1013,26.2,27.3,0.83,5.5,146,9.5,,,,,,
Vector_CWB_FB_46714D,"2011-11-06 10:00:00",3.4,2.4,224,1013,26.5,27.4,0.76,5.5,191,8,,,,,,
Vector_CWB_FB_46714D,"2011-11-06 11:00:00",6.5,5.1,272,1012.3,27,27.4,0.67,4.8,202,6.5,,,,,,
Vector_CWB_FB_46714D,"2011-11-06 12:00:00",6.8,5.7,319,1011.8,26.5,27.4,0.74,4.9,202,8.7,,,,,,
Vector_CWB_FB_46714D,"2011-11-06 13:00:00",7,5.8,322,1011.2,26.4,27.4,0.7,4.5,146,9.5,,,,,,
Vector_CWB_FB_46714D,"2011-11-06 14:00:00",6.2,4.5,327,1010.7,26.5,27.4,0.65,4.4,146,8.7,,,,,,
Vector_CWB_FB_46714D,"2011-11-06 15:00:00",5.2,4,327,1010.3,26.6,27.5,0.64,4.8,146,10.4,,,,,,
Vector_CWB_FB_46714D,"2011-11-06 16:00:00",4.5,3.7,324,1010.5,26.7,27.5,0.75,4.8,135,8,,,,,,
Vector_CWB_FB_46714D,"2011-11-06 17:00:00",5.3,4,327,1011,26.7,27.6,0.71,5.4,123,7.4,,,,,,
Vector_CWB_FB_46714D,"2011-11-06 18:00:00",4.8,3.7,330,1011.5,26.5,27.5,0.75,5.5,135,7.4,,,,,,
Vector_CWB_FB_46714D,"2011-11-06 19:00:00",4.8,3.8,341,1011.9,26.6,27.5,0.67,5.4,135,6.9,,,,,,
Vector_CWB_FB_46714D,"2011-11-06 20:00:00",3.8,3.1,334,1012.4,26.5,27.2,0.65,5,146,7.4,,,,,,
Vector_CWB_FB_46714D,"2011-11-06 21:00:00",3.7,2.8,320,1012.9,26.6,27.4,0.73,5,191,6.5,,,,,,
Vector_CWB_FB_46714D,"2011-11-06 22:00:00",3.6,2.9,324,1013.1,26.6,27.4,0.65,5.1,191,9.5,,,,,,
Vector_CWB_FB_46714D,"2011-11-06 23:00:00",3.4,2.6,343,1012.4,26.5,27.4,0.77,5.4,191,8.7,,,,,,
Vector_CWB_FB_46714D,"2011-11-07 00:00:00",4,2.8,350,1011.3,26.2,27.4,0.82,5.3,202,6.5,,,,,,
Vector_CWB_FB_46714D,"2011-11-07 01:00:00",4.1,3.1,337,1010.7,26.3,27.3,0.94,5.5,168,9.5,,,,,,
Vector_CWB_FB_46714D,"2011-11-07 02:00:00",3.3,1.8,13,1010.4,26.3,27.3,0.84,5,180,8,,,,,,
Vector_CWB_FB_46714D,"2011-11-07 03:00:00",,,,1010.5,26,27.2,0.87,5,168,8,,,,,,
Vector_CWB_FB_46714D,"2011-11-07 04:00:00",,,,1010.4,25.9,27.3,0.98,5.6,157,9.5,,,,,,
Vector_CWB_FB_46714D,"2011-11-07 05:00:00",,,,1010.6,26,27.4,0.91,5.3,157,6.5,,,,,,
Vector_CWB_FB_46714D,"2011-11-07 06:00:00",,,,1010.5,25.9,27.5,0.87,5.6,157,7.4,,,,,,
Vector_CWB_FB_46714D,"2011-11-07 07:00:00",3.4,2.8,213,1011.3,26.4,27.5,1.08,6,146,8,,,,,,
Vector_CWB_FB_46714D,"2011-11-07 08:00:00",3.2,2.5,251,1012,26.6,27.3,1.2,6.3,135,8,,,,,,
Vector_CWB_FB_46714D,"2011-11-07 09:00:00",5.4,3.9,329,1012.1,26.5,27.3,1.29,6.2,180,8,,,,,,
Vector_CWB_FB_46714D,"2011-11-07 10:00:00",4.1,3,345,1012.2,26.6,27.3,1.28,5.7,191,7.4,,,,,,
Vector_CWB_FB_46714D,"2011-11-07 11:00:00",4.1,2.6,321,1011.9,26.2,27.4,1.26,5.4,213,8,,,,,,
Vector_CWB_FB_46714D,"2011-11-07 12:00:00",,,,1011.6,26,27.6,1.15,5.1,191,6.1,,,,,,
Vector_CWB_FB_46714D,"2011-11-07 13:00:00",,,,1011.1,25.5,27.7,1.26,5.5,191,6.9,,,,,,
Vector_CWB_FB_46714D,"2011-11-07 14:00:00",5.2,3.6,324,1010.1,25.4,27.5,0.98,4.9,135,8.7,,,,,,
Vector_CWB_FB_46714D,"2011-11-07 15:00:00",6.7,5,338,1009.4,25.5,27.5,0.96,5,258,8.7,,,,,,
Vector_CWB_FB_46714D,"2011-11-07 16:00:00",5.1,3.4,341,1010,25.5,27.5,1.2,5.5,191,8,,,,,,
Vector_CWB_FB_46714D,"2011-11-07 17:00:00",5.7,4.6,321,1010.7,25.9,27.4,1.09,5.4,157,8.7,,,,,,
Vector_CWB_FB_46714D,"2011-11-07 18:00:00",4,2.2,354,1011.2,24.9,27.4,0.89,5.2,146,8.7,,,,,,
Vector_CWB_FB_46714D,"2011-11-07 19:00:00",3.9,3,30,1011.6,24.5,27.3,0.69,5.3,146,7.4,,,,,,
Vector_CWB_FB_46714D,"2011-11-07 20:00:00",2.3,1.2,336,1012.3,24.3,27.5,0.79,6.1,146,9.5,,,,,,
Vector_CWB_FB_46714D,"2011-11-07 21:00:00",5,3.8,118,1012.6,24.4,27.4,0.78,5.2,180,7.4,,,,,,
Vector_CWB_FB_46714D,"2011-11-07 22:00:00",4.1,2.4,146,1012.4,23.8,27.4,0.8,5.7,213,8,,,,,,
Vector_CWB_FB_46714D,"2011-11-07 23:00:00",3.5,2.1,168,1012.5,24.2,27.4,0.83,5.4,258,6.5,,,,,,
Vector_CWB_FB_46714D,"2011-11-08 00:00:00",2.5,1.5,85,1011.6,23.9,27.4,0.9,5.5,157,9.5,,,,,,
Vector_CWB_FB_46714D,"2011-11-08 01:00:00",2.1,1.4,340,1011.3,24.2,27.2,0.92,5.4,157,8,,,,,,
Vector_CWB_FB_46714D,"2011-11-08 02:00:00",2.5,1.7,358,1011.2,24.4,27.3,0.9,5.2,180,8,,,,,,
Vector_CWB_FB_46714D,"2011-11-08 03:00:00",4.4,3.1,57,1011.5,24.2,27.4,0.87,5.3,168,8,,,,,,
Vector_CWB_FB_46714D,"2011-11-08 04:00:00",6.5,4.9,42,1010.7,23.6,27.4,0.87,5.2,112,8,,,,,,
Vector_CWB_FB_46714D,"2011-11-08 05:00:00",3.5,2.4,28,1010.8,23.2,27.4,0.79,4.9,157,7.4,,,,,,
Vector_CWB_FB_46714D,"2011-11-08 06:00:00",4.1,2.8,39,1010.5,23.3,27.2,0.73,5.3,146,8,,,,,,
Vector_CWB_FB_46714D,"2011-11-08 07:00:00",3.5,2.5,45,1011.3,23.5,27.2,0.77,5.8,135,8.7,,,,,,
Vector_CWB_FB_46714D,"2011-11-08 08:00:00",4.8,3.5,95,1011.8,23.6,27.4,0.86,6.4,146,7.4,,,,,,
Vector_CWB_FB_46714D,"2011-11-08 09:00:00",3.4,2.7,114,1011.2,23.8,27.3,0.93,6.5,191,7.4,,,,,,
Vector_CWB_FB_46714D,"2011-11-08 10:00:00",7.9,6.3,111,1010.1,25.4,27.3,1.09,6.4,191,8,,,,,,
Vector_CWB_FB_46714D,"2011-11-08 11:00:00",2.4,1.9,62,1009.9,25.5,27.2,0.88,6,191,8.7,,,,,,
Vector_CWB_FB_46714D,"2011-11-08 12:00:00",4.3,3.2,354,1009.7,25.3,27.3,0.76,5.3,225,9.5,,,,,,
Vector_CWB_FB_46714D,"2011-11-08 13:00:00",5,3.8,353,1009.5,25.1,27.3,0.63,5.1,180,8.7,,,,,,
Vector_CWB_FB_46714D,"2011-11-08 14:00:00",5.3,3.6,12,1008.8,25.1,27.3,0.62,4.7,202,8,,,,,,
Vector_CWB_FB_46714D,"2011-11-08 15:00:00",3.6,2.2,31,1008.4,25.4,27.4,0.62,4.5,180,8.7,,,,,,
Vector_CWB_FB_46714D,"2011-11-08 16:00:00",2.7,1.9,55,1008,25.6,27.3,0.72,4.9,191,7.4,,,,,,
Vector_CWB_FB_46714D,"2011-11-08 17:00:00",,,,1008.4,25.6,27.3,0.68,5.2,157,8,,,,,,
Vector_CWB_FB_46714D,"2011-11-08 18:00:00",4.1,2.7,351,1008.8,25.5,27.3,0.79,5.2,157,8,,,,,,
Vector_CWB_FB_46714D,"2011-11-08 19:00:00",5.3,3.8,344,1009.3,25.3,27.3,0.77,5.6,123,7.4,,,,,,
Vector_CWB_FB_46714D,"2011-11-08 20:00:00",4.4,3.1,355,1010.3,25.4,27.3,0.93,6.2,135,7.4,,,,,,
Vector_CWB_FB_46714D,"2011-11-08 21:00:00",5.4,4,352,1010.3,25.3,27.2,0.82,5.3,191,7.4,,,,,,
Vector_CWB_FB_46714D,"2011-11-08 22:00:00",5.4,3.7,3,1010.4,25.2,27.3,0.82,5,225,7.4,,,,,,
Vector_CWB_FB_46714D,"2011-11-08 23:00:00",4.1,3,21,1009.9,25.2,27.3,0.94,5.1,213,6.5,,,,,,
Vector_CWB_FB_46714D,"2011-11-09 00:00:00",6.7,4.9,11,1009.7,24.5,27.2,0.99,5.6,202,9.5,,,,,,
Vector_CWB_FB_46714D,"2011-11-09 01:00:00",4,2.9,47,1009.1,24.6,27.2,0.91,5.6,191,6.9,,,,,,
Vector_CWB_FB_46714D,"2011-11-09 02:00:00",3.9,3.1,43,1008.1,24.4,27.2,0.91,5.4,236,8.7,,,,,,
Vector_CWB_FB_46714D,"2011-11-09 03:00:00",3.4,2.5,48,1007.4,24.6,27.2,0.78,5,180,6.5,,,,,,
Vector_CWB_FB_46714D,"2011-11-09 04:00:00",3.9,2.6,54,1007,24.8,27.2,0.84,5.3,202,8.7,,,,,,
Vector_CWB_FB_46714D,"2011-11-09 05:00:00",5.5,4.4,60,1007.1,25,27.3,0.86,5.1,191,8,,,,,,
Vector_CWB_FB_46714D,"2011-11-09 06:00:00",3.1,2.3,64,1007.4,25.2,27.2,0.81,5.2,168,8,,,,,,
Vector_CWB_FB_46714D,"2011-11-09 07:00:00",2.7,1.6,135,1008.2,26.1,27.2,0.93,5.7,202,8.7,,,,,,
Vector_CWB_FB_46714D,"2011-11-09 08:00:00",2.9,2.1,46,1008.8,26,27.3,0.86,5.6,191,9.5,,,,,,
Vector_CWB_FB_46714D,"2011-11-09 09:00:00",3.3,2.3,44,1009.1,25.9,27.4,1.05,6.1,180,8.7,,,,,,
Vector_CWB_FB_46714D,"2011-11-09 10:00:00",3.1,1.9,48,1008.9,26.1,27.4,1.33,6.5,213,8,,,,,,
Vector_CWB_FB_46714D,"2011-11-09 11:00:00",5.2,3.7,58,1008.4,25.7,27.4,1.25,6.7,213,8.7,,,,,,
Vector_CWB_FB_46714D,"2011-11-09 12:00:00",3.1,2.3,108,1007.6,26.1,27.3,1.34,6.6,225,10.4,,,,,,
Vector_CWB_FB_46714D,"2011-11-09 13:00:00",6.6,5.4,127,1006.9,27.1,27.3,1.12,6.5,236,9.5,,,,,,
Vector_CWB_FB_46714D,"2011-11-09 14:00:00",6.5,5.4,112,1005.8,26.9,27.3,1.17,6.3,202,8.7,,,,,,
Vector_CWB_FB_46714D,"2011-11-09 15:00:00",7.3,6.1,116,1005.8,26.7,27.3,1.2,5.4,258,9.5,,,,,,
Vector_CWB_FB_46714D,"2011-11-09 16:00:00",5.9,4.9,108,1005.2,27.1,27.3,1.17,5.4,258,9.5,,,,,,
Vector_CWB_FB_46714D,"2011-11-09 17:00:00",7.3,5.5,138,1005.6,26.8,27.3,1.19,6.2,202,10.4,,,,,,
Vector_CWB_FB_46714D,"2011-11-09 18:00:00",7.5,6,117,1005.6,26.7,27.3,1.05,4.9,168,10.4,,,,,,
Vector_CWB_FB_46714D,"2011-11-09 19:00:00",7,5.5,119,1006.1,26.8,27.3,1.1,5,157,10.4,,,,,,
Vector_CWB_FB_46714D,"2011-11-09 20:00:00",7,5.5,137,1006.6,27,27.3,0.9,5.3,135,11.6,,,,,,
Vector_CWB_FB_46714D,"2011-11-09 21:00:00",8.4,6.4,144,1006.9,27.3,27.3,1.05,5.7,101,11.6,,,,,,
Vector_CWB_FB_46714D,"2011-11-09 22:00:00",7.9,6.5,160,1006.7,27.4,27.3,1.17,5.2,213,9.5,,,,,,
Vector_CWB_FB_46714D,"2011-11-09 23:00:00",10.2,7.8,154,1006.5,26.8,27.3,1.21,5.3,180,9.5,,,,,,
Vector_CWB_FB_46714D,"2011-11-10 00:00:00",9.3,7.3,127,1006,26.7,27.3,1.51,5.8,225,10.4,,,,,,
Vector_CWB_FB_46714D,"2011-11-10 01:00:00",8.4,7,142,1006,25.5,27.2,1.42,5.8,225,9.5,,,,,,
Vector_CWB_FB_46714D,"2011-11-10 02:00:00",8.2,6.7,118,1005.7,25.3,27.3,1.59,6.3,225,8.7,,,,,,
Vector_CWB_FB_46714D,"2011-11-10 03:00:00",9.3,6,132,1004.7,25.8,27.3,1.48,6.2,236,9.5,,,,,,
Vector_CWB_FB_46714D,"2011-11-10 04:00:00",9.6,7.9,129,1005.1,25.6,27.3,1.39,5,168,8,,,,,,
Vector_CWB_FB_46714D,"2011-11-10 05:00:00",10.1,8.2,111,1005.5,25.6,27.3,1.77,5.5,191,9.5,,,,,,
Vector_CWB_FB_46714D,"2011-11-10 06:00:00",9.3,6.9,100,1005.6,25.7,27.3,1.51,4.9,225,8.7,,,,,,
Vector_CWB_FB_46714D,"2011-11-10 07:00:00",9.8,7.4,109,1006.5,25.7,27.2,1.44,4.9,202,8,,,,,,
Vector_CWB_FB_46714D,"2011-11-10 08:00:00",6.2,3.7,94,1008,24.6,27.2,1.39,5,225,9.5,,,,,,
Vector_CWB_FB_46714D,"2011-11-10 09:00:00",4.3,3.1,65,1007.9,24.2,27.1,1.33,5.3,168,8,,,,,,
Vector_CWB_FB_46714D,"2011-11-10 10:00:00",6,4,72,1007.4,24.3,27.1,1.37,5.6,236,7.4,,,,,,
Vector_CWB_FB_46714D,"2011-11-10 11:00:00",,,,1006.8,24.9,27.2,1.53,5.9,236,8.7,,,,,,
Vector_CWB_FB_46714D,"2011-11-10 12:00:00",6.8,5.4,116,1005.7,25.3,27.2,1.48,5.9,236,8.7,,,,,,
Vector_CWB_FB_46714D,"2011-11-10 13:00:00",10,7.4,135,1005.4,25.8,27.2,1.43,5.1,247,8.7,,,,,,
Vector_CWB_FB_46714D,"2011-11-10 14:00:00",9.2,7.6,121,1004.7,26.3,27.2,1.39,5.1,236,8,,,,,,
Vector_CWB_FB_46714D,"2011-11-10 15:00:00",9,7.3,113,1004.9,26.7,27.2,1.47,5,213,9.5,,,,,,
Vector_CWB_FB_46714D,"2011-11-10 16:00:00",6.6,3.9,333,1006.3,24.4,27.2,1.58,5.9,225,9.5,,,,,,
Vector_CWB_FB_46714D,"2011-11-10 17:00:00",6.1,5.1,323,1007.2,23.9,27.1,1.29,5,202,8.7,,,,,,
Vector_CWB_FB_46714D,"2011-11-10 18:00:00",4.8,2.8,354,1007.4,23.8,27.1,1.37,5.6,236,9.5,,,,,,
Vector_CWB_FB_46714D,"2011-11-10 19:00:00",3.3,2.2,345,1008.7,23.9,27.2,1.31,5.4,213,9.5,,,,,,
Vector_CWB_FB_46714D,"2011-11-10 20:00:00",4.4,2.9,345,1009,23.9,26.7,1.13,6.3,180,9.5,,,,,,
Vector_CWB_FB_46714D,"2011-11-10 21:00:00",7,5.1,1,1009.4,23.5,26.8,0.96,5.6,135,9.5,,,,,,
Vector_CWB_FB_46714D,"2011-11-10 22:00:00",6.7,4.7,347,1010.2,23.2,26.9,0.96,5.5,146,8.7,,,,,,
Vector_CWB_FB_46714D,"2011-11-10 23:00:00",4.1,3,14,1010.5,23.1,27.1,1.19,5.4,180,9.5,,,,,,
Vector_CWB_FB_46714D,"2011-11-11 00:00:00",4.4,2.8,54,1010.2,22.8,27.1,1.05,6.2,258,10.4,,,,,,
Vector_CWB_FB_46714D,"2011-11-11 01:00:00",2.7,1.8,59,1010.1,23,27,1.08,6.5,202,9.5,,,,,,
Vector_CWB_FB_46714D,"2011-11-11 02:00:00",1.9,1.3,73,1009.7,23.3,26.8,0.87,5.8,236,8.7,,,,,,
Vector_CWB_FB_46714D,"2011-11-11 03:00:00",2.3,1.5,20,1009.7,23.5,27,0.94,6,213,8.7,,,,,,
Vector_CWB_FB_46714D,"2011-11-11 04:00:00",3.4,2.5,32,1009.1,23.5,26.9,0.97,5.4,225,9.5,,,,,,
Vector_CWB_FB_46714D,"2011-11-11 05:00:00",3,1.9,18,1009.6,23.5,26.9,0.85,5.2,236,8.7,,,,,,
Vector_CWB_FB_46714D,"2011-11-11 06:00:00",4.6,3.6,344,1009.9,23.5,26.9,0.91,5.3,191,9.5,,,,,,
Vector_CWB_FB_46714D,"2011-11-11 07:00:00",4.7,3,1,1010.2,23.4,27,0.95,5.2,225,8,,,,,,
Vector_CWB_FB_46714D,"2011-11-11 08:00:00",,,,1011.7,23.5,27.1,0.76,5.2,123,9.5,,,,,,
Vector_CWB_FB_46714D,"2011-11-11 09:00:00",4.8,3,276,1012.2,24,27.1,1,6.2,157,9.5,,,,,,
Vector_CWB_FB_46714D,"2011-11-11 10:00:00",4.7,3.3,347,1011.7,24.2,27.2,0.88,5.7,135,8.7,,,,,,
Vector_CWB_FB_46714D,"2011-11-11 11:00:00",4.9,3.8,323,1011.6,24.2,27.2,1.03,5.6,225,8.7,,,,,,
Vector_CWB_FB_46714D,"2011-11-11 12:00:00",4.5,3,334,1011,24.2,27.2,1.04,5.8,225,9.5,,,,,,
Vector_CWB_FB_46714D,"2011-11-11 13:00:00",4.2,3.3,313,1010.1,24.6,27.2,1.02,6.1,225,8,,,,,,
Vector_CWB_FB_46714D,"2011-11-11 14:00:00",3.4,2.6,304,1009.3,25,27.3,1.04,5.6,225,8,,,,,,
Vector_CWB_FB_46714D,"2011-11-11 15:00:00",5.6,4.6,278,1009.7,25.2,27.2,0.93,5.2,213,8.7,,,,,,
Vector_CWB_FB_46714D,"2011-11-11 16:00:00",7.6,5.9,314,1010,24.7,27.1,0.99,5.3,213,8.7,,,,,,
Vector_CWB_FB_46714D,"2011-11-11 17:00:00",3.7,2.8,335,1010,25,27.1,0.94,4.8,202,8.7,,,,,,
Vector_CWB_FB_46714D,"2011-11-11 18:00:00",5.8,4,330,1010.2,25.3,27.2,0.97,4.8,225,8.7,,,,,,
Vector_CWB_FB_46714D,"2011-11-11 19:00:00",6.6,5.4,329,1011.5,25.2,27.3,1.1,5,247,8.7,,,,,,
Vector_CWB_FB_46714D,"2011-11-11 20:00:00",4.3,3.4,348,1012,25.2,27.3,0.97,5.4,225,8.7,,,,,,
Vector_CWB_FB_46714D,"2011-11-11 21:00:00",3.9,2.8,8,1012.5,25,27.3,0.84,5,213,8.7,,,,,,
Vector_CWB_FB_46714D,"2011-11-11 22:00:00",5.1,3.7,343,1012.9,25,27.2,0.91,5.1,247,7.4,,,,,,
Vector_CWB_FB_46714D,"2011-11-11 23:00:00",2.3,1.4,40,1013.4,24.8,27.3,0.89,4.8,225,8.7,,,,,,
Vector_CWB_FB_46714D,"2011-11-12 00:00:00",,,,1013.2,24.7,27.2,0.85,5.2,247,8.7,,,,,,
Vector_CWB_FB_46714D,"2011-11-12 01:00:00",7.4,6.2,97,1011.3,25.3,27.2,0.91,5.8,258,8,,,,,,
Vector_CWB_FB_46714D,"2011-11-12 02:00:00",5.7,4.8,130,1010.8,25.4,27,0.92,5.7,292,8,,,,,,
Vector_CWB_FB_46714D,"2011-11-12 03:00:00",8.7,7.1,107,1010.5,26.4,27.1,0.96,5.2,292,8,,,,,,
Vector_CWB_FB_46714D,"2011-11-12 04:00:00",7,4.2,285,1012.3,26,27,1.18,4.5,270,6.9,,,,,,
Vector_CWB_FB_46714D,"2011-11-12 05:00:00",9.5,7.1,20,1013.2,24.1,27,1.06,4.5,135,8,,,,,,
Vector_CWB_FB_46714D,"2011-11-12 06:00:00",5.4,3.9,29,1014,23.8,27,1.1,4.3,270,4,,,,,,
Vector_CWB_FB_46714D,"2011-11-12 07:00:00",2.7,1.4,53,1014.4,24.3,26.9,0.84,4.3,236,8.7,,,,,,
Vector_CWB_FB_46714D,"2011-11-12 08:00:00",3.6,2.5,340,1014.6,25.5,27,0.73,4.4,225,7.4,,,,,,
Vector_CWB_FB_46714D,"2011-11-12 09:00:00",3.8,2.9,311,1015.1,26.2,27,0.64,4.3,292,6.1,,,,,,
Vector_CWB_FB_46714D,"2011-11-12 10:00:00",4.7,3.6,307,1015.3,25.3,27.3,0.61,5.1,225,8,,,,,,
Vector_CWB_FB_46714D,"2011-11-12 11:00:00",4.6,3.6,321,1015.1,25.4,27.2,0.77,4.9,247,6.9,,,,,,
Vector_CWB_FB_46714D,"2011-11-12 12:00:00",3.6,2.6,308,1014.5,26,27.2,0.85,5,247,6.9,,,,,,
Vector_CWB_FB_46714D,"2011-11-12 13:00:00",5.2,4.3,325,1014.1,25.5,27.2,0.72,5,247,7.4,,,,,,
Vector_CWB_FB_46714D,"2011-11-12 14:00:00",,,,1013.4,26.3,27.3,0.71,4.9,236,7.4,,,,,,
Vector_CWB_FB_46714D,"2011-11-12 15:00:00",2.5,1.6,233,1013.1,25.8,27.2,0.71,5,236,6.9,,,,,,
Vector_CWB_FB_46714D,"2011-11-12 16:00:00",4.7,3.5,295,1013.6,25.5,27.2,0.68,4.6,225,6.9,,,,,,
Vector_CWB_FB_46714D,"2011-11-12 17:00:00",2.4,1.4,16,1013.3,25.1,27.2,0.65,4.8,258,8,,,,,,
Vector_CWB_FB_46714D,"2011-11-12 18:00:00",6.4,4.7,194,1013.5,26.1,27.2,0.75,4.3,225,7.4,,,,,,
Vector_CWB_FB_46714D,"2011-11-12 19:00:00",6.5,3.3,82,1013.6,25.9,27.2,0.72,4.3,236,8.7,,,,,,
Vector_CWB_FB_46714D,"2011-11-12 20:00:00",5.9,4.6,243,1014.5,26.3,27.3,0.83,4.5,258,6.5,,,,,,
Vector_CWB_FB_46714D,"2011-11-12 21:00:00",9.2,7.4,344,1015,25.5,27.2,0.83,4.4,236,8.7,,,,,,
Vector_CWB_FB_46714D,"2011-11-12 22:00:00",5.7,4.5,35,1015.3,24.7,27.2,0.72,4.2,236,7.4,,,,,,
Vector_CWB_FB_46714D,"2011-11-12 23:00:00",3.4,2.6,58,1015.3,25.1,27.2,0.69,4.1,236,6.9,,,,,,
Vector_CWB_FB_46714D,"2011-11-13 00:00:00",2.8,1.7,35,1014.8,25.7,27.2,0.76,4.8,270,6.5,,,,,,
Vector_CWB_FB_46714D,"2011-11-13 01:00:00",,,,1014.6,25.6,27.1,0.76,4.8,281,5.2,,,,,,
Vector_CWB_FB_46714D,"2011-11-13 02:00:00",4.5,3.6,342,1014.3,24.9,27.1,0.7,4.8,258,5.4,,,,,,
Vector_CWB_FB_46714D,"2011-11-13 03:00:00",4.6,3.6,355,1013.8,24.9,27.1,0.68,4.6,281,6.5,,,,,,
Vector_CWB_FB_46714D,"2011-11-13 04:00:00",3.6,2.5,27,1014,24.5,27.1,0.65,4.8,270,5.2,,,,,,
Vector_CWB_FB_46714D,"2011-11-13 05:00:00",,,,1014.3,24.5,27.1,0.66,4.6,258,5.8,,,,,,
Vector_CWB_FB_46714D,"2011-11-13 06:00:00",3,2,17,1014.3,24.4,27,0.83,4.6,270,6.5,,,,,,
Vector_CWB_FB_46714D,"2011-11-13 07:00:00",,,,1015.4,24.5,27.1,0.9,4.8,270,6.1,,,,,,
Vector_CWB_FB_46714D,"2011-11-13 08:00:00",,,,1015.9,25.1,27.1,0.8,4.5,281,5.4,,,,,,
Vector_CWB_FB_46714D,"2011-11-13 09:00:00",2.8,2.3,237,1015.7,25.6,27.1,0.6,4.2,146,8,,,,,,
Vector_CWB_FB_46714D,"2011-11-13 10:00:00",3.3,2.6,302,1015.6,26,27.4,0.52,4.5,292,6.5,,,,,,
Vector_CWB_FB_46714D,"2011-11-13 11:00:00",5.3,4.3,309,1015.2,25.9,27.6,0.48,4.8,292,6.5,,,,,,
Vector_CWB_FB_46714D,"2011-11-13 12:00:00",5.8,4.5,314,1014.9,25.9,27.4,0.64,4.8,258,6.1,,,,,,
Vector_CWB_FB_46714D,"2011-11-13 13:00:00",6.9,5,332,1014,25.7,27.4,0.57,4.5,258,5.8,,,,,,
Vector_CWB_FB_46714D,"2011-11-13 14:00:00",3.6,2.6,332,1013.3,26.1,27.4,0.58,4.3,270,5.8,,,,,,
Vector_CWB_FB_46714D,"2011-11-13 15:00:00",4.4,3.3,308,1013.4,26.4,27.3,0.54,4.3,236,5.8,,,,,,
Vector_CWB_FB_46714D,"2011-11-13 16:00:00",7,5.5,325,1013.3,26.2,27.3,0.53,4.4,281,6.9,,,,,,
Vector_CWB_FB_46714D,"2011-11-13 17:00:00",6.8,4.8,332,1013.6,25.9,27.4,0.57,4.1,281,4,,,,,,
Vector_CWB_FB_46714D,"2011-11-13 18:00:00",6.4,5.2,342,1014,25.9,27.5,0.48,4.2,135,6.1,,,,,,
Vector_CWB_FB_46714D,"2011-11-13 19:00:00",3.5,2.5,353,1014.9,26.2,27.4,0.6,4.5,270,5.8,,,,,,
Vector_CWB_FB_46714D,"2011-11-13 20:00:00",2,1.5,35,1015.1,26.2,27.4,0.89,4.8,258,6.9,,,,,,
Vector_CWB_FB_46714D,"2011-11-13 21:00:00",4.1,3.1,347,1015.5,25.8,27.5,0.93,5.1,281,6.9,,,,,,
Vector_CWB_FB_46714D,"2011-11-13 22:00:00",4.4,3.5,341,1015.7,25.4,27.5,0.71,4.8,292,6.5,,,,,,
Vector_CWB_FB_46714D,"2011-11-13 23:00:00",5.4,4.1,334,1015.8,25.1,27.5,0.72,4.6,281,4.9,,,,,,
Vector_CWB_FB_46714D,"2011-11-14 00:00:00",4.2,3,356,1015.1,25,27.3,0.56,4.3,281,4.9,,,,,,
Vector_CWB_FB_46714D,"2011-11-14 01:00:00",2.4,1.9,356,1014.9,25.3,27.3,0.49,4.4,281,8,,,,,,
Vector_CWB_FB_46714D,"2011-11-14 02:00:00",2.2,1.3,360,1014.8,25.1,27.4,0.56,4.4,270,5.2,,,,,,
Vector_CWB_FB_46714D,"2011-11-14 03:00:00",2.1,1.4,41,1014.4,24.9,27.2,0.49,4.4,270,5.4,,,,,,
Vector_CWB_FB_46714D,"2011-11-14 04:00:00",2,1.3,1,1014.2,24.8,27.4,0.54,4.4,281,6.1,,,,,,
Vector_CWB_FB_46714D,"2011-11-14 05:00:00",3.5,2.5,317,1014.5,24.6,27.3,0.55,4.4,258,5.2,,,,,,
Vector_CWB_FB_46714D,"2011-11-14 06:00:00",2.7,1.9,354,1015.3,24.8,27.3,0.62,4.3,270,4.9,,,,,,
Vector_CWB_FB_46714D,"2011-11-14 07:00:00",3,2.2,319,1015.6,24.8,27,0.73,4.2,281,6.5,,,,,,
Vector_CWB_FB_46714D,"2011-11-14 08:00:00",3.3,2.3,312,1015.9,25.1,27,0.73,4.3,292,6.5,,,,,,
Vector_CWB_FB_46714D,"2011-11-14 09:00:00",3.4,2.4,340,1016.4,24.9,27.1,0.66,4.1,303,5.2,,,,,,
Vector_CWB_FB_46714D,"2011-11-14 10:00:00",3.2,2.6,298,1016.1,25.8,27.3,0.52,4.1,281,6.5,,,,,,
Vector_CWB_FB_46714D,"2011-11-14 11:00:00",2.9,2.3,313,1015.8,25.3,27.7,0.4,3.9,213,6.1,,,,,,
Vector_CWB_FB_46714D,"2011-11-14 12:00:00",4.8,4,311,1015.3,25.7,27.6,0.42,4.3,258,8.7,,,,,,
Vector_CWB_FB_46714D,"2011-11-14 13:00:00",5.3,4.1,299,1014.6,25.5,27.5,0.6,4.7,247,6.1,,,,,,
Vector_CWB_FB_46714D,"2011-11-14 14:00:00",4.8,4,303,1014,25.3,27.6,0.54,4.3,270,5.2,,,,,,
Vector_CWB_FB_46714D,"2011-11-14 15:00:00",4.8,3.9,303,1014,25.5,27.6,0.48,4.1,258,5.8,,,,,,
Vector_CWB_FB_46714D,"2011-11-14 16:00:00",3.8,3,301,1014.3,25.6,27.5,0.54,4,270,6.1,,,,,,
Vector_CWB_FB_46714D,"2011-11-14 17:00:00",2.9,2.1,283,1014.6,25.6,27.5,0.47,4,270,5.8,,,,,,
Vector_CWB_FB_46714D,"2011-11-14 18:00:00",3.5,2.4,267,1015.1,25.7,27.5,0.56,4.1,281,5.4,,,,,,
Vector_CWB_FB_46714D,"2011-11-14 19:00:00",3,2,259,1015.7,25.9,27.5,0.56,4.1,270,5.8,,,,,,
Vector_CWB_FB_46714D,"2011-11-14 20:00:00",4.2,2.9,260,1015.9,25.9,27.6,0.74,4.4,281,6.1,,,,,,
Vector_CWB_FB_46714D,"2011-11-14 21:00:00",4.9,3.3,277,1016.6,25.9,27.5,0.75,4.2,258,4,,,,,,
Vector_CWB_FB_46714D,"2011-11-14 22:00:00",4.8,3.4,282,1016.4,26,27.5,0.94,4.6,303,6.1,,,,,,
Vector_CWB_FB_46714D,"2011-11-14 23:00:00",4.4,3.5,300,1016.5,26,27.5,0.82,4.5,292,8,,,,,,
Vector_CWB_FB_46714D,"2011-11-15 00:00:00",5.6,3.9,330,1016.1,25.3,27.5,0.74,4.4,258,4.7,,,,,,
Vector_CWB_FB_46714D,"2011-11-15 01:00:00",4.4,3.5,335,1015.8,25.1,27.5,0.62,4.5,270,6.5,,,,,,
Vector_CWB_FB_46714D,"2011-11-15 02:00:00",3.6,2.9,340,1015.4,24.7,27.5,0.67,4.5,281,6.1,,,,,,
Vector_CWB_FB_46714D,"2011-11-15 03:00:00",1.7,1.2,345,1015.4,24.5,27.5,0.66,4.7,281,6.9,,,,,,
Vector_CWB_FB_46714D,"2011-11-15 04:00:00",,,,1015.1,24.5,27.4,0.73,4.5,270,6.5,,,,,,
Vector_CWB_FB_46714D,"2011-11-15 05:00:00",,,,1015.4,24.6,27.4,0.71,4.4,247,5.8,,,,,,
Vector_CWB_FB_46714D,"2011-11-15 06:00:00",2.4,1.8,359,1015.8,24.6,27.3,0.89,4.8,270,5.2,,,,,,
Vector_CWB_FB_46714D,"2011-11-15 07:00:00",3,2.4,7,1016.4,24.6,27.4,0.79,4.5,247,5.8,,,,,,
Vector_CWB_FB_46714D,"2011-11-15 08:00:00",4,2.5,357,1016.5,24.7,27.4,0.79,4.4,258,8,,,,,,
Vector_CWB_FB_46714D,"2011-11-15 09:00:00",4.9,3.2,38,1016.9,25,27.5,0.81,4.3,281,6.1,,,,,,
Vector_CWB_FB_46714D,"2011-11-15 10:00:00",3.3,2.1,339,1017.2,25.6,27.7,0.72,4.3,281,4.9,,,,,,
Vector_CWB_FB_46714D,"2011-11-15 11:00:00",3.3,2.4,296,1016.6,25.9,27.7,0.62,4.8,292,7.4,,,,,,
Vector_CWB_FB_46714D,"2011-11-15 12:00:00",5.6,4.7,317,1015.9,26,27.6,0.55,4.9,146,7.4,,,,,,
Vector_CWB_FB_46714D,"2011-11-15 13:00:00",6.3,5.3,323,1014.8,25.9,27.6,0.65,4.9,258,8,,,,,,
Vector_CWB_FB_46714D,"2011-11-15 14:00:00",6.7,5,335,1014.3,26.2,27.7,0.86,4.8,270,7.4,,,,,,
Vector_CWB_FB_46714D,"2011-11-15 15:00:00",5.9,4.7,334,1014.2,26.2,27.7,0.66,4.6,270,7.4,,,,,,
Vector_CWB_FB_46714D,"2011-11-15 16:00:00",5.2,4.2,321,1014.3,26.1,27.7,0.66,4.6,270,6.9,,,,,,
Vector_CWB_FB_46714D,"2011-11-15 17:00:00",4.2,3.3,325,1014.3,26.3,27.7,0.61,4.7,292,5.2,,,,,,
Vector_CWB_FB_46714D,"2011-11-15 18:00:00",3.1,2.5,307,1015.3,26.2,27.7,0.6,4.6,270,9.5,,,,,,
Vector_CWB_FB_46714D,"2011-11-15 19:00:00",2.6,1.9,303,1015.6,26.3,27.6,0.79,4.6,281,6.5,,,,,,
Vector_CWB_FB_46714D,"2011-11-15 20:00:00",3.7,2.9,265,1015.7,26.4,27.6,0.98,5.1,270,6.9,,,,,,
Vector_CWB_FB_46714D,"2011-11-15 21:00:00",6,4.8,322,1015.8,25.9,27.6,1.02,4.7,292,6.5,,,,,,
Vector_CWB_FB_46714D,"2011-11-15 22:00:00",5.8,4.5,342,1016.2,25.1,27.6,0.9,4.6,292,6.1,,,,,,
Vector_CWB_FB_46714D,"2011-11-15 23:00:00",3.3,2.5,321,1015.6,25.2,27.4,0.82,4.5,292,9.5,,,,,,
Vector_CWB_FB_46714D,"2011-11-16 00:00:00",6.7,5.1,335,1015.3,24.7,27.4,0.92,4.8,281,10.4,,,,,,
Vector_CWB_FB_46714D,"2011-11-16 01:00:00",3.8,2.8,328,1015.1,24.7,27.4,0.95,5.1,247,9.5,,,,,,
Vector_CWB_FB_46714D,"2011-11-16 02:00:00",8.3,6.8,342,1013.8,24.5,27.4,0.83,5.1,247,8.7,,,,,,
Vector_CWB_FB_46714D,"2011-11-16 03:00:00",8.2,6.4,336,1013.2,24.3,27.4,0.91,4.7,270,8,,,,,,
Vector_CWB_FB_46714D,"2011-11-16 04:00:00",5.7,4.3,353,1013.5,24.2,27.4,0.92,5,281,6.5,,,,,,
Vector_CWB_FB_46714D,"2011-11-16 05:00:00",3.4,2.5,61,1014.1,24.2,27.3,0.92,5.1,135,9.5,,,,,,
Vector_CWB_FB_46714D,"2011-11-16 06:00:00",2.4,1.4,99,1014.9,24.3,27.3,1.13,5.6,191,8.7,,,,,,
Vector_CWB_FB_46714D,"2011-11-16 07:00:00",2.1,1.4,236,1014.9,24.9,27.3,1.03,5.1,236,8,,,,,,
Vector_CWB_FB_46714D,"2011-11-16 08:00:00",3,2,312,1015.3,25.2,27.4,1.1,5.1,292,6.5,,,,,,
Vector_CWB_FB_46714D,"2011-11-16 09:00:00",2.7,1.5,328,1016.1,24.9,27.4,1.11,4.9,292,6.5,,,,,,
Vector_CWB_FB_46714D,"2011-11-16 10:00:00",2.6,1.8,284,1016,25,27.4,0.97,4.6,202,6.9,,,,,,
Vector_CWB_FB_46714D,"2011-11-16 11:00:00",3.3,1.9,285,1015.5,24.9,27.3,0.92,4.7,157,8.7,,,,,,
Vector_CWB_FB_46714D,"2011-11-16 12:00:00",4.6,3.3,341,1014.8,24.9,27.4,0.87,4.9,135,8,,,,,,
Vector_CWB_FB_46714D,"2011-11-16 13:00:00",4.9,3.9,341,1013.6,24.7,27.5,0.8,5.3,135,9.5,,,,,,
Vector_CWB_FB_46714D,"2011-11-16 14:00:00",2.6,1.5,344,1013.5,24.8,27.5,0.78,5.6,123,10.4,,,,,,
Vector_CWB_FB_46714D,"2011-11-16 15:00:00",,,,1013.1,24.7,27.4,1.03,5.8,247,7.4,,,,,,
Vector_CWB_FB_46714D,"2011-11-16 16:00:00",3.4,2.3,299,1013.1,24.8,27.4,0.96,5.5,135,9.5,,,,,,
Vector_CWB_FB_46714D,"2011-11-16 17:00:00",2.7,1.8,279,1013.5,24.8,27.5,0.85,5.1,123,9.5,,,,,,
Vector_CWB_FB_46714D,"2011-11-16 18:00:00",2.8,1.7,297,1013.6,24.9,27.4,0.81,4.8,270,6.1,,,,,,
Vector_CWB_FB_46714D,"2011-11-16 19:00:00",3.1,2.2,336,1013.8,25.1,27.5,0.82,4.7,303,8.7,,,,,,
Vector_CWB_FB_46714D,"2011-11-16 20:00:00",2.7,2,325,1014.3,25,27.5,0.97,5,292,6.9,,,,,,
Vector_CWB_FB_46714D,"2011-11-16 21:00:00",3.3,2.4,340,1014.5,25.1,27.3,0.9,5,326,8.7,,,,,,
Vector_CWB_FB_46714D,"2011-11-16 22:00:00",2,1.4,15,1014.6,25,27,0.91,5,180,9.5,,,,,,
Vector_CWB_FB_46714D,"2011-11-16 23:00:00",,,,1014.3,25,26.9,0.99,5,303,5.4,,,,,,
Vector_CWB_FB_46714D,"2011-11-17 00:00:00",2.2,1.5,202,1014.2,25.1,27,0.96,5,157,9.5,,,,,,
Vector_CWB_FB_46714D,"2011-11-17 01:00:00",8.1,5.9,120,1014.2,25.3,26.9,0.84,5.1,146,10.4,,,,,,
Vector_CWB_FB_46714D,"2011-11-17 02:00:00",9.8,7.8,142,1013.4,25,27.2,1.06,4.3,146,10.4,,,,,,
Vector_CWB_FB_46714D,"2011-11-17 03:00:00",7.3,6.1,133,1013.1,24.3,27.2,0.97,4.3,112,10.4,,,,,,
Vector_CWB_FB_46714D,"2011-11-17 04:00:00",6.3,4.5,60,1013,24.6,27.2,0.96,5.1,135,9.5,,,,,,
Vector_CWB_FB_46714D,"2011-11-17 05:00:00",4.8,3.1,46,1013.1,24.3,27.1,0.91,5.4,281,9.5,,,,,,
Vector_CWB_FB_46714D,"2011-11-17 06:00:00",2.8,1.7,28,1014,24.2,27,0.76,5.5,135,10.4,,,,,,
Vector_CWB_FB_46714D,"2011-11-17 07:00:00",4.2,3.1,35,1014.6,24,27,0.87,5.8,315,9.5,,,,,,
Vector_CWB_FB_46714D,"2011-11-17 08:00:00",7.7,6.5,57,1014.7,24.4,27.1,0.87,5,168,6.1,,,,,,
Vector_CWB_FB_46714D,"2011-11-17 09:00:00",5.8,4.9,51,1015,24.4,27.1,0.79,4.7,303,5.2,,,,,,
Vector_CWB_FB_46714D,"2011-11-17 10:00:00",5,3.6,35,1015,24.4,27,0.75,4.8,146,9.5,,,,,,
Vector_CWB_FB_46714D,"2011-11-17 11:00:00",5,3.9,38,1014.4,24.6,27.1,0.65,4.9,236,9.5,,,,,,
Vector_CWB_FB_46714D,"2011-11-17 12:00:00",4.4,3.3,18,1013,25.2,27.2,0.6,4.9,157,6.1,,,,,,
Vector_CWB_FB_46714D,"2011-11-17 13:00:00",6.1,4.7,17,1012,25.3,27.2,0.58,5.1,135,8,,,,,,
Vector_CWB_FB_46714D,"2011-11-17 14:00:00",6.3,4.9,58,1011.4,25.8,27.2,0.67,5.1,191,6.5,,,,,,
Vector_CWB_FB_46714D,"2011-11-17 15:00:00",4.1,3.1,75,1012,24.7,27.1,0.64,5.3,191,7.4,,,,,,
Vector_CWB_FB_46714D,"2011-11-17 16:00:00",4.2,3,24,1011,24.9,27.1,0.71,5.5,236,7.4,,,,,,
Vector_CWB_FB_46714D,"2011-11-17 17:00:00",4.6,3.1,41,1011.5,25.2,27.1,0.6,4.8,247,6.5,,,,,,
Vector_CWB_FB_46714D,"2011-11-17 18:00:00",2.2,1.1,88,1012.3,25,27.1,0.56,4.7,236,5.8,,,,,,
Vector_CWB_FB_46714D,"2011-11-17 19:00:00",8.3,6.8,106,1012.6,25.4,27.1,0.6,4.4,258,5.8,,,,,,
Vector_CWB_FB_46714D,"2011-11-17 20:00:00",6.9,5.6,113,1013.4,25.1,27.1,0.59,4,236,4.5,,,,,,
Vector_CWB_FB_46714D,"2011-11-17 21:00:00",9.3,7.6,104,1012.6,25.5,27.1,0.74,3.5,135,2.9,,,,,,
Vector_CWB_FB_46714D,"2011-11-17 22:00:00",5.3,3.4,85,1012.7,25.8,27.2,0.73,3.7,135,8,,,,,,
Vector_CWB_FB_46714D,"2011-11-17 23:00:00",8.9,6,109,1012.3,26.3,27.2,0.78,3.9,135,8.7,,,,,,
Vector_CWB_FB_46714D,"2011-11-18 00:00:00",4.4,2.5,45,1011.5,26,27.2,0.86,3.9,123,3.7,,,,,,
Vector_CWB_FB_46714D,"2011-11-18 01:00:00",5.7,4.2,61,1011.3,25.5,27.1,0.72,4.6,146,9.5,,,,,,
Vector_CWB_FB_46714D,"2011-11-18 02:00:00",4.4,3.3,57,1010.4,25.5,27.2,0.85,4.9,146,7.4,,,,,,
Vector_CWB_FB_46714D,"2011-11-18 03:00:00",3.6,2.7,75,1010.3,25.9,27.2,0.8,5,146,7.4,,,,,,
Vector_CWB_FB_46714D,"2011-11-18 04:00:00",5.2,3.3,80,1009.6,25.9,27.3,0.73,4.6,180,6.9,,,,,,
Vector_CWB_FB_46714D,"2011-11-18 05:00:00",3,2.3,45,1010.2,25.2,27.3,0.77,4.7,146,7.4,,,,,,
Vector_CWB_FB_46714D,"2011-11-18 06:00:00",9.2,7.2,145,1010.4,26.3,27.2,0.77,4.8,191,6.1,,,,,,
Vector_CWB_FB_46714D,"2011-11-18 07:00:00",10,8.3,141,1011.4,26.5,27.1,0.92,4.2,157,6.5,,,,,,
Vector_CWB_FB_46714D,"2011-11-18 08:00:00",8.9,7.4,140,1011.7,26.6,27,0.91,4.3,157,6.9,,,,,,
Vector_CWB_FB_46714D,"2011-11-18 09:00:00",9.6,7.9,138,1011.4,27.1,27.1,0.99,4.3,146,6.9,,,,,,
Vector_CWB_FB_46714D,"2011-11-18 10:00:00",8.6,7.2,142,1011.4,27.4,27.1,1.02,4.1,180,6.9,,,,,,
Vector_CWB_FB_46714D,"2011-11-18 11:00:00",8.4,6.6,136,1011,27.3,27.1,1.04,4.2,180,6.9,,,,,,
Vector_CWB_FB_46714D,"2011-11-18 12:00:00",9.3,7.7,151,1010.3,27.5,27.2,1.12,4,123,7.4,,,,,,
Vector_CWB_FB_46714D,"2011-11-18 13:00:00",9.5,7.2,146,1009.6,27.8,27.5,1.22,4.4,180,6.5,,,,,,
Vector_CWB_FB_46714D,"2011-11-18 14:00:00",9.5,7.7,132,1009.1,28,27.6,1.5,4.6,135,6.5,,,,,,
Vector_CWB_FB_46714D,"2011-11-18 15:00:00",8,6.6,153,1008.9,27.6,27.1,1.26,5,180,7.4,,,,,,
Vector_CWB_FB_46714D,"2011-11-18 16:00:00",7.8,6.5,155,1008.9,27.6,27.7,1.4,5.1,168,6.9,,,,,,
Vector_CWB_FB_46714D,"2011-11-18 17:00:00",7.4,5.9,155,1009.4,27.6,27.6,1.25,4.7,202,6.9,,,,,,
Vector_CWB_FB_46714D,"2011-11-18 18:00:00",7.7,6,153,1009.7,27.5,27.7,1.23,4.9,191,6.5,,,,,,
Vector_CWB_FB_46714D,"2011-11-18 19:00:00",7.4,5.6,150,1010.2,27.4,27.6,1.2,4.7,213,6.5,,,,,,
Vector_CWB_FB_46714D,"2011-11-18 20:00:00",7.6,6.5,149,1010.6,27.4,27.6,1.2,4.8,191,6.5,,,,,,
Vector_CWB_FB_46714D,"2011-11-18 21:00:00",7.5,6.1,153,1010.8,27.4,27.7,1.13,4.7,180,6.5,,,,,,
Vector_CWB_FB_46714D,"2011-11-18 22:00:00",7.5,6,149,1011,27.3,27.6,1.04,4.7,180,7.4,,,,,,
Vector_CWB_FB_46714D,"2011-11-18 23:00:00",4.8,4,151,1011.3,27.4,27.9,1.22,4.7,123,6.9,,,,,,
Vector_CWB_FB_46714D,"2011-11-19 00:00:00",5,4,171,1010.7,27.3,27.9,1.13,5,123,6.9,,,,,,
Vector_CWB_FB_46714D,"2011-11-19 01:00:00",5.1,4.2,165,1010.4,27.4,27.9,1.13,5.4,146,8.7,,,,,,
Vector_CWB_FB_46714D,"2011-11-19 02:00:00",3.6,2.7,153,1010.1,27.3,27.9,1.01,5.5,123,6.9,,,,,,
Vector_CWB_FB_46714D,"2011-11-19 03:00:00",3,2.3,172,1009.8,27.3,27.8,1,6,135,9.5,,,,,,
Vector_CWB_FB_46714D,"2011-11-19 04:00:00",2.4,1.7,178,1009.8,27.3,27.8,1.12,6.3,123,10.4,,,,,,
Vector_CWB_FB_46714D,"2011-11-19 05:00:00",2.5,2,204,1009.9,27.2,27.5,0.91,6.2,146,8,,,,,,
Vector_CWB_FB_46714D,"2011-11-19 06:00:00",2.5,2,250,1010.3,26.9,27.8,0.76,5.9,135,6.9,,,,,,
Vector_CWB_FB_46714D,"2011-11-19 07:00:00",2.4,1.9,234,1011,27.1,27.6,0.75,5.7,146,7.4,,,,,,
Vector_CWB_FB_46714D,"2011-11-19 08:00:00",2.8,2.1,243,1011.6,27.3,27.6,0.72,5.5,180,5.4,,,,,,
Vector_CWB_FB_46714D,"2011-11-19 09:00:00",2.2,1.8,229,1011.9,27.5,27.9,0.7,5.2,146,7.4,,,,,,
Vector_CWB_FB_46714D,"2011-11-19 10:00:00",3.2,2.7,224,1012.1,27.6,28.1,0.71,4.9,168,6.5,,,,,,
Vector_CWB_FB_46714D,"2011-11-19 11:00:00",4.4,3.6,226,1011.8,27.5,28.1,0.72,4.7,168,5.4,,,,,,
Vector_CWB_FB_46714D,"2011-11-19 12:00:00",4.4,3.6,243,1011,27.5,28.1,0.67,4.6,168,7.4,,,,,,
Vector_CWB_FB_46714D,"2011-11-19 13:00:00",4.3,3.4,233,1010.5,27.7,28.4,0.63,5,123,11.6,,,,,,
Vector_CWB_FB_46714D,"2011-11-19 14:00:00",3.7,2.9,260,1010,27.7,28.2,0.6,4.8,135,10.4,,,,,,
Vector_CWB_FB_46714D,"2011-11-19 15:00:00",3.3,2.7,266,1009.8,27.7,27.8,0.65,4.7,146,6.5,,,,,,
Vector_CWB_FB_46714D,"2011-11-19 16:00:00",3.8,3,298,1010.5,28.2,27.6,0.64,4.8,213,6.1,,,,,,
Vector_CWB_FB_46714D,"2011-11-19 17:00:00",3.8,3.1,295,1010.9,27.8,27.9,0.57,4.8,247,6.5,,,,,,
Vector_CWB_FB_46714D,"2011-11-19 18:00:00",3.9,3.3,293,1011.5,27.4,27.7,0.58,4.3,202,5.2,,,,,,
Vector_CWB_FB_46714D,"2011-11-19 19:00:00",4.2,3.2,305,1012.3,27.4,27.7,0.56,4.4,236,5.2,,,,,,
Vector_CWB_FB_46714D,"2011-11-19 20:00:00",5.6,4.5,312,1012.6,26,27.6,0.6,4.1,236,5.8,,,,,,
Vector_CWB_FB_46714D,"2011-11-19 21:00:00",5.8,4.5,322,1013.3,26,27.6,0.6,3.8,236,5.2,,,,,,
Vector_CWB_FB_46714D,"2011-11-19 22:00:00",5.6,4.5,319,1013.6,26.1,27.9,0.66,3.7,191,5.4,,,,,,
Vector_CWB_FB_46714D,"2011-11-19 23:00:00",4.1,3.2,328,1013.7,26,27.9,0.7,3.7,101,3,,,,,,
Vector_CWB_FB_46714D,"2011-11-20 00:00:00",2.7,1.2,351,1013.7,26.2,27.9,0.67,4,247,6.5,,,,,,
Vector_CWB_FB_46714D,"2011-11-20 01:00:00",2.5,1.5,101,1013.5,26.2,27.8,0.57,4.3,157,7.4,,,,,,
Vector_CWB_FB_46714D,"2011-11-20 02:00:00",2.4,1.6,262,1013.2,26.1,27.9,0.76,4.4,123,5.2,,,,,,
Vector_CWB_FB_46714D,"2011-11-20 03:00:00",7.1,5.2,346,1013.3,25.6,27.9,0.89,4.9,146,7.4,,,,,,
Vector_CWB_FB_46714D,"2011-11-20 04:00:00",8.5,6.2,344,1013.8,24.2,27.8,0.78,4.7,135,8,,,,,,
Vector_CWB_FB_46714D,"2011-11-20 05:00:00",7.7,6.2,341,1014.3,24.1,27.8,0.81,5,135,10.4,,,,,,
Vector_CWB_FB_46714D,"2011-11-20 06:00:00",5.2,3,5,1015.1,24,27.7,1.02,4.6,281,7.4,,,,,,
Vector_CWB_FB_46714D,"2011-11-20 07:00:00",,,,1016.2,24.3,27.8,0.76,4.6,270,10.4,,,,,,
Vector_CWB_FB_46714D,"2011-11-20 08:00:00",4.6,2.9,236,1016.8,24.8,27.7,0.71,4.5,270,5.8,,,,,,
Vector_CWB_FB_46714D,"2011-11-20 09:00:00",4.1,3,263,1017.5,24.8,27.7,0.76,4.7,270,5.8,,,,,,
Vector_CWB_FB_46714D,"2011-11-20 10:00:00",4.7,3.7,302,1017.8,24.6,27.7,0.81,4.8,281,10.4,,,,,,
Vector_CWB_FB_46714D,"2011-11-20 11:00:00",3.5,2.5,281,1017.9,24.8,27.8,0.82,4.5,292,8.7,,,,,,
Vector_CWB_FB_46714D,"2011-11-20 12:00:00",3.9,2.8,275,1017.2,24.7,27.8,0.86,4.6,123,10.4,,,,,,
Vector_CWB_FB_46714D,"2011-11-20 13:00:00",5.1,3.6,270,1016.5,24.7,27.8,0.65,4.2,281,6.1,,,,,,
Vector_CWB_FB_46714D,"2011-11-20 14:00:00",5.5,4.3,256,1016.3,24.8,27.9,0.66,4.6,270,10.4,,,,,,
Vector_CWB_FB_46714D,"2011-11-20 15:00:00",6,4.7,257,1016.3,24.8,27.8,0.68,4.2,123,4.5,,,,,,
Vector_CWB_FB_46714D,"2011-11-20 16:00:00",5.5,4.3,247,1016.7,25,27.4,0.77,4.4,101,4.9,,,,,,
Vector_CWB_FB_46714D,"2011-11-20 17:00:00",5.4,4,243,1017.3,25,27.6,0.8,4.4,247,9.5,,,,,,
Vector_CWB_FB_46714D,"2011-11-20 18:00:00",5.5,3.7,251,1017.8,25,27.6,0.93,4.7,258,4.9,,,,,,
Vector_CWB_FB_46714D,"2011-11-20 19:00:00",4.3,3,264,1018.4,25.4,27.7,0.89,4.6,270,5.2,,,,,,
Vector_CWB_FB_46714D,"2011-11-20 20:00:00",4.5,3.2,236,1019.1,25.5,27.4,0.7,4.1,270,5.2,,,,,,
Vector_CWB_FB_46714D,"2011-11-20 21:00:00",5,2.3,244,1019.5,25.2,27.4,0.81,4.2,292,4.9,,,,,,
Vector_CWB_FB_46714D,"2011-11-20 22:00:00",6,1.6,338,1019.6,24.9,27.4,0.67,4,292,5.2,,,,,,
Vector_CWB_FB_46714D,"2011-11-20 23:00:00",4.7,3.8,299,1019.7,24.1,27.6,0.78,4.3,270,4.5,,,,,,
Vector_CWB_FB_46714D,"2011-11-21 00:00:00",4.3,3.3,303,1019.5,23.6,27.6,0.89,4.3,292,10.4,,,,,,
Vector_CWB_FB_46714D,"2011-11-21 01:00:00",3.5,2,314,1019.3,23.4,27.5,0.94,4.4,270,5.8,,,,,,
Vector_CWB_FB_46714D,"2011-11-21 02:00:00",3.2,1.3,116,1019.1,23.8,27.5,1.08,4.6,270,4.7,,,,,,
Vector_CWB_FB_46714D,"2011-11-21 03:00:00",3.1,1.2,75,1019.3,24.3,27.4,1.01,4.6,247,8.7,,,,,,
Vector_CWB_FB_46714D,"2011-11-21 04:00:00",6.4,4.5,76,1019.4,24.6,27.4,1.01,4.6,146,11.6,,,,,,
Vector_CWB_FB_46714D,"2011-11-21 05:00:00",2.9,1.9,35,1019.7,24.5,27.5,0.88,4.6,180,11.6,,,,,,
Vector_CWB_FB_46714D,"2011-11-21 06:00:00",2.1,1.1,32,1019.8,24.1,27.6,0.86,4.8,123,8.7,,,,,,
Vector_CWB_FB_46714D,"2011-11-21 07:00:00",2.8,2,35,1020.4,24.6,27.5,0.88,5.3,168,11.6,,,,,,
Vector_CWB_FB_46714D,"2011-11-21 08:00:00",6.3,4.3,65,1021.1,24.9,27.4,1.16,6,281,8,,,,,,
Vector_CWB_FB_46714D,"2011-11-21 09:00:00",6.4,5,55,1021.1,25.3,27.4,0.86,4.5,270,5.8,,,,,,
Vector_CWB_FB_46714D,"2011-11-21 10:00:00",3.4,2,77,1020.7,25.7,27.3,0.76,4.6,123,11.6,,,,,,
Vector_CWB_FB_46714D,"2011-11-21 11:00:00",,,,1020.1,26.8,27.5,0.77,4.4,258,7.4,,,,,,
Vector_CWB_FB_46714D,"2011-11-21 12:00:00",4.2,3.1,249,1019.2,26.2,27.5,0.85,4.4,281,7.4,,,,,,
Vector_CWB_FB_46714D,"2011-11-21 13:00:00",4.8,3.7,287,1018.2,25.8,27.4,0.94,4.5,258,4.9,,,,,,
Vector_CWB_FB_46714D,"2011-11-21 14:00:00",5.9,4.7,308,1017.4,24.8,27.5,0.9,4.3,281,6.1,,,,,,
Vector_CWB_FB_46714D,"2011-11-21 15:00:00",4.7,3.6,303,1017.2,24.7,27.5,0.92,4.1,101,4.3,,,,,,
Vector_CWB_FB_46714D,"2011-11-21 16:00:00",4.7,3.7,304,1017.1,24.5,27.4,0.79,4.1,247,5.4,,,,,,
Vector_CWB_FB_46714D,"2011-11-21 17:00:00",4.4,3.1,301,1018,24.3,27.3,0.81,4.2,258,10.4,,,,,,
Vector_CWB_FB_46714D,"2011-11-21 18:00:00",2.6,1.5,316,1018.6,24.4,27.4,0.82,4.7,247,8.7,,,,,,
Vector_CWB_FB_46714D,"2011-11-21 19:00:00",,,,1019.3,24.6,27.4,0.81,5.1,112,8.7,,,,,,
Vector_CWB_FB_46714D,"2011-11-21 20:00:00",4.2,3.2,96,1019.7,24.8,27.4,0.82,5,247,7.4,,,,,,
Vector_CWB_FB_46714D,"2011-11-21 21:00:00",5.6,4.5,94,1019.7,25.3,27.4,0.88,4.8,123,11.6,,,,,,
Vector_CWB_FB_46714D,"2011-11-21 22:00:00",5.9,4.6,83,1019.6,25.3,27.5,0.82,4.7,281,6.1,,,,,,
Vector_CWB_FB_46714D,"2011-11-21 23:00:00",6.9,5.3,67,1019.4,25.3,27.4,0.78,4.4,292,5.8,,,,,,
Vector_CWB_FB_46714D,"2011-11-22 00:00:00",3.8,2.9,40,1019.1,24.6,27.3,0.89,4.6,258,11.6,,,,,,
Vector_CWB_FB_46714D,"2011-11-22 01:00:00",3.7,3,27,1018.8,23.8,27.3,1.01,4.7,270,9.5,,,,,,
Vector_CWB_FB_46714D,"2011-11-22 02:00:00",3,2.2,13,1018.5,24,27.3,0.96,4.5,258,5.4,,,,,,
Vector_CWB_FB_46714D,"2011-11-22 03:00:00",3.4,2.6,28,1018.2,24,27.2,1.02,4.5,281,6.5,,,,,,
Vector_CWB_FB_46714D,"2011-11-22 04:00:00",1.5,1.1,12,1018.2,24.1,27.2,1,4.4,270,5.8,,,,,,
Vector_CWB_FB_46714D,"2011-11-22 05:00:00",3.5,2.4,336,1018.1,24.3,27.4,0.82,4.3,281,10.4,,,,,,
Vector_CWB_FB_46714D,"2011-11-22 06:00:00",4.9,4,19,1018.9,23.9,27.3,0.72,4.5,292,6.9,,,,,,
Vector_CWB_FB_46714D,"2011-11-22 07:00:00",4.2,3.3,42,1019.5,23.3,27.3,0.66,4.5,123,6.1,,,,,,
Vector_CWB_FB_46714D,"2011-11-22 08:00:00",3.6,2.7,36,1019.8,23.8,27.2,0.62,5.1,146,8,,,,,,
Vector_CWB_FB_46714D,"2011-11-22 09:00:00",3.6,2.8,39,1020.4,24.1,27.4,0.75,5.2,270,6.9,,,,,,
Vector_CWB_FB_46714D,"2011-11-22 10:00:00",4.7,3.4,39,1020.3,24.5,27.3,0.7,4.7,135,10.4,,,,,,
Vector_CWB_FB_46714D,"2011-11-22 11:00:00",3.6,1.9,358,1019.8,24.4,27.3,0.66,4.4,292,6.5,,,,,,
Vector_CWB_FB_46714D,"2011-11-22 12:00:00",3.9,2.3,340,1019.4,24.7,27.3,0.61,4.4,258,6.9,,,,,,
Vector_CWB_FB_46714D,"2011-11-22 13:00:00",4.4,2.8,314,1018.3,24.9,27.3,0.76,4.6,270,8.7,,,,,,
Vector_CWB_FB_46714D,"2011-11-22 14:00:00",5.2,3.6,329,1017.6,24.8,27.4,0.83,4.4,281,6.9,,,,,,
Vector_CWB_FB_46714D,"2011-11-22 15:00:00",5.7,3.9,331,1017,25.2,27.4,0.89,4.4,270,5.2,,,,,,
Vector_CWB_FB_46714D,"2011-11-22 16:00:00",5.8,4.3,326,1016.9,25.3,27.4,0.83,4.9,303,10.4,,,,,,
Vector_CWB_FB_46714D,"2011-11-22 17:00:00",4.4,2.8,337,1017.5,25.3,27.4,0.83,4.7,292,7.4,,,,,,
Vector_CWB_FB_46714D,"2011-11-22 18:00:00",,,,1018,25.2,27.4,0.8,4.7,292,6.1,,,,,,
Vector_CWB_FB_46714D,"2011-11-22 19:00:00",,,,1018.5,25.1,27.4,0.77,5,101,6.5,,,,,,
Vector_CWB_FB_46714D,"2011-11-22 20:00:00",2.6,1.9,352,1018.7,24.8,27.4,0.59,4.8,112,6.5,,,,,,
Vector_CWB_FB_46714D,"2011-11-22 21:00:00",2.7,1.9,358,1019,25.1,27.4,0.81,5.6,123,10.4,,,,,,
Vector_CWB_FB_46714D,"2011-11-22 22:00:00",3.2,2.6,14,1018.8,24.7,27.3,0.76,5,135,6.1,,,,,,
Vector_CWB_FB_46714D,"2011-11-22 23:00:00",4.4,3.5,21,1018.1,24.6,27.3,0.75,4.9,168,7.4,,,,,,
Vector_CWB_FB_46714D,"2011-11-23 00:00:00",4.5,3.4,21,1018.2,24.2,27.2,0.69,4.6,281,4.9,,,,,,
Vector_CWB_FB_46714D,"2011-11-23 01:00:00",3.2,2.4,29,1018,23.9,27.3,0.8,4.7,292,4.9,,,,,,
Vector_CWB_FB_46714D,"2011-11-23 02:00:00",4.9,3.9,11,1017.3,23.3,27.3,0.83,4.6,281,5.8,,,,,,
Vector_CWB_FB_46714D,"2011-11-23 03:00:00",4.4,3.5,13,1017.1,23.3,27.3,0.83,4.8,135,9.5,,,,,,
Vector_CWB_FB_46714D,"2011-11-23 04:00:00",3.6,2.7,26,1017,23.1,27.3,0.87,4.5,281,8,,,,,,
Vector_CWB_FB_46714D,"2011-11-23 05:00:00",3.2,2.5,5,1017.3,23,27.3,0.85,4.8,281,6.1,,,,,,
Vector_CWB_FB_46714D,"2011-11-23 06:00:00",3.2,2.6,358,1017.6,23.2,27.3,0.66,5,135,7.4,,,,,,
Vector_CWB_FB_46714D,"2011-11-23 07:00:00",4.5,3.4,15,1018,23.4,27.3,0.61,5.5,112,8.7,,,,,,
Vector_CWB_FB_46714D,"2011-11-23 08:00:00",5.2,3.6,11,1019.1,23.7,27.3,0.55,5.3,135,6.9,,,,,,
Vector_CWB_FB_46714D,"2011-11-23 09:00:00",4,2.9,3,1019.3,23.6,27.1,0.66,5.3,225,6.9,,,,,,
Vector_CWB_FB_46714D,"2011-11-23 10:00:00",4.2,2.7,346,1019.1,24.1,27.2,0.67,4.8,213,6.5,,,,,,
Vector_CWB_FB_46714D,"2011-11-23 11:00:00",2.5,1.4,353,1018.4,24.9,27.3,0.67,4.9,213,6.5,,,,,,
Vector_CWB_FB_46714D,"2011-11-23 12:00:00",2.4,1.1,306,1017.5,26.1,27.5,0.58,4.8,236,7.4,,,,,,
Vector_CWB_FB_46714D,"2011-11-23 13:00:00",4.1,3.1,304,1016.7,25.1,27.5,0.77,4.9,292,6.1,,,,,,
Vector_CWB_FB_46714D,"2011-11-23 14:00:00",3.8,2,325,1016.4,25,27.4,0.8,4.6,292,6.5,,,,,,
Vector_CWB_FB_46714D,"2011-11-23 15:00:00",4.3,2.5,329,1016,25.7,27.3,0.64,4.5,292,6.1,,,,,,
Vector_CWB_FB_46714D,"2011-11-23 16:00:00",4.5,3.4,313,1016.1,25.4,27.2,0.65,4.3,281,6.5,,,,,,
Vector_CWB_FB_46714D,"2011-11-23 17:00:00",3.8,2.4,343,1016.6,25.4,27.3,0.77,4.6,281,6.5,,,,,,
Vector_CWB_FB_46714D,"2011-11-23 18:00:00",2.9,2.2,310,1017.4,25.5,27.3,0.71,4.2,292,7.4,,,,,,
Vector_CWB_FB_46714D,"2011-11-23 19:00:00",,,,1018.2,25.4,27.3,0.74,4.7,270,8.7,,,,,,
Vector_CWB_FB_46714D,"2011-11-23 20:00:00",4.6,2.7,269,1018.5,25.4,27.2,0.78,5.2,281,8,,,,,,
Vector_CWB_FB_46714D,"2011-11-23 21:00:00",5.8,4.6,332,1019.2,24.8,27.2,1.13,5.2,281,7.4,,,,,,
Vector_CWB_FB_46714D,"2011-11-23 22:00:00",6.2,4.9,334,1019.1,23.9,27.2,0.99,4.9,247,6.1,,,,,,
Vector_CWB_FB_46714D,"2011-11-23 23:00:00",4.7,3.8,340,1018.6,23.7,27.2,0.65,4.8,258,9.5,,,,,,
Vector_CWB_FB_46714D,"2011-11-24 00:00:00",,,,1018,23.2,27.2,0.98,5.5,270,8,,,,,,
Vector_CWB_FB_46714D,"2011-11-24 01:00:00",2.7,1.5,311,1017.8,23.4,27.2,1.17,5.7,258,8,,,,,,
Vector_CWB_FB_46714D,"2011-11-24 02:00:00",5.1,3.9,294,1017.3,23.6,27.1,1.1,5.2,270,8,,,,,,
Vector_CWB_FB_46714D,"2011-11-24 03:00:00",5.9,4.2,352,1017.4,22.9,27.2,1.16,5.1,292,9.5,,,,,,
Vector_CWB_FB_46714D,"2011-11-24 04:00:00",3,2.2,35,1017.1,22.7,27.1,1.17,5.1,281,6.9,,,,,,
Vector_CWB_FB_46714D,"2011-11-24 05:00:00",,,,1017.6,23,27.1,1,4.8,281,8,,,,,,
Vector_CWB_FB_46714D,"2011-11-24 06:00:00",2.1,1.5,48,1018.2,23.2,27.1,0.88,4.5,292,7.4,,,,,,
Vector_CWB_FB_46714D,"2011-11-24 07:00:00",3.1,2.6,18,1019,23.3,27.2,0.82,4.6,281,8.7,,,,,,
Vector_CWB_FB_46714D,"2011-11-24 08:00:00",2.8,1.8,61,1019.6,23.7,27,0.7,4.9,270,10.4,,,,,,
Vector_CWB_FB_46714D,"2011-11-24 09:00:00",,,,1019.5,25,27.1,0.77,5.6,135,9.5,,,,,,
Vector_CWB_FB_46714D,"2011-11-24 10:00:00",3.5,2.3,283,1019.5,24.8,27.2,0.91,5.5,281,8.7,,,,,,
Vector_CWB_FB_46714D,"2011-11-24 11:00:00",5.7,4.3,312,1019.3,24.3,27.2,1.15,5.8,281,8.7,,,,,,
Vector_CWB_FB_46714D,"2011-11-24 12:00:00",5.4,4.2,311,1018.5,24,27.2,0.94,5.3,292,10.4,,,,,,
Vector_CWB_FB_46714D,"2011-11-24 13:00:00",5.2,3.9,296,1017.9,24,27,0.97,5.3,281,7.4,,,,,,
Vector_CWB_FB_46714D,"2011-11-24 14:00:00",5.5,4.2,294,1016.9,24.1,27.3,1.21,5.2,258,9.5,,,,,,
Vector_CWB_FB_46714D,"2011-11-24 15:00:00",4.8,3.4,288,1016.5,24.4,27.3,0.91,4.7,303,8.7,,,,,,
Vector_CWB_FB_46714D,"2011-11-24 16:00:00",4.7,3,258,1016.8,24.3,27.2,1.06,4.5,281,4.9,,,,,,
Vector_CWB_FB_46714D,"2011-11-24 17:00:00",5,3.4,293,1017.3,24.4,27,1.11,4.8,292,6.5,,,,,,
Vector_CWB_FB_46714D,"2011-11-24 18:00:00",3.3,2.2,339,1017.8,24.3,27.1,1.01,4.4,292,7.4,,,,,,
Vector_CWB_FB_46714D,"2011-11-24 19:00:00",5.5,2.4,11,1018.3,24.2,27.1,0.89,4.5,281,7.4,,,,,,
Vector_CWB_FB_46714D,"2011-11-24 20:00:00",7.8,5.9,59,1018.8,25,27.1,0.87,4.4,281,6.9,,,,,,
Vector_CWB_FB_46714D,"2011-11-24 21:00:00",2.8,1.7,340,1019.2,24.2,27,0.73,4.5,236,7.4,,,,,,
Vector_CWB_FB_46714D,"2011-11-24 22:00:00",3.2,2.1,306,1019.4,24.6,27.1,0.72,5,281,7.4,,,,,,
Vector_CWB_FB_46714D,"2011-11-24 23:00:00",7.4,5.8,90,1019.3,24.3,27,1.01,5.1,270,8.7,,,,,,
Vector_CWB_FB_46714D,"2011-11-25 00:00:00",6.8,5.1,70,1019.2,24.1,27,0.87,4.7,258,9.5,,,,,,
Vector_CWB_FB_46714D,"2011-11-25 01:00:00",3.2,2.4,24,1018.7,23.5,27,0.91,5,202,9.5,,,,,,
Vector_CWB_FB_46714D,"2011-11-25 02:00:00",4.3,3.3,19,1018.5,23.3,26.9,0.89,5,270,9.5,,,,,,
Vector_CWB_FB_46714D,"2011-11-25 03:00:00",3.3,2.5,6,1018.7,23.2,26.9,0.89,4.7,135,10.4,,,,,,
Vector_CWB_FB_46714D,"2011-11-25 04:00:00",3.7,2.6,15,1018.4,23.1,26.9,1.11,5,281,6.5,,,,,,
Vector_CWB_FB_46714D,"2011-11-25 05:00:00",3.3,2.5,20,1018.3,23,26.8,1.01,4.8,270,10.4,,,,,,
Vector_CWB_FB_46714D,"2011-11-25 06:00:00",3,2.3,10,1018.6,23,26.9,0.93,5.1,101,10.4,,,,,,
Vector_CWB_FB_46714D,"2011-11-25 07:00:00",3.4,2.6,33,1019,22.9,26.9,0.76,5.1,236,9.5,,,,,,
Vector_CWB_FB_46714D,"2011-11-25 08:00:00",4,2.9,32,1019.5,22.8,26.9,0.63,4.6,123,8.7,,,,,,
Vector_CWB_FB_46714D,"2011-11-25 09:00:00",3.9,3,15,1019.9,23.8,26.9,0.69,5.4,135,9.5,,,,,,
Vector_CWB_FB_46714D,"2011-11-25 10:00:00",4.2,2.7,9,1019.9,24,26.9,0.67,5.3,168,8.7,,,,,,
Vector_CWB_FB_46714D,"2011-11-25 11:00:00",3.8,2.3,326,1019.7,24.3,26.9,0.69,5.5,236,6.9,,,,,,
Vector_CWB_FB_46714D,"2011-11-25 12:00:00",3.3,2.4,304,1018.7,24.8,27,0.69,5.2,270,6.9,,,,,,
Vector_CWB_FB_46714D,"2011-11-25 13:00:00",4.1,2.8,298,1018.1,24.6,26.9,0.65,4.4,270,4.9,,,,,,
Vector_CWB_FB_46714D,"2011-11-25 14:00:00",4,3,287,1017.1,24.6,27,0.61,4.1,281,3.7,,,,,,
Vector_CWB_FB_46714D,"2011-11-25 15:00:00",4,2.8,276,1016.7,24.6,26.9,0.64,4.1,90,8,,,,,,
Vector_CWB_FB_46714D,"2011-11-25 16:00:00",3.7,2.8,294,1016.5,24.5,27,0.65,4.1,258,8,,,,,,
Vector_CWB_FB_46714D,"2011-11-25 17:00:00",4.8,3.2,305,1017.2,24.1,26.9,0.62,4.4,112,8.7,,,,,,
Vector_CWB_FB_46714D,"2011-11-25 18:00:00",3.7,2.9,321,1017.7,23.9,26.8,0.64,4.6,146,9.5,,,,,,
Vector_CWB_FB_46714D,"2011-11-25 19:00:00",3.7,2.9,304,1018.3,24,26.8,0.74,4.5,281,6.9,,,,,,
Vector_CWB_FB_46714D,"2011-11-25 20:00:00",4.2,3,306,1018.7,24.1,26.7,0.72,4.3,281,4.3,,,,,,
Vector_CWB_FB_46714D,"2011-11-25 21:00:00",2,1.2,293,1018.5,24,26.7,0.65,4,101,10.4,,,,,,
Vector_CWB_FB_46714D,"2011-11-25 22:00:00",2.4,1.3,264,1018.2,24,26.7,0.64,5,270,6.9,,,,,,
Vector_CWB_FB_46714D,"2011-11-25 23:00:00",3.7,2.7,281,1018,24.3,26.7,0.83,4.9,258,8,,,,,,
Vector_CWB_FB_46714D,"2011-11-26 00:00:00",4.4,3.3,304,1018.2,24.3,26.7,0.8,4.4,146,4,,,,,,
Vector_CWB_FB_46714D,"2011-11-26 01:00:00",2.9,1.6,19,1018.1,24.2,26.7,0.79,4.6,213,4.7,,,,,,
Vector_CWB_FB_46714D,"2011-11-26 02:00:00",3.8,2.8,28,1017.7,24,26.7,0.77,4.6,236,8.7,,,,,,
Vector_CWB_FB_46714D,"2011-11-26 03:00:00",3.9,3.1,22,1017.2,23.1,26.7,0.67,4.3,281,9.5,,,,,,
Vector_CWB_FB_46714D,"2011-11-26 04:00:00",3.6,2.8,39,1017.2,23,26.7,0.69,4.4,270,8,,,,,,
Vector_CWB_FB_46714D,"2011-11-26 05:00:00",3.3,2.3,31,1017,23.2,26.7,0.79,4.6,258,8.7,,,,,,
Vector_CWB_FB_46714D,"2011-11-26 06:00:00",3.6,2.6,36,1017.4,23.1,26.6,0.63,4.3,270,5.2,,,,,,
Vector_CWB_FB_46714D,"2011-11-26 07:00:00",3.3,2.7,31,1017.6,23.1,26.6,0.71,4.7,123,8.7,,,,,,
Vector_CWB_FB_46714D,"2011-11-26 08:00:00",2.7,2.1,36,1017.9,23.1,26.6,0.59,4.7,123,8,,,,,,
Vector_CWB_FB_46714D,"2011-11-26 09:00:00",3.5,3,20,1018.8,23.2,26.6,0.66,5.2,168,8.7,,,,,,
Vector_CWB_FB_46714D,"2011-11-26 10:00:00",4.9,4,59,1018.7,24,26.6,0.64,5.4,270,8.7,,,,,,
Vector_CWB_FB_46714D,"2011-11-26 11:00:00",3.2,1.9,27,1018.5,24.1,26.6,0.73,5.5,258,10.4,,,,,,
Vector_CWB_FB_46714D,"2011-11-26 12:00:00",3.5,2.6,351,1017.9,23.8,26.6,0.69,5,247,6.9,,,,,,
Vector_CWB_FB_46714D,"2011-11-26 13:00:00",4.2,2.8,3,1017,24,26.6,0.78,5.2,258,10.4,,,,,,
Vector_CWB_FB_46714D,"2011-11-26 14:00:00",4.1,3.1,29,1016.4,24,26.5,0.73,4.7,225,6.1,,,,,,
Vector_CWB_FB_46714D,"2011-11-26 15:00:00",4.2,2.7,18,1016.1,24.1,26.4,0.7,4.5,281,6.1,,,,,,
Vector_CWB_FB_46714D,"2011-11-26 16:00:00",3.5,2.5,352,1016,24.1,26.2,0.77,4.5,236,8,,,,,,
Vector_CWB_FB_46714D,"2011-11-26 17:00:00",2,1.2,23,1016,24.1,26.2,0.72,4.5,270,8,,,,,,
Vector_CWB_FB_46714D,"2011-11-26 18:00:00",2.6,1.3,29,1016.8,24.1,26.7,0.54,4.8,123,6.5,,,,,,
Vector_CWB_FB_46714D,"2011-11-26 19:00:00",3.6,2.7,22,1017.5,24,26.6,0.55,4.8,258,6.9,,,,,,
Vector_CWB_FB_46714D,"2011-11-26 20:00:00",2.7,2.1,28,1018.1,23.9,26.4,0.59,4.9,90,7.4,,,,,,
Vector_CWB_FB_46714D,"2011-11-26 21:00:00",3.6,2.9,32,1017.8,23.3,26.7,0.59,5,281,8.7,,,,,,
Vector_CWB_FB_46714D,"2011-11-26 22:00:00",3.6,2.8,33,1017.5,22.7,26.7,0.54,4.7,135,8,,,,,,
Vector_CWB_FB_46714D,"2011-11-26 23:00:00",3,2,43,1017.1,22.3,26.5,0.63,5.7,258,8,,,,,,
Vector_CWB_FB_46714D,"2011-11-27 00:00:00",4.2,2.9,30,1016.6,22.3,26.3,0.6,5,270,6.5,,,,,,
Vector_CWB_FB_46714D,"2011-11-27 01:00:00",2.4,1.8,15,1016.3,22,26.3,0.58,5,236,6.5,,,,,,
Vector_CWB_FB_46714D,"2011-11-27 02:00:00",5.8,4.9,26,1015.2,22.2,26.2,0.59,4.7,247,6.5,,,,,,
Vector_CWB_FB_46714D,"2011-11-27 03:00:00",3.5,2.6,38,1015.2,21.7,26,0.58,4.6,225,6.1,,,,,,
Vector_CWB_FB_46714D,"2011-11-27 04:00:00",4.7,3.8,37,1014.8,22.1,26,0.51,4.5,191,6.5,,,,,,
Vector_CWB_FB_46714D,"2011-11-27 05:00:00",5.7,4.6,51,1014.6,22.9,26.1,0.49,4.3,168,6.1,,,,,,
Vector_CWB_FB_46714D,"2011-11-27 06:00:00",3.6,2.6,35,1015,22.2,26.4,0.38,4,326,6.1,,,,,,
Vector_CWB_FB_46714D,"2011-11-27 07:00:00",2.2,1.2,61,1015.9,22.2,26.2,0.43,4.9,213,5.2,,,,,,
Vector_CWB_FB_46714D,"2011-11-27 08:00:00",2.2,1.5,51,1016.8,22.6,26.2,0.53,5.3,157,9.5,,,,,,
Vector_CWB_FB_46714D,"2011-11-27 09:00:00",3.5,2.6,38,1016.4,23.1,26.2,0.47,5.1,101,9.5,,,,,,
Vector_CWB_FB_46714D,"2011-11-27 10:00:00",2.3,1.6,10,1016.3,23,26.1,0.53,5.5,123,8.7,,,,,,
Vector_CWB_FB_46714D,"2011-11-27 11:00:00",,,,1015.4,23.3,26.2,0.55,5.6,180,8.7,,,,,,
Vector_CWB_FB_46714D,"2011-11-27 12:00:00",3.6,2.2,348,1015.1,23.6,26.1,0.57,6.1,236,8.7,,,,,,
Vector_CWB_FB_46714D,"2011-11-27 13:00:00",3.3,2.3,22,1013.8,23.8,26.1,0.49,5.5,213,11.6,,,,,,
Vector_CWB_FB_46714D,"2011-11-27 14:00:00",3.1,2.3,318,1013.7,23.7,26.1,0.45,4.8,225,6.5,,,,,,
Vector_CWB_FB_46714D,"2011-11-27 15:00:00",1.9,1.3,1,1013.2,23.8,26.1,0.54,5.1,225,5.8,,,,,,
Vector_CWB_FB_46714D,"2011-11-27 16:00:00",4,2.8,341,1012.4,23.6,26.1,0.53,4.7,168,8.7,,,,,,
Vector_CWB_FB_46714D,"2011-11-27 17:00:00",2,1.2,356,1013.1,23.8,26,0.52,4.5,157,8.7,,,,,,
Vector_CWB_FB_46714D,"2011-11-27 18:00:00",2.1,1.5,9,1013.7,23.5,25.9,0.48,4.2,292,6.9,,,,,,
Vector_CWB_FB_46714D,"2011-11-27 19:00:00",2.6,1.8,33,1014.2,23.6,25.8,0.55,4.3,236,6.1,,,,,,
Vector_CWB_FB_46714D,"2011-11-27 20:00:00",1.9,1.3,32,1014.1,23.3,26.2,0.49,4.8,236,5.2,,,,,,
Vector_CWB_FB_46714D,"2011-11-27 21:00:00",2.5,1.9,23,1013.7,23.4,26.4,0.49,4.4,236,4.9,,,,,,
Vector_CWB_FB_46714D,"2011-11-27 22:00:00",2.2,1.8,45,1013.7,23.4,26.5,0.53,4.7,135,6.5,,,,,,
Vector_CWB_FB_46714D,"2011-11-27 23:00:00",3.2,2.4,40,1013.7,23.1,26.3,0.51,5,56,8.7,,,,,,
Vector_CWB_FB_46714D,"2011-11-28 00:00:00",4.2,3.4,33,1013.3,22.7,25.9,0.55,4.5,236,7.4,,,,,,
Vector_CWB_FB_46714D,"2011-11-28 01:00:00",3.4,2.6,37,1012.9,22.4,25.8,0.61,5.3,247,8,,,,,,
Vector_CWB_FB_46714D,"2011-11-28 02:00:00",3.6,2.9,26,1012.4,22.5,25.9,0.56,4.8,213,9.5,,,,,,
Vector_CWB_FB_46714D,"2011-11-28 03:00:00",3.1,2.1,46,1012,22.5,26.2,0.56,5,247,6.5,,,,,,
Vector_CWB_FB_46714D,"2011-11-28 04:00:00",4.1,2.9,18,1011.8,22,26,0.49,4.8,157,8.7,,,,,,
Vector_CWB_FB_46714D,"2011-11-28 05:00:00",4.7,3.4,27,1012.2,22.3,26.1,0.57,4.4,157,6.9,,,,,,
Vector_CWB_FB_46714D,"2011-11-28 06:00:00",3.9,2.9,38,1012.6,22.2,26.1,0.55,4.4,225,8,,,,,,
Vector_CWB_FB_46714D,"2011-11-28 07:00:00",3,2.4,30,1013.3,21.9,26.2,0.59,4.3,247,5.8,,,,,,
Vector_CWB_FB_46714D,"2011-11-28 08:00:00",4.7,3.8,349,1013.2,22.3,26.3,0.6,4.3,281,8,,,,,,
Vector_CWB_FB_46714D,"2011-11-28 09:00:00",4.6,3.1,357,1013.5,23.2,26.2,0.5,4.7,123,9.5,,,,,,
Vector_CWB_FB_46714D,"2011-11-28 10:00:00",4.2,1.9,360,1013.4,23.9,26.4,0.51,5.5,123,8.7,,,,,,
Vector_CWB_FB_46714D,"2011-11-28 11:00:00",3.1,1.6,319,1012.8,24.5,26.5,0.44,4.8,270,6.9,,,,,,
Vector_CWB_FB_46714D,"2011-11-28 12:00:00",4.6,3.5,330,1011.9,24.4,26.2,0.51,4.5,202,7.4,,,,,,
Vector_CWB_FB_46714D,"2011-11-28 13:00:00",4.9,3.7,331,1010.7,24.3,25.9,0.45,4.9,247,7.4,,,,,,
Vector_CWB_FB_46714D,"2011-11-28 14:00:00",5.2,4.3,308,1010.3,24.8,26.1,0.45,4.8,202,7.4,,,,,,
Vector_CWB_FB_46714D,"2011-11-28 15:00:00",5,4.1,312,1010,24.7,26.1,0.61,3.9,281,5.4,,,,,,
Vector_CWB_FB_46714D,"2011-11-28 16:00:00",6.5,5.1,318,1010,24.8,26,0.65,3.9,281,6.5,,,,,,
Vector_CWB_FB_46714D,"2011-11-28 17:00:00",4.9,3.9,327,1010.5,24.8,26,0.57,3.9,270,8,,,,,,
Vector_CWB_FB_46714D,"2011-11-28 18:00:00",5.2,3.9,331,1010.9,24.7,26.1,0.6,4.2,270,7.4,,,,,,
Vector_CWB_FB_46714D,"2011-11-28 19:00:00",2.8,1.4,344,1011.8,24.6,26.2,0.65,3.7,281,3.2,,,,,,
Vector_CWB_FB_46714D,"2011-11-28 20:00:00",,,,1011.8,24.6,26.2,0.61,4.4,281,6.5,,,,,,
Vector_CWB_FB_46714D,"2011-11-28 21:00:00",,,,1011.9,24.3,26.3,0.61,4.3,281,6.5,,,,,,
Vector_CWB_FB_46714D,"2011-11-28 22:00:00",,,,1011.9,24.3,26.6,0.51,4.8,101,6.5,,,,,,
Vector_CWB_FB_46714D,"2011-11-28 23:00:00",1.9,1.1,337,1012.2,24,26.5,0.47,4.8,258,8.7,,,,,,
Vector_CWB_FB_46714D,"2011-11-29 00:00:00",2,1.6,343,1012.1,23.9,26.1,0.65,5.3,270,8.7,,,,,,
Vector_CWB_FB_46714D,"2011-11-29 01:00:00",2.8,2.2,2,1012.2,23.8,26.2,0.66,5.3,146,8,,,,,,
Vector_CWB_FB_46714D,"2011-11-29 02:00:00",2.4,1.4,19,1012,23.3,26.2,0.71,4.9,225,8.7,,,,,,
Vector_CWB_FB_46714D,"2011-11-29 03:00:00",3,2.4,57,1011.7,23,26,0.73,5.3,270,6.5,,,,,,
Vector_CWB_FB_46714D,"2011-11-29 04:00:00",2.6,2,47,1012,22.7,25.9,0.7,5.4,247,6.1,,,,,,
Vector_CWB_FB_46714D,"2011-11-29 05:00:00",2.9,2,49,1012.2,22.6,25.9,0.71,5,202,6.5,,,,,,
Vector_CWB_FB_46714D,"2011-11-29 06:00:00",3.7,2.8,35,1012.7,22.6,25.9,0.63,4.8,112,7.4,,,,,,
Vector_CWB_FB_46714D,"2011-11-29 07:00:00",3.4,2.3,56,1013.2,22.9,26.1,0.63,4.7,303,6.1,,,,,,
Vector_CWB_FB_46714D,"2011-11-29 08:00:00",3.1,2.2,350,1013.4,23.4,26.1,0.71,4.7,292,6.1,,,,,,
Vector_CWB_FB_46714D,"2011-11-29 09:00:00",2.7,1.5,359,1013.7,24.2,26.3,0.77,5,157,7.4,,,,,,
Vector_CWB_FB_46714D,"2011-11-29 10:00:00",3.9,2.7,336,1013.5,25,26.4,0.61,5,146,9.5,,,,,,
Vector_CWB_FB_46714D,"2011-11-29 11:00:00",5.1,4.1,320,1013,24.7,26.3,0.61,5.1,123,9.5,,,,,,
Vector_CWB_FB_46714D,"2011-11-29 12:00:00",5.7,3.8,334,1012.3,25.1,26.2,0.56,5.2,135,8,,,,,,
Vector_CWB_FB_46714D,"2011-11-29 13:00:00",4.8,3.7,314,1011.5,24.9,25.9,0.55,4.8,281,8,,,,,,
Vector_CWB_FB_46714D,"2011-11-29 14:00:00",4.7,3.8,310,1010.9,25.3,25.8,0.53,4.5,292,8,,,,,,
Vector_CWB_FB_46714D,"2011-11-29 15:00:00",4.9,3.9,308,1011,25.5,26.1,0.56,4.6,270,7.4,,,,,,
Vector_CWB_FB_46714D,"2011-11-29 16:00:00",5.2,4.2,320,1011.1,25.3,26,0.66,4.2,236,6.9,,,,,,
Vector_CWB_FB_46714D,"2011-11-29 17:00:00",5,3.9,330,1011.7,25.2,26,0.64,3.9,292,4.1,,,,,,
Vector_CWB_FB_46714D,"2011-11-29 18:00:00",3.4,1.9,325,1012.2,25,26,0.76,3.8,281,4.5,,,,,,
Vector_CWB_FB_46714D,"2011-11-29 19:00:00",2.9,2.1,335,1012.6,25,26.1,0.77,4,270,5.8,,,,,,
Vector_CWB_FB_46714D,"2011-11-29 20:00:00",2.3,1.8,336,1013,25,26,0.8,4.2,281,7.4,,,,,,
Vector_CWB_FB_46714D,"2011-11-29 21:00:00",2.1,1.6,338,1013,24.7,26,0.77,4.3,270,6.5,,,,,,
Vector_CWB_FB_46714D,"2011-11-29 22:00:00",1.7,1.2,343,1013,24.4,25.9,0.66,4.3,281,7.4,,,,,,
Vector_CWB_FB_46714D,"2011-11-29 23:00:00",1.5,1.1,345,1012.8,24.7,26.4,0.49,4,303,6.1,,,,,,
Vector_CWB_FB_46714D,"2011-11-30 00:00:00",1.6,1.1,353,1012.9,24.8,27.2,0.5,4.2,258,8,,,,,,
Vector_CWB_FB_46714D,"2011-11-30 01:00:00",2.7,1.9,16,1013.2,24.6,27,0.43,4.7,146,8,,,,,,
Vector_CWB_FB_46714D,"2011-11-30 02:00:00",3.1,2.5,14,1012.8,23.8,27,0.46,4,202,8.7,,,,,,
Vector_CWB_FB_46714D,"2011-11-30 03:00:00",2.4,1.7,359,1012.6,23.7,26.8,0.6,4.2,247,8,,,,,,
Vector_CWB_FB_46714D,"2011-11-30 04:00:00",4.2,3,352,1012.3,23.4,25.8,0.63,4.8,270,5.4,,,,,,
Vector_CWB_FB_46714D,"2011-11-30 05:00:00",2.8,2,5,1012.3,23.1,26.5,0.63,4.4,236,7.4,,,,,,
Vector_CWB_FB_46714D,"2011-11-30 06:00:00",4.4,2.9,9,1012.5,22.8,26.5,0.77,4.6,247,7.4,,,,,,
Vector_CWB_FB_46714D,"2011-11-30 07:00:00",2.1,1.5,24,1012.8,22.7,26.5,0.86,5,270,6.5,,,,,,
Vector_CWB_FB_46714D,"2011-11-30 08:00:00",,,,1013.4,23,26.4,0.71,4.5,281,6.5,,,,,,
Vector_CWB_FB_46714D,"2011-11-30 09:00:00",5.6,3.6,341,1013.1,23.3,26.5,0.68,4.8,281,7.4,,,,,,
Vector_CWB_FB_46714D,"2011-11-30 10:00:00",6.1,4.5,344,1013,23.6,26.6,0.63,4.8,135,6.9,,,,,,
Vector_CWB_FB_46714D,"2011-11-30 11:00:00",3.9,2.5,3,1012.3,24,26.7,0.54,4.1,270,7.4,,,,,,
Vector_CWB_FB_46714D,"2011-11-30 12:00:00",4.1,3.3,312,1011.5,25,26.6,0.51,4.9,281,8,,,,,,
Vector_CWB_FB_46714D,"2011-11-30 13:00:00",4.8,3.6,312,1010.2,25.2,26.8,0.41,4.8,157,6.9,,,,,,
Vector_CWB_FB_46714D,"2011-11-30 14:00:00",5.1,4.2,321,1009.4,25.4,26.6,0.64,4.9,258,8,,,,,,
Vector_CWB_FB_46714D,"2011-11-30 15:00:00",7.4,5.9,331,1009.3,25.5,26.6,0.59,4.1,146,7.4,,,,,,
Vector_CWB_FB_46714D,"2011-11-30 16:00:00",9.4,7,335,1009.5,25.1,26.5,0.75,3.6,281,3,,,,,,
Vector_CWB_FB_46714D,"2011-11-30 17:00:00",8.5,6.6,342,1010,25.1,26.7,0.98,3.9,303,4,,,,,,
Vector_CWB_FB_46714D,"2011-11-30 18:00:00",6.7,5.1,344,1010.4,25.2,26.7,1.13,4,303,4.5,,,,,,
Vector_CWB_FB_46714D,"2011-11-30 19:00:00",4.4,2.5,3,1011,25.4,26.7,1.21,4.2,292,5.4,,,,,,
Vector_CWB_FB_46714D,"2011-11-30 20:00:00",4.9,3.8,350,1010.5,25.2,26.7,0.92,4,292,5.2,,,,,,
Vector_CWB_FB_46714D,"2011-11-30 21:00:00",7.2,5.7,338,1011.3,25,26.7,0.88,4,292,4.3,,,,,,
Vector_CWB_FB_46714D,"2011-11-30 22:00:00",6,4.8,331,1012,24.4,26.5,0.75,3.8,292,6.5,,,,,,
Vector_CWB_FB_46714D,"2011-11-30 23:00:00",5.5,4.3,5,1011.2,24,26.3,0.78,4.1,281,6.5,,,,,,
Vector_CWB_FB_46714D,"2011-12-01 00:00:00",3.9,2.9,317,1011.1,24.3,26.5,0.57,4.1,292,5,,,,,,
Vector_CWB_FB_46714D,"2011-12-01 01:00:00",4,2.5,309,1011.8,24,26.6,0.42,4.7,123,7,,,,,,
Vector_CWB_FB_46714D,"2011-12-01 02:00:00",4.3,2.5,320,1010.9,23.7,26.5,0.38,4.5,101,7.1,,,,,,
Vector_CWB_FB_46714D,"2011-12-01 03:00:00",,,,1011.2,23.5,26.3,0.65,5.1,281,7.3,,,,,,
Vector_CWB_FB_46714D,"2011-12-01 04:00:00",2.4,1.7,129,1011.3,23.2,26.3,0.76,5.2,258,7.2,,,,,,
Vector_CWB_FB_46714D,"2011-12-01 05:00:00",1.9,1.2,189,1011.4,23.5,26.2,0.66,4.9,281,6.5,,,,,,
Vector_CWB_FB_46714D,"2011-12-01 06:00:00",3,2.1,165,1011.8,24.2,26.2,0.52,4.6,225,6,,,,,,
Vector_CWB_FB_46714D,"2011-12-01 07:00:00",,,,1012.5,23.7,26.1,0.74,4.5,303,6.7,,,,,,
Vector_CWB_FB_46714D,"2011-12-01 08:00:00",5.5,4.3,170,1012.8,24.1,26.1,0.81,4.9,292,6.5,,,,,,
Vector_CWB_FB_46714D,"2011-12-01 09:00:00",4.1,2.7,218,1013,24.4,26.3,0.89,4.8,281,6.9,,,,,,
Vector_CWB_FB_46714D,"2011-12-01 10:00:00",6.1,4.7,332,1012.5,23.2,26.2,0.89,4.8,281,5.8,,,,,,
Vector_CWB_FB_46714D,"2011-12-01 11:00:00",6,4.5,345,1011.8,23.1,26.3,0.73,4.6,258,8.2,,,,,,
Vector_CWB_FB_46714D,"2011-12-01 12:00:00",6.6,4.9,331,1011.4,23.3,26.4,0.8,4.7,258,6.9,,,,,,
Vector_CWB_FB_46714D,"2011-12-01 13:00:00",4.9,3.6,329,1010.7,23.4,26.3,0.67,4.5,247,9.6,,,,,,
Vector_CWB_FB_46714D,"2011-12-01 14:00:00",4.2,2.8,324,1010.1,23.6,26.3,0.7,5.5,270,8.6,,,,,,
Vector_CWB_FB_46714D,"2011-12-01 15:00:00",6.2,5.2,323,1010,23.6,26.3,0.81,4.6,270,8.2,,,,,,
Vector_CWB_FB_46714D,"2011-12-01 16:00:00",6.2,5,330,1010.6,23.6,26.2,0.82,4.5,292,5.8,,,,,,
Vector_CWB_FB_46714D,"2011-12-01 17:00:00",5.5,3.6,359,1010.3,23.3,26.2,0.87,4.6,292,5.8,,,,,,
Vector_CWB_FB_46714D,"2011-12-01 18:00:00",6.7,4.8,330,1010.5,23.6,26.2,1.08,4.5,292,6.6,,,,,,
Vector_CWB_FB_46714D,"2011-12-01 19:00:00",8.1,6.5,331,1011.8,22.6,26,1.15,4.4,292,6.4,,,,,,
Vector_CWB_FB_46714D,"2011-12-01 20:00:00",5.9,4.3,350,1012.7,22.2,26.1,1.13,4.2,292,5.2,,,,,,
Vector_CWB_FB_46714D,"2011-12-01 21:00:00",5.6,4.2,331,1012.9,22.2,26.1,1.19,4.5,292,5.9,,,,,,
Vector_CWB_FB_46714D,"2011-12-01 22:00:00",6.3,4.8,326,1012.7,22.1,26.1,1.01,4.5,281,6.7,,,,,,
Vector_CWB_FB_46714D,"2011-12-01 23:00:00",8.5,6.4,336,1012.6,21.6,26,1.01,4.4,270,8.5,,,,,,
Vector_CWB_FB_46714D,"2011-12-02 00:00:00",8,5.7,346,1012.4,20.9,26,0.97,4.3,292,5.1,,,,,,
Vector_CWB_FB_46714D,"2011-12-02 01:00:00",6.5,3.6,1,1012.3,20.9,26,0.86,4.2,292,4.6,,,,,,
Vector_CWB_FB_46714D,"2011-12-02 02:00:00",6.1,3.5,359,1011.9,20.6,26.6,0.76,4.9,281,9.3,,,,,,
Vector_CWB_FB_46714D,"2011-12-02 03:00:00",6.5,3.9,23,1011.6,20.2,26.8,0.79,5.1,258,7.7,,,,,,
Vector_CWB_FB_46714D,"2011-12-02 04:00:00",5.1,3.7,26,1011.9,19.8,26.6,1.41,5.3,292,5.8,,,,,,
Vector_CWB_FB_46714D,"2011-12-02 05:00:00",7.5,4.6,4,1011.8,20,26.2,1.42,5.1,281,7,,,,,,
Vector_CWB_FB_46714D,"2011-12-02 06:00:00",7.6,5.4,5,1012.4,19.8,26,1.46,5.2,292,7.8,,,,,,
Vector_CWB_FB_46714D,"2011-12-02 07:00:00",7.6,4.6,10,1013,19.7,26.1,1.18,5,292,7.1,,,,,,
Vector_CWB_FB_46714D,"2011-12-02 08:00:00",9.4,6,7,1013.7,20,26.2,1.26,4.6,303,6.2,,,,,,
Vector_CWB_FB_46714D,"2011-12-02 09:00:00",9.1,6,354,1013.9,20.3,26.1,1.38,5.1,292,7.5,,,,,,
Vector_CWB_FB_46714D,"2011-12-02 10:00:00",9.9,5.7,6,1013.9,20.2,26.3,1.56,4.9,292,6.5,,,,,,
Vector_CWB_FB_46714D,"2011-12-02 11:00:00",7.9,5.2,18,1013.6,20.1,26.2,1.46,4.7,292,5.5,,,,,,
Vector_CWB_FB_46714D,"2011-12-02 12:00:00",8.5,5.8,7,1012.9,20.3,26.4,1.1,4.7,281,6.6,,,,,,
Vector_CWB_FB_46714D,"2011-12-02 13:00:00",7.1,5,19,1011.5,20.7,26.4,0.98,5,281,5.8,,,,,,
Vector_CWB_FB_46714D,"2011-12-02 14:00:00",6.9,4.2,9,1010.8,20.9,26.4,0.79,5,247,7.2,,,,,,
Vector_CWB_FB_46714D,"2011-12-02 15:00:00",5.5,3.3,2,1010.4,20.8,26.1,0.99,5.1,270,6.8,,,,,,
Vector_CWB_FB_46714D,"2011-12-02 16:00:00",9.6,6.9,345,1010.5,20.3,26.2,1.19,4.7,281,7.3,,,,,,
Vector_CWB_FB_46714D,"2011-12-02 17:00:00",9.6,7.2,354,1011.5,19.8,26.2,1.37,4.7,281,7,,,,,,
Vector_CWB_FB_46714D,"2011-12-02 18:00:00",7.5,5.3,17,1012.3,19.6,26.2,1.33,4.6,292,5.5,,,,,,
Vector_CWB_FB_46714D,"2011-12-02 19:00:00",10.8,8.4,345,1012,19.5,26.2,1.54,4.9,292,6.2,,,,,,
Vector_CWB_FB_46714D,"2011-12-02 20:00:00",11.8,8.6,350,1012.3,19.5,26.2,1.23,4.5,303,5.6,,,,,,
Vector_CWB_FB_46714D,"2011-12-02 21:00:00",9.8,8,344,1012.7,19.3,26.2,1.04,4.4,292,6.6,,,,,,
Vector_CWB_FB_46714D,"2011-12-02 22:00:00",9,5.7,4,1012.6,18.4,26.1,0.96,4.3,292,4.1,,,,,,
Vector_CWB_FB_46714D,"2011-12-02 23:00:00",8.7,5.4,3,1012.8,18.2,26.2,0.97,4.4,303,6.6,,,,,,
Vector_CWB_FB_46714D,"2011-12-03 00:00:00",10.5,7.6,3,1012.4,18.3,26,0.96,4.4,292,6,,,,,,
Vector_CWB_FB_46714D,"2011-12-03 01:00:00",11.1,8,354,1012,18.2,26.4,0.87,4.4,303,5.2,,,,,,
Vector_CWB_FB_46714D,"2011-12-03 02:00:00",10.6,7.7,349,1012.1,18.6,26.3,0.75,4.6,292,6.4,,,,,,
Vector_CWB_FB_46714D,"2011-12-03 03:00:00",9.7,6,16,1011.6,18.2,25.8,0.92,4.7,270,5.2,,,,,,
Vector_CWB_FB_46714D,"2011-12-03 04:00:00",6.5,4.4,22,1011.9,18.2,25.9,1.35,5.2,270,7.4,,,,,,
Vector_CWB_FB_46714D,"2011-12-03 05:00:00",6.7,3.4,23,1012.6,18,25.9,1.42,5.1,303,6.8,,,,,,
Vector_CWB_FB_46714D,"2011-12-03 06:00:00",3.6,2.6,18,1013.3,18.1,25.9,1.23,4.8,292,7.5,,,,,,
Vector_CWB_FB_46714D,"2011-12-03 07:00:00",4.4,2.5,18,1014,18.1,25.9,1.03,4.9,303,6.9,,,,,,
Vector_CWB_FB_46714D,"2011-12-03 08:00:00",3.9,2.3,8,1014.6,18.1,25.9,0.92,4.7,292,8.1,,,,,,
Vector_CWB_FB_46714D,"2011-12-03 09:00:00",4.9,3.6,347,1014.6,18.5,26.1,0.83,4.6,303,5.1,,,,,,
Vector_CWB_FB_46714D,"2011-12-03 10:00:00",4.6,3.3,332,1014.2,19.4,26.1,0.81,4.4,303,7.2,,,,,,
Vector_CWB_FB_46714D,"2011-12-03 11:00:00",3.8,2.4,302,1014,20.2,26.2,0.8,4.3,292,7.8,,,,,,
Vector_CWB_FB_46714D,"2011-12-03 12:00:00",3.9,2.2,300,1013.8,20.6,26.2,0.73,4.5,123,7.3,,,,,,
Vector_CWB_FB_46714D,"2011-12-03 13:00:00",3.3,2.2,262,1013.1,20.6,26.2,0.83,4.8,236,6.7,,,,,,
Vector_CWB_FB_46714D,"2011-12-03 14:00:00",4.7,3.1,215,1012.3,21.1,26.2,0.78,4.6,258,7.2,,,,,,
Vector_CWB_FB_46714D,"2011-12-03 15:00:00",5.3,3.9,219,1011.9,21.7,26.1,0.75,4.8,270,5.3,,,,,,
Vector_CWB_FB_46714D,"2011-12-03 16:00:00",5.2,3.3,241,1012.2,21.9,26.1,0.6,4.8,270,6.2,,,,,,
Vector_CWB_FB_46714D,"2011-12-03 17:00:00",4.3,2.9,289,1012.6,21.8,26.1,0.74,4.7,303,4.8,,,,,,
Vector_CWB_FB_46714D,"2011-12-03 18:00:00",4.7,2.7,295,1013.6,21.9,26.1,0.74,4.7,281,7.8,,,,,,
Vector_CWB_FB_46714D,"2011-12-03 19:00:00",5,3.3,286,1014.6,22.2,26.2,0.91,5.1,258,8.6,,,,,,
Vector_CWB_FB_46714D,"2011-12-03 20:00:00",4.3,3.2,295,1015.2,22.4,26.1,0.85,4.7,270,6.8,,,,,,
Vector_CWB_FB_46714D,"2011-12-03 21:00:00",4.3,3.3,313,1016.1,22.4,26.1,0.81,4.3,281,7.3,,,,,,
Vector_CWB_FB_46714D,"2011-12-03 22:00:00",3.4,2.5,338,1016.7,21.8,26.2,0.87,4.2,281,4.6,,,,,,
Vector_CWB_FB_46714D,"2011-12-03 23:00:00",2.2,1.6,314,1016.5,21.3,26.1,0.8,3.9,292,5.2,,,,,,
Vector_CWB_FB_46714D,"2011-12-04 00:00:00",3.1,2.4,21,1016.7,21.3,26,0.75,4.3,135,4.6,,,,,,
Vector_CWB_FB_46714D,"2011-12-04 01:00:00",7.2,5.6,65,1016.4,21.9,26.1,0.84,4.4,292,5.5,,,,,,
Vector_CWB_FB_46714D,"2011-12-04 02:00:00",4.5,3.5,38,1016.1,21.1,26.5,0.69,4.1,135,5.2,,,,,,
Vector_CWB_FB_46714D,"2011-12-04 03:00:00",6.1,4.5,50,1015.7,21.7,26.5,0.6,4.3,146,7.8,,,,,,
Vector_CWB_FB_46714D,"2011-12-04 04:00:00",4.7,3.5,44,1015.5,21.6,26.4,0.67,4.5,247,5.6,,,,,,
Vector_CWB_FB_46714D,"2011-12-04 05:00:00",5.4,4.1,40,1015.5,21.2,26.3,0.76,5.1,281,6.2,,,,,,
Vector_CWB_FB_46714D,"2011-12-04 06:00:00",4.4,3.6,19,1016.2,21.2,26.1,0.72,5,270,7.7,,,,,,
Vector_CWB_FB_46714D,"2011-12-04 07:00:00",4.6,3.4,15,1017,20.7,26.2,0.85,5,292,6.7,,,,,,
Vector_CWB_FB_46714D,"2011-12-04 08:00:00",4.2,2.8,32,1017.7,21,26.2,0.74,4.8,270,5.4,,,,,,
Vector_CWB_FB_46714D,"2011-12-04 09:00:00",3.6,2.1,22,1018.8,21,26.3,0.71,5,281,6.3,,,,,,
Vector_CWB_FB_46714D,"2011-12-04 10:00:00",3.3,1.8,4,1019,21.5,26.3,0.81,4.9,247,7.3,,,,,,
Vector_CWB_FB_46714D,"2011-12-04 11:00:00",2.7,1.9,64,1018.2,21.9,26.2,0.68,4.5,258,5,,,,,,
Vector_CWB_FB_46714D,"2011-12-04 12:00:00",,,,1017.1,22.2,26.3,0.76,4.7,292,6.4,,,,,,
Vector_CWB_FB_46714D,"2011-12-04 13:00:00",2.1,1.1,155,1016.1,23.4,26.4,0.79,4.3,270,6,,,,,,
Vector_CWB_FB_46714D,"2011-12-04 14:00:00",,,,1015.4,23.1,26.5,0.74,4.4,281,7.6,,,,,,
Vector_CWB_FB_46714D,"2011-12-04 15:00:00",1.9,1.1,148,1014.9,23.5,26.4,0.75,4.5,258,5.5,,,,,,
Vector_CWB_FB_46714D,"2011-12-04 16:00:00",,,,1015.4,23.4,26.4,0.67,4.5,270,7,,,,,,
Vector_CWB_FB_46714D,"2011-12-04 17:00:00",3,2.3,9,1016.1,23.3,26.3,0.78,5,270,5.6,,,,,,
Vector_CWB_FB_46714D,"2011-12-04 18:00:00",2.3,1.6,13,1016.7,23.2,26.3,0.73,4.8,258,6,,,,,,
Vector_CWB_FB_46714D,"2011-12-04 19:00:00",2.3,1.5,353,1017.2,23.1,26.3,0.8,5,281,5.9,,,,,,
Vector_CWB_FB_46714D,"2011-12-04 20:00:00",1.8,1.1,360,1017.2,23.1,26.3,0.72,4.7,247,6.6,,,,,,
Vector_CWB_FB_46714D,"2011-12-04 21:00:00",,,,1017.4,23,26.3,0.66,4.4,258,6.3,,,,,,
Vector_CWB_FB_46714D,"2011-12-04 22:00:00",2.1,1.4,21,1017.2,23.1,26.2,0.61,4.5,292,6.2,,,,,,
Vector_CWB_FB_46714D,"2011-12-04 23:00:00",3.1,2.5,4,1017,22.8,26.2,0.64,4.3,202,5.9,,,,,,
Vector_CWB_FB_46714D,"2011-12-05 00:00:00",2.5,1.5,29,1016.6,22.9,26.1,0.65,4.3,292,5.1,,,,,,
Vector_CWB_FB_46714D,"2011-12-05 01:00:00",2.9,2.3,35,1016.2,22.9,26.1,0.67,4.4,146,10.2,,,,,,
Vector_CWB_FB_46714D,"2011-12-05 02:00:00",2.7,1.9,24,1016.1,22.6,26.4,0.6,4.5,213,8.8,,,,,,
Vector_CWB_FB_46714D,"2011-12-05 03:00:00",2.9,2.1,30,1015.8,22.6,26.5,0.68,4.6,281,6.3,,,,,,
Vector_CWB_FB_46714D,"2011-12-05 04:00:00",4.1,3.1,22,1015.8,21.9,26.2,0.77,4.7,202,6.9,,,,,,
Vector_CWB_FB_46714D,"2011-12-05 05:00:00",6.3,4.9,32,1016,21.9,26.1,0.71,4.8,225,8.9,,,,,,
Vector_CWB_FB_46714D,"2011-12-05 06:00:00",4.8,3.8,41,1016.5,21.8,26.2,0.78,5.1,270,6.8,,,,,,
Vector_CWB_FB_46714D,"2011-12-05 07:00:00",6.4,4.8,34,1017,22,26.5,0.81,5.1,236,9.8,,,,,,
Vector_CWB_FB_46714D,"2011-12-05 08:00:00",4,3.1,28,1017.8,21.8,26.5,0.69,4.5,236,6.7,,,,,,
Vector_CWB_FB_46714D,"2011-12-05 09:00:00",3.7,2.7,18,1018.6,21.4,26.4,0.67,4.5,258,9.3,,,,,,
Vector_CWB_FB_46714D,"2011-12-05 10:00:00",3.4,2.6,25,1019,21.7,26.4,0.8,5.1,258,8.9,,,,,,
Vector_CWB_FB_46714D,"2011-12-05 11:00:00",5.6,3.9,342,1018.8,21.9,26.3,0.76,4.7,258,7.1,,,,,,
Vector_CWB_FB_46714D,"2011-12-05 12:00:00",4.2,2.1,27,1017.7,21.2,26.3,0.79,4.6,292,7.3,,,,,,
Vector_CWB_FB_46714D,"2011-12-05 13:00:00",5.2,3.6,47,1016.4,21.6,26.3,0.82,4.7,270,7,,,,,,
Vector_CWB_FB_46714D,"2011-12-05 14:00:00",4,3,21,1016,21.8,26.3,0.91,4.6,281,5.9,,,,,,
Vector_CWB_FB_46714D,"2011-12-05 15:00:00",5.1,3.3,349,1016.1,21.8,26.3,0.78,4.2,270,5.1,,,,,,
Vector_CWB_FB_46714D,"2011-12-05 16:00:00",5.7,3.6,1,1015.7,21.9,26.4,0.82,4.5,213,7.1,,,,,,
Vector_CWB_FB_46714D,"2011-12-05 17:00:00",5.7,3.9,4,1016.2,21.8,26.5,0.67,4.7,135,4.7,,,,,,
Vector_CWB_FB_46714D,"2011-12-05 18:00:00",6,4.5,15,1016.2,21.5,26.5,0.68,4.7,146,4.5,,,,,,
Vector_CWB_FB_46714D,"2011-12-05 19:00:00",5.3,3.9,3,1016.7,21.3,26.5,0.61,4.3,270,5.2,,,,,,
Vector_CWB_FB_46714D,"2011-12-05 20:00:00",4.6,2.7,28,1017.3,21.6,26.2,0.96,4.5,270,5.7,,,,,,
Vector_CWB_FB_46714D,"2011-12-05 21:00:00",6,3.6,36,1017,21.4,26.3,0.92,4.9,270,6.8,,,,,,
Vector_CWB_FB_46714D,"2011-12-05 22:00:00",3.5,2.3,53,1016.6,21.4,26.3,0.97,5.1,281,6.1,,,,,,
Vector_CWB_FB_46714D,"2011-12-05 23:00:00",,,,1016.7,21.5,26.4,1.12,5.2,270,6.8,,,,,,
Vector_CWB_FB_46714D,"2011-12-06 00:00:00",4.1,3,358,1016.6,21.9,26.4,0.83,4.9,292,5.6,,,,,,
Vector_CWB_FB_46714D,"2011-12-06 01:00:00",3.5,2.6,70,1016,22.1,26.4,0.85,4.6,303,6.5,,,,,,
Vector_CWB_FB_46714D,"2011-12-06 02:00:00",2.5,1.8,6,1015.4,21.9,26.4,0.8,5,281,7,,,,,,
Vector_CWB_FB_46714D,"2011-12-06 03:00:00",2.1,1.4,5,1015.5,21.7,26.2,0.71,4.6,292,5.6,,,,,,
Vector_CWB_FB_46714D,"2011-12-06 04:00:00",2.5,1.8,348,1015.7,21.8,26,0.72,4.7,191,7.6,,,,,,
Vector_CWB_FB_46714D,"2011-12-06 05:00:00",3.1,1.5,8,1015.6,21.8,26,0.67,4.5,281,6,,,,,,
Vector_CWB_FB_46714D,"2011-12-06 06:00:00",3.5,2.6,19,1016.1,21.6,26.1,0.68,4.8,247,6,,,,,,
Vector_CWB_FB_46714D,"2011-12-06 07:00:00",3.7,2.4,23,1016.7,21.4,26,0.81,4.7,247,6.8,,,,,,
Vector_CWB_FB_46714D,"2011-12-06 08:00:00",3.5,2.5,44,1017.3,22,26.2,0.8,4.6,292,6.4,,,,,,
Vector_CWB_FB_46714D,"2011-12-06 09:00:00",2.3,1.2,94,1017.6,23.5,26.3,0.86,5,292,5.4,,,,,,
Vector_CWB_FB_46714D,"2011-12-06 10:00:00",3.2,2.3,307,1017.5,23.5,26.3,0.86,4.7,270,6.4,,,,,,
Vector_CWB_FB_46714D,"2011-12-06 11:00:00",4.4,3.5,300,1017.2,23.5,26.2,0.76,4.6,270,8.2,,,,,,
Vector_CWB_FB_46714D,"2011-12-06 12:00:00",4.5,3.4,286,1016.3,23.8,26.3,0.88,5,135,7.8,,,,,,
Vector_CWB_FB_46714D,"2011-12-06 13:00:00",4.1,3.3,302,1015.1,24.1,26.2,0.78,4.7,270,7.2,,,,,,
Vector_CWB_FB_46714D,"2011-12-06 14:00:00",3.8,2.9,278,1014.5,24.8,26.1,0.7,4.1,258,6.1,,,,,,
Vector_CWB_FB_46714D,"2011-12-06 15:00:00",3.8,2.9,264,1014.2,25.1,26.1,0.68,4.2,281,5.4,,,,,,
Vector_CWB_FB_46714D,"2011-12-06 16:00:00",4.8,3.7,308,1014,25,26.1,0.66,4.3,303,4.5,,,,,,
Vector_CWB_FB_46714D,"2011-12-06 17:00:00",4.5,3.8,315,1014.2,24.5,26.1,0.61,4.3,90,5.3,,,,,,
Vector_CWB_FB_46714D,"2011-12-06 18:00:00",4.8,3.7,312,1015.3,24.7,26.1,0.62,4.8,168,7.5,,,,,,
Vector_CWB_FB_46714D,"2011-12-06 19:00:00",2.2,1.5,355,1016.3,24.7,26.1,0.5,5,146,7.8,,,,,,
Vector_CWB_FB_46714D,"2011-12-06 20:00:00",2.5,1.9,339,1016.4,24.3,26.1,0.44,4.2,213,6.6,,,,,,
Vector_CWB_FB_46714D,"2011-12-06 21:00:00",2.3,1.7,271,1016.6,24.3,26,0.62,4.4,281,5.1,,,,,,
Vector_CWB_FB_46714D,"2011-12-06 22:00:00",4.8,3.9,294,1016.7,24.4,26.1,0.64,4.5,247,7.7,,,,,,
Vector_CWB_FB_46714D,"2011-12-06 23:00:00",5.8,4.7,336,1016.7,24,26.1,0.66,4.7,281,5.6,,,,,,
Vector_CWB_FB_46714D,"2011-12-07 00:00:00",5,4,346,1016.6,23.6,26,0.64,4.6,281,5.4,,,,,,
Vector_CWB_FB_46714D,"2011-12-07 01:00:00",4.6,3.3,6,1016.6,23.2,26,0.75,4.4,247,6.5,,,,,,
Vector_CWB_FB_46714D,"2011-12-07 02:00:00",3,2,25,1016.1,23.1,26,0.81,4.3,258,5.6,,,,,,
Vector_CWB_FB_46714D,"2011-12-07 03:00:00",3.7,2.8,14,1015.5,23,26,0.78,4.3,258,5.9,,,,,,
Vector_CWB_FB_46714D,"2011-12-07 04:00:00",3.4,2.8,25,1015.4,23.2,26.1,0.64,5.2,146,8.8,,,,,,
Vector_CWB_FB_46714D,"2011-12-07 05:00:00",5.1,3.6,16,1015,23.2,26.1,0.68,5.3,146,7.3,,,,,,
Vector_CWB_FB_46714D,"2011-12-07 06:00:00",3.4,2.2,61,1016.1,23.2,26,0.8,5.3,247,5.5,,,,,,
Vector_CWB_FB_46714D,"2011-12-07 07:00:00",2.7,1.7,62,1017.2,23.2,26,0.68,5.1,180,7,,,,,,
Vector_CWB_FB_46714D,"2011-12-07 08:00:00",6.2,4.7,7,1016.9,23.4,26,0.68,5.1,180,7.1,,,,,,
Vector_CWB_FB_46714D,"2011-12-07 09:00:00",4.9,3.3,30,1017.3,24,26,0.71,5.4,225,7,,,,,,
Vector_CWB_FB_46714D,"2011-12-07 10:00:00",4.2,3.1,58,1017.2,24.4,26.1,0.58,4.9,292,8,,,,,,
Vector_CWB_FB_46714D,"2011-12-07 11:00:00",5.4,3.9,3,1016.3,25.1,26.2,0.6,4.9,202,6.3,,,,,,
Vector_CWB_FB_46714D,"2011-12-07 12:00:00",3.3,2.5,309,1014.8,25,26.3,0.63,4.8,191,6.4,,,,,,
Vector_CWB_FB_46714D,"2011-12-07 13:00:00",6,4.2,332,1013.5,24.8,26.3,0.56,4.5,123,6.1,,,,,,
Vector_CWB_FB_46714D,"2011-12-07 14:00:00",6.1,4.8,327,1013,25.1,26.1,0.57,4.2,225,6,,,,,,
Vector_CWB_FB_46714D,"2011-12-07 15:00:00",7.1,5.4,327,1012.3,25,26.2,0.6,4.1,270,5.6,,,,,,
Vector_CWB_FB_46714D,"2011-12-07 16:00:00",7.6,5.9,330,1012.5,24.8,26.1,0.62,3.5,112,4.9,,,,,,
Vector_CWB_FB_46714D,"2011-12-07 17:00:00",7.7,5.7,333,1012.9,24.4,26.1,0.58,3.7,348,5.7,,,,,,
Vector_CWB_FB_46714D,"2011-12-07 18:00:00",6.1,4.9,337,1012.9,24.2,26,0.57,3.7,168,5.6,,,,,,
Vector_CWB_FB_46714D,"2011-12-07 19:00:00",6.3,5.3,340,1013.6,24.2,26,0.61,4,281,4,,,,,,
Vector_CWB_FB_46714D,"2011-12-07 20:00:00",5.8,4.5,336,1014,24.2,25.9,0.6,4.7,135,7.1,,,,,,
Vector_CWB_FB_46714D,"2011-12-07 21:00:00",4.4,3.1,343,1014.4,24.1,25.9,0.68,5,135,7.3,,,,,,
Vector_CWB_FB_46714D,"2011-12-07 22:00:00",2.1,1.5,23,1014.9,24.3,25.9,0.71,4.8,236,9.8,,,,,,
Vector_CWB_FB_46714D,"2011-12-07 23:00:00",5,3.1,340,1014.9,24.2,25.9,0.72,5.4,202,7.6,,,,,,
Vector_CWB_FB_46714D,"2011-12-08 00:00:00",6,4.3,343,1014.7,23.9,25.8,0.82,5.6,213,7.5,,,,,,
Vector_CWB_FB_46714D,"2011-12-08 01:00:00",5.3,4.1,349,1014.5,23.9,25.9,0.85,5.4,225,6,,,,,,
Vector_CWB_FB_46714D,"2011-12-08 02:00:00",4.8,3.3,2,1014,23.6,25.8,0.76,5.2,202,7.3,,,,,,
Vector_CWB_FB_46714D,"2011-12-08 03:00:00",6,3.9,354,1013.4,23.3,25.8,0.86,5.8,168,8,,,,,,
Vector_CWB_FB_46714D,"2011-12-08 04:00:00",6,4.8,338,1013.3,23,25.8,0.9,6,146,8.5,,,,,,
Vector_CWB_FB_46714D,"2011-12-08 05:00:00",4.7,3.4,352,1013.2,23.1,25.8,0.77,5.8,157,9.4,,,,,,
Vector_CWB_FB_46714D,"2011-12-08 06:00:00",5.5,4.4,52,1013.8,22.6,25.8,0.78,5.7,180,9.3,,,,,,
Vector_CWB_FB_46714D,"2011-12-08 07:00:00",3.6,2.3,26,1014.4,22.3,25.8,0.8,5.8,191,8.5,,,,,,
Vector_CWB_FB_46714D,"2011-12-08 08:00:00",3.8,1.6,356,1015,23,25.8,0.8,5.9,225,9.1,,,,,,
Vector_CWB_FB_46714D,"2011-12-08 09:00:00",5.6,4,333,1015.2,23,25.8,0.71,5.8,258,10.4,,,,,,
Vector_CWB_FB_46714D,"2011-12-08 10:00:00",6.5,5,334,1015.3,23,25.8,0.84,5.3,157,7.5,,,,,,
Vector_CWB_FB_46714D,"2011-12-08 11:00:00",6.8,5.7,333,1014.7,23.2,25.8,0.87,4.8,123,8.8,,,,,,
Vector_CWB_FB_46714D,"2011-12-08 12:00:00",8.9,7,335,1013.9,23.3,25.9,0.91,4.5,135,9.1,,,,,,
Vector_CWB_FB_46714D,"2011-12-08 13:00:00",7.7,6.1,328,1013.1,23.3,25.8,0.8,4,146,6,,,,,,
Vector_CWB_FB_46714D,"2011-12-08 14:00:00",5.3,3.5,334,1012.2,23.9,25.8,0.71,4.1,112,6.2,,,,,,
Vector_CWB_FB_46714D,"2011-12-08 15:00:00",3.8,2.5,342,1012.2,24.4,25.8,0.84,4.4,281,7.3,,,,,,
Vector_CWB_FB_46714D,"2011-12-08 16:00:00",2.9,1.7,327,1012.4,24.3,25.8,0.91,4.4,281,9.1,,,,,,
Vector_CWB_FB_46714D,"2011-12-08 17:00:00",4.1,3.2,203,1012.7,24.1,25.8,0.87,4.4,281,4.6,,,,,,
Vector_CWB_FB_46714D,"2011-12-08 18:00:00",5.3,4.2,228,1013.2,24.4,25.7,0.94,4.3,270,4.7,,,,,,
Vector_CWB_FB_46714D,"2011-12-08 19:00:00",5.7,4.4,325,1013.3,23.6,25.6,0.98,4.2,303,6.9,,,,,,
Vector_CWB_FB_46714D,"2011-12-08 20:00:00",6.5,5.1,330,1014,22.9,25.8,0.73,4.5,112,7.7,,,,,,
Vector_CWB_FB_46714D,"2011-12-08 21:00:00",7.3,5.8,330,1014.8,22.2,25.9,0.74,5,123,9.8,,,,,,
Vector_CWB_FB_46714D,"2011-12-08 22:00:00",7.6,5.8,330,1015,21.8,25.7,1.16,5,281,6.2,,,,,,
Vector_CWB_FB_46714D,"2011-12-08 23:00:00",8.4,6.2,335,1015.5,21.2,25.3,1.11,4.8,281,8.8,,,,,,
Vector_CWB_FB_46714D,"2011-12-09 00:00:00",8.3,6.7,341,1015.5,20.5,25.4,1.15,5,247,7.1,,,,,,
Vector_CWB_FB_46714D,"2011-12-09 01:00:00",7.4,5.8,337,1015.7,20.3,25.5,1.27,5.1,213,9.4,,,,,,
Vector_CWB_FB_46714D,"2011-12-09 02:00:00",6,4.3,348,1015.3,20.1,25.4,1.24,5.4,270,9.6,,,,,,
Vector_CWB_FB_46714D,"2011-12-09 03:00:00",5.3,2.2,11,1015.5,19.7,25.5,1.05,4.6,157,9.4,,,,,,
Vector_CWB_FB_46714D,"2011-12-09 04:00:00",3.9,2.7,348,1015.7,19.7,25.5,0.98,4.7,258,7.6,,,,,,
Vector_CWB_FB_46714D,"2011-12-09 05:00:00",3.3,2,345,1016.3,19.6,25.7,0.85,4.6,112,10,,,,,,
Vector_CWB_FB_46714D,"2011-12-09 06:00:00",4.7,3.6,334,1017,19.5,25.9,0.89,5.1,258,11.1,,,,,,
Vector_CWB_FB_46714D,"2011-12-09 07:00:00",6,4.7,319,1017.5,19.4,25.8,0.82,4.9,281,9.3,,,,,,
Vector_CWB_FB_46714D,"2011-12-09 08:00:00",5.7,4,336,1018.3,19.2,25.5,0.9,6,236,9.3,,,,,,
Vector_CWB_FB_46714D,"2011-12-09 09:00:00",6.2,4.4,347,1018.4,19.2,25.6,0.9,4.9,258,8,,,,,,
Vector_CWB_FB_46714D,"2011-12-09 10:00:00",6.1,4.6,339,1018.5,19.6,25.7,1.2,5.4,258,7.2,,,,,,
Vector_CWB_FB_46714D,"2011-12-09 11:00:00",5.7,3.8,343,1017.9,19.5,25.5,1.24,5.2,281,7.2,,,,,,
Vector_CWB_FB_46714D,"2011-12-09 12:00:00",6.3,3.6,348,1017.1,19.6,25.8,1.23,5.3,258,10.6,,,,,,
Vector_CWB_FB_46714D,"2011-12-09 13:00:00",5.2,3.8,334,1016.6,19.7,25.6,1.09,5,292,7.7,,,,,,
Vector_CWB_FB_46714D,"2011-12-09 14:00:00",3.8,2.6,322,1016.3,20.1,25.7,1.23,5.3,258,10.6,,,,,,
Vector_CWB_FB_46714D,"2011-12-09 15:00:00",,,,1016.4,20.6,25.7,0.97,4.6,270,6.4,,,,,,
Vector_CWB_FB_46714D,"2011-12-09 16:00:00",3.3,2.2,238,1016.5,20.9,25.7,0.93,4.4,303,4.6,,,,,,
Vector_CWB_FB_46714D,"2011-12-09 17:00:00",5.1,3.6,295,1017,20.2,25.6,1.06,5.1,281,7.7,,,,,,
Vector_CWB_FB_46714D,"2011-12-09 18:00:00",6.1,4.7,317,1016.9,20.3,25.6,0.94,4.7,258,8.6,,,,,,
Vector_CWB_FB_46714D,"2011-12-09 19:00:00",6.7,5.5,337,1017.4,19.7,25.4,0.82,4.6,281,8.6,,,,,,
Vector_CWB_FB_46714D,"2011-12-09 20:00:00",5.6,3.8,348,1017.8,19.4,25.2,0.78,4.3,258,10.6,,,,,,
Vector_CWB_FB_46714D,"2011-12-09 21:00:00",5.1,2.7,334,1018.3,19.7,25.3,0.81,4.7,90,10.6,,,,,,
Vector_CWB_FB_46714D,"2011-12-09 22:00:00",9,6.4,340,1018.6,19.7,25.5,0.99,5.6,180,7.2,,,,,,
Vector_CWB_FB_46714D,"2011-12-09 23:00:00",6.6,4.7,357,1018.7,18.9,25.6,0.95,5.1,258,8.8,,,,,,
Vector_CWB_FB_46714D,"2011-12-10 00:00:00",3.8,2.5,22,1018.5,18.2,25.5,1.16,5.5,247,10.2,,,,,,
Vector_CWB_FB_46714D,"2011-12-10 01:00:00",4.5,3.1,32,1018.2,18.5,25.6,1.36,6.1,270,8.3,,,,,,
Vector_CWB_FB_46714D,"2011-12-10 02:00:00",3.5,2.3,353,1017.7,18.7,25.6,1.16,5.8,146,10.4,,,,,,
Vector_CWB_FB_46714D,"2011-12-10 03:00:00",5.4,3.8,326,1017.3,19,25.6,1.29,5.8,157,10.6,,,,,,
Vector_CWB_FB_46714D,"2011-12-10 04:00:00",5.2,3.7,349,1017.3,18.7,25.6,1.06,5.2,157,10.6,,,,,,
Vector_CWB_FB_46714D,"2011-12-10 05:00:00",4,2.7,352,1017.4,18.6,25.6,1.09,5.6,168,9.6,,,,,,
Vector_CWB_FB_46714D,"2011-12-10 06:00:00",3.8,2.4,357,1018.1,18.2,25.6,1,4.9,292,7.7,,,,,,
Vector_CWB_FB_46714D,"2011-12-10 07:00:00",4.2,2.7,5,1018.9,18.6,25.5,0.89,4.9,270,8.9,,,,,,
Vector_CWB_FB_46714D,"2011-12-10 08:00:00",4.1,2.5,353,1019.1,19,25.5,0.94,5.2,202,8.8,,,,,,
Vector_CWB_FB_46714D,"2011-12-10 09:00:00",4.2,2.3,3,1019.7,18.6,25.5,0.99,5.1,258,7.4,,,,,,
Vector_CWB_FB_46714D,"2011-12-10 10:00:00",3.4,2.2,52,1019.7,19,25.5,1.07,5.2,270,7.8,,,,,,
Vector_CWB_FB_46714D,"2011-12-10 11:00:00",4.3,2.2,339,1019.3,19.4,25.6,1.27,5.8,281,7.3,,,,,,
Vector_CWB_FB_46714D,"2011-12-10 12:00:00",5.1,3.8,333,1019.1,19.4,25.6,1.37,5.7,270,7.2,,,,,,
Vector_CWB_FB_46714D,"2011-12-10 13:00:00",5.2,3.6,334,1018,19.5,25.6,1.11,5.4,270,8.9,,,,,,
Vector_CWB_FB_46714D,"2011-12-10 14:00:00",5.1,3.5,344,1017.1,19.6,25.6,1.1,5.3,258,8.6,,,,,,
Vector_CWB_FB_46714D,"2011-12-10 15:00:00",4.5,2.5,349,1016.5,20.1,25.6,0.93,4.7,270,8.2,,,,,,
Vector_CWB_FB_46714D,"2011-12-10 16:00:00",3.6,2.4,3,1016.3,20.4,25.5,1.01,4.9,258,7.6,,,,,,
Vector_CWB_FB_46714D,"2011-12-10 17:00:00",3.5,2.6,353,1016.8,20.6,25.4,0.93,5.1,270,9.4,,,,,,
Vector_CWB_FB_46714D,"2011-12-10 18:00:00",3.6,2.2,357,1016.9,20.6,25.5,0.87,5.3,281,6,,,,,,
Vector_CWB_FB_46714D,"2011-12-10 19:00:00",6.8,5,342,1017.4,20.5,25.2,1.01,5.2,270,5.1,,,,,,
Vector_CWB_FB_46714D,"2011-12-10 20:00:00",6.4,4.7,354,1017.6,19.9,25.4,1.03,5.4,258,5.8,,,,,,
Vector_CWB_FB_46714D,"2011-12-10 21:00:00",6.3,4.9,350,1018.1,19.3,25.5,1.06,5.3,258,5.8,,,,,,
Vector_CWB_FB_46714D,"2011-12-10 22:00:00",7.7,5.5,348,1018.1,18.9,25.5,1.09,5.3,247,5.5,,,,,,
Vector_CWB_FB_46714D,"2011-12-10 23:00:00",7.9,4.5,2,1017.9,18.2,25.4,1.02,5.2,247,5.7,,,,,,
Vector_CWB_FB_46714D,"2011-12-11 00:00:00",6.4,4.6,349,1017.9,18,25.3,1.01,5.6,270,7.8,,,,,,
Vector_CWB_FB_46714D,"2011-12-11 01:00:00",5.2,3.8,352,1017.6,17.9,25.3,1.03,5.4,270,6.8,,,,,,
Vector_CWB_FB_46714D,"2011-12-11 02:00:00",4.5,3,359,1017.2,17.8,25.4,1.05,5.3,270,11.3,,,,,,
Vector_CWB_FB_46714D,"2011-12-11 03:00:00",5,3.1,349,1016.9,17.6,25.3,1.02,5.6,258,10.2,,,,,,
Vector_CWB_FB_46714D,"2011-12-11 04:00:00",5,3.6,335,1016.8,17.7,25.3,1.18,5.5,270,9.6,,,,,,
Vector_CWB_FB_46714D,"2011-12-11 05:00:00",4.5,3,337,1016.8,17.9,25.3,1.34,5.6,281,7.4,,,,,,
Vector_CWB_FB_46714D,"2011-12-11 06:00:00",5,3.4,343,1017.4,18,25.3,1.09,5.1,292,8,,,,,,
Vector_CWB_FB_46714D,"2011-12-11 07:00:00",3.8,2.4,13,1017.9,17.7,25.6,0.99,5,281,8.9,,,,,,
Vector_CWB_FB_46714D,"2011-12-11 08:00:00",6.2,4.8,334,1018.3,18.5,25.6,0.86,5.4,247,8.8,,,,,,
Vector_CWB_FB_46714D,"2011-12-11 09:00:00",4,2.1,3,1019.5,18.6,25.5,1.07,5.5,270,8.2,,,,,,
Vector_CWB_FB_46714D,"2011-12-11 10:00:00",4.9,3.3,323,1019.6,18.7,25.4,0.85,5.4,258,7.5,,,,,,
Vector_CWB_FB_46714D,"2011-12-11 11:00:00",3.8,2.1,353,1019.1,19.2,25.3,0.77,5.2,247,7.7,,,,,,
Vector_CWB_FB_46714D,"2011-12-11 12:00:00",3,1.9,325,1018.3,19.7,25.3,1.05,5.3,281,7.2,,,,,,
Vector_CWB_FB_46714D,"2011-12-11 13:00:00",4.1,2.6,316,1017.3,19.9,25.4,1,5.2,258,8.3,,,,,,
Vector_CWB_FB_46714D,"2011-12-11 14:00:00",2.5,1.5,308,1016.9,19.5,25.4,1.02,5,281,6,,,,,,
Vector_CWB_FB_46714D,"2011-12-11 15:00:00",5.5,3.9,314,1016.8,19.2,25.4,1.02,5,281,7.4,,,,,,
Vector_CWB_FB_46714D,"2011-12-11 16:00:00",3.8,2.3,305,1016.9,18.9,25.4,1.08,5.1,270,5,,,,,,
Vector_CWB_FB_46714D,"2011-12-11 17:00:00",3.2,2.3,354,1017.4,18.7,25.4,0.98,5.1,270,6.4,,,,,,
Vector_CWB_FB_46714D,"2011-12-11 18:00:00",4.5,3.3,344,1017.6,19,25.6,0.93,5.3,270,9.6,,,,,,
Vector_CWB_FB_46714D,"2011-12-11 19:00:00",4.2,3.1,344,1018,19,25.5,0.99,5.3,270,8.3,,,,,,
Vector_CWB_FB_46714D,"2011-12-11 20:00:00",2.8,2.1,347,1018.2,19.4,25.3,0.8,4.9,281,10.2,,,,,,
Vector_CWB_FB_46714D,"2011-12-11 21:00:00",4.4,3.1,348,1018.1,19.7,25.5,0.71,4.6,213,5.2,,,,,,
Vector_CWB_FB_46714D,"2011-12-11 22:00:00",5.1,3.8,339,1017.8,19.9,25.4,0.78,5,281,10.6,,,,,,
Vector_CWB_FB_46714D,"2011-12-11 23:00:00",4.6,3.3,335,1018,19.8,25.5,0.78,5.1,258,7.1,,,,,,
Vector_CWB_FB_46714D,"2011-12-12 00:00:00",4,2.5,5,1017.9,19.8,25.6,0.72,5.3,292,6.4,,,,,,
Vector_CWB_FB_46714D,"2011-12-12 01:00:00",5,3.5,352,1017.3,19.7,25.7,0.78,5.3,281,7.2,,,,,,
Vector_CWB_FB_46714D,"2011-12-12 02:00:00",5.7,4.1,27,1016.5,19.5,25.7,0.98,5.6,270,6.7,,,,,,
Vector_CWB_FB_46714D,"2011-12-12 03:00:00",4.9,3.3,22,1015.9,19.1,25.5,0.93,5.1,292,6.9,,,,,,
Vector_CWB_FB_46714D,"2011-12-12 04:00:00",5.4,4.1,21,1015.7,19.2,25.3,1.19,5.2,292,5.8,,,,,,
Vector_CWB_FB_46714D,"2011-12-12 05:00:00",3.3,2.5,32,1016,19.2,25.3,1.11,4.6,270,6.4,,,,,,
Vector_CWB_FB_46714D,"2011-12-12 06:00:00",3.9,2.5,11,1016.4,19.3,25.3,1.03,4.6,292,7,,,,,,
Vector_CWB_FB_46714D,"2011-12-12 07:00:00",3.9,2.3,5,1016.8,19.4,25.3,0.85,4.7,292,7.1,,,,,,
Vector_CWB_FB_46714D,"2011-12-12 08:00:00",5.3,3.6,15,1017.4,19.4,25.7,0.79,4.7,270,8.8,,,,,,
Vector_CWB_FB_46714D,"2011-12-12 09:00:00",6.7,5,352,1017.8,19.6,25.5,0.74,5.2,146,9.1,,,,,,
Vector_CWB_FB_46714D,"2011-12-12 10:00:00",5.3,3.9,353,1017.8,20.3,25.7,0.86,5.2,247,10.2,,,,,,
Vector_CWB_FB_46714D,"2011-12-12 11:00:00",4.8,3.2,14,1017.4,20.6,25.5,0.84,5.3,270,7.6,,,,,,
Vector_CWB_FB_46714D,"2011-12-12 12:00:00",3.3,2,359,1016.9,20.4,25.4,0.72,5.1,270,7.6,,,,,,
Vector_CWB_FB_46714D,"2011-12-12 13:00:00",1.9,1.2,31,1015.7,20.7,25.4,0.96,4.9,270,6,,,,,,
Vector_CWB_FB_46714D,"2011-12-12 14:00:00",2.9,1.3,45,1015.2,20.8,25.5,1.03,5.4,281,6.7,,,,,,
Vector_CWB_FB_46714D,"2011-12-12 15:00:00",5.9,3.5,343,1015.4,20.6,25.5,1.08,5.4,258,9.3,,,,,,
Vector_CWB_FB_46714D,"2011-12-12 16:00:00",4.8,3.6,3,1015.3,20,25.6,1.11,5.5,258,8.5,,,,,,
Vector_CWB_FB_46714D,"2011-12-12 17:00:00",4.4,3.2,348,1015.8,19.3,25.5,1.05,5.2,281,6.4,,,,,,
Vector_CWB_FB_46714D,"2011-12-12 18:00:00",4.6,3.3,316,1016,20.1,25.6,1.05,5.5,292,7.1,,,,,,
Vector_CWB_FB_46714D,"2011-12-12 19:00:00",5.9,4.2,322,1016.9,19.8,25.5,1.17,5.5,281,8.5,,,,,,
Vector_CWB_FB_46714D,"2011-12-12 20:00:00",4.5,3.6,336,1016.9,20.1,25.3,0.75,5.3,292,10.6,,,,,,
Vector_CWB_FB_46714D,"2011-12-12 21:00:00",3.8,2.6,350,1016.8,21.1,25.7,0.61,4.6,247,4,,,,,,
Vector_CWB_FB_46714D,"2011-12-12 22:00:00",3.7,2.8,25,1016.7,20.9,25.7,0.57,4.4,258,9.1,,,,,,
Vector_CWB_FB_46714D,"2011-12-12 23:00:00",5.7,3.7,22,1016.2,20.5,25.7,0.61,4.6,281,10.2,,,,,,
Vector_CWB_FB_46714D,"2011-12-13 00:00:00",5.5,3.5,359,1015.9,20.9,25.7,0.58,4.9,281,8.2,,,,,,
Vector_CWB_FB_46714D,"2011-12-13 01:00:00",5.3,4,337,1015.6,21.4,25.7,0.54,4.9,258,7.6,,,,,,
Vector_CWB_FB_46714D,"2011-12-13 02:00:00",4.7,3.6,335,1014.9,21.4,25.7,0.61,5.4,123,7.6,,,,,,
Vector_CWB_FB_46714D,"2011-12-13 03:00:00",3.8,2.9,343,1014.8,21.2,25.7,0.72,5.7,281,8.1,,,,,,
Vector_CWB_FB_46714D,"2011-12-13 04:00:00",3.9,2.6,22,1015,21.1,25.7,0.81,5.3,270,7.4,,,,,,
Vector_CWB_FB_46714D,"2011-12-13 05:00:00",4.1,3.1,20,1015.1,20.7,25.7,1.15,6.1,270,9.1,,,,,,
Vector_CWB_FB_46714D,"2011-12-13 06:00:00",3.6,2.5,39,1015.5,20.8,25.7,1.07,5.5,292,7.6,,,,,,
Vector_CWB_FB_46714D,"2011-12-13 07:00:00",2,1.4,37,1016.2,20.9,25.6,0.9,5,303,5.5,,,,,,
Vector_CWB_FB_46714D,"2011-12-13 08:00:00",2.2,1.3,8,1017.1,21.2,25.6,0.92,4.9,281,5.4,,,,,,
Vector_CWB_FB_46714D,"2011-12-13 09:00:00",3.6,2.2,350,1017.7,21.3,25.6,0.8,5.5,135,8.8,,,,,,
Vector_CWB_FB_46714D,"2011-12-13 10:00:00",5,3.6,329,1017.9,21.4,25.4,0.9,5.5,258,8.1,,,,,,
Vector_CWB_FB_46714D,"2011-12-13 11:00:00",4.3,3.1,16,1017.5,21.1,25.6,0.76,5.2,247,7.6,,,,,,
Vector_CWB_FB_46714D,"2011-12-13 12:00:00",4.1,2.4,18,1016.7,21.2,25.6,0.72,5.2,247,7.7,,,,,,
Vector_CWB_FB_46714D,"2011-12-13 13:00:00",3.8,2.5,325,1015.9,21.1,25.6,0.77,5.6,247,7.1,,,,,,
Vector_CWB_FB_46714D,"2011-12-13 14:00:00",2.8,1.8,19,1015.5,20.9,25.6,0.77,5.8,270,8,,,,,,
Vector_CWB_FB_46714D,"2011-12-13 15:00:00",2.9,2,35,1014.7,21.3,25.7,0.87,5.7,281,7.1,,,,,,
Vector_CWB_FB_46714D,"2011-12-13 16:00:00",3.1,2.1,8,1014.8,21.4,25.7,0.96,5.6,281,6.3,,,,,,
Vector_CWB_FB_46714D,"2011-12-13 17:00:00",3,2.1,8,1015.1,21.5,25.7,1.07,5.8,292,6.9,,,,,,
Vector_CWB_FB_46714D,"2011-12-13 18:00:00",3.6,2.7,9,1015.4,21.7,25.7,0.9,5.5,281,8,,,,,,
Vector_CWB_FB_46714D,"2011-12-13 19:00:00",2.8,1.9,35,1015.7,21.9,25.6,1.02,5.3,281,6.9,,,,,,
Vector_CWB_FB_46714D,"2011-12-13 20:00:00",2.5,1.6,53,1016,22,25.5,0.97,5.4,292,6.8,,,,,,
Vector_CWB_FB_46714D,"2011-12-13 21:00:00",2,1.2,71,1016.7,22.2,25.7,0.55,4.6,247,6,,,,,,
Vector_CWB_FB_46714D,"2011-12-13 22:00:00",,,,1016.6,22.1,25.7,0.74,4.9,270,6.8,,,,,,
Vector_CWB_FB_46714D,"2011-12-13 23:00:00",,,,1016.4,22.3,25.9,0.61,4.5,270,6.4,,,,,,
Vector_CWB_FB_46714D,"2011-12-14 00:00:00",2.1,1.3,284,1016.2,22.9,25.9,0.68,4.7,281,7.3,,,,,,
Vector_CWB_FB_46714D,"2011-12-14 01:00:00",4.8,3.5,338,1016,22.8,25.9,0.81,5.3,281,7.6,,,,,,
Vector_CWB_FB_46714D,"2011-12-14 02:00:00",6.2,4.5,334,1015.5,22.4,25.9,0.85,5.9,270,7.1,,,,,,
Vector_CWB_FB_46714D,"2011-12-14 03:00:00",6.1,4.2,1,1015.8,21.5,25.9,0.55,5.1,258,8.5,,,,,,
Vector_CWB_FB_46714D,"2011-12-14 04:00:00",4,2.6,22,1015.8,21.3,25.9,0.59,5,258,7.5,,,,,,
Vector_CWB_FB_46714D,"2011-12-14 05:00:00",2.4,1.5,13,1015.5,21.4,25.9,0.7,5.2,281,8.5,,,,,,
Vector_CWB_FB_46714D,"2011-12-14 06:00:00",2.7,1.7,49,1016.3,21.5,25.9,0.82,5.1,292,7.4,,,,,,
Vector_CWB_FB_46714D,"2011-12-14 07:00:00",1.9,1.4,5,1016.6,21.6,25.9,0.97,5.6,270,8.1,,,,,,
Vector_CWB_FB_46714D,"2011-12-14 08:00:00",4.2,2.8,358,1017,21.4,25.9,0.91,5,292,7.1,,,,,,
Vector_CWB_FB_46714D,"2011-12-14 09:00:00",2.9,2,348,1017.4,22,25.9,0.82,5,281,5.8,,,,,,
Vector_CWB_FB_46714D,"2011-12-14 10:00:00",2.7,1.8,291,1017.2,22.6,25.6,0.6,4.9,213,8.6,,,,,,
Vector_CWB_FB_46714D,"2011-12-14 11:00:00",3.4,2.5,311,1016.4,23.3,25.5,0.58,5.1,236,7.7,,,,,,
Vector_CWB_FB_46714D,"2011-12-14 12:00:00",4.2,3.3,307,1015.8,23.5,25.8,0.51,4.9,225,8,,,,,,
Vector_CWB_FB_46714D,"2011-12-14 13:00:00",4.3,3.4,317,1014.5,23.4,25.9,0.61,4.5,258,5.9,,,,,,
Vector_CWB_FB_46714D,"2011-12-14 14:00:00",4.8,3.6,311,1014.6,23.4,25.9,0.68,5.3,247,6.3,,,,,,
Vector_CWB_FB_46714D,"2011-12-14 15:00:00",4.2,3.3,315,1014.4,23.5,25.8,0.78,5.2,281,5.8,,,,,,
Vector_CWB_FB_46714D,"2011-12-14 16:00:00",2.8,2.1,280,1014.5,23.8,25.7,0.82,5.3,281,5.6,,,,,,
Vector_CWB_FB_46714D,"2011-12-14 17:00:00",2.9,2.2,301,1014.8,23.7,25.7,0.95,4.9,270,6.4,,,,,,
Vector_CWB_FB_46714D,"2011-12-14 18:00:00",2.5,1.6,295,1015.4,23.4,25.6,1,4.7,292,5.5,,,,,,
Vector_CWB_FB_46714D,"2011-12-14 19:00:00",3.3,2,269,1015.6,23.5,25.7,0.95,4.7,281,7.4,,,,,,
Vector_CWB_FB_46714D,"2011-12-14 20:00:00",3.7,3,252,1015.9,23.7,25.6,0.7,4.4,303,5.1,,,,,,
Vector_CWB_FB_46714D,"2011-12-14 21:00:00",6,5,319,1016.4,23.5,25.2,0.65,4.1,270,5.2,,,,,,
Vector_CWB_FB_46714D,"2011-12-14 22:00:00",6.6,5.1,339,1016.7,22.6,,0.58,4.1,258,5.3,,,,,,
Vector_CWB_FB_46714D,"2011-12-14 23:00:00",3.3,2.6,17,1016.8,22.7,24.5,0.53,4.2,270,5.3,,,,,,
Vector_CWB_FB_46714D,"2011-12-15 00:00:00",,,,1016.7,22.5,25.1,0.48,4,258,4.9,,,,,,
Vector_CWB_FB_46714D,"2011-12-15 01:00:00",1.8,1.4,348,1016.2,22.5,25.2,0.54,4.1,247,5.5,,,,,,
Vector_CWB_FB_46714D,"2011-12-15 02:00:00",1.9,1.2,97,1015.8,22.8,25.4,0.46,4.4,258,8.9,,,,,,
Vector_CWB_FB_46714D,"2011-12-15 03:00:00",2,1.1,125,1015.5,23.1,25.2,0.44,4.5,236,5.8,,,,,,
Vector_CWB_FB_46714D,"2011-12-15 04:00:00",4.6,3.2,287,1015.5,23.4,25.3,0.55,4.5,270,6.7,,,,,,
Vector_CWB_FB_46714D,"2011-12-15 05:00:00",5.4,4.3,326,1015.6,22.5,25.3,0.64,4.3,303,5.6,,,,,,
Vector_CWB_FB_46714D,"2011-12-15 06:00:00",4.3,3.3,336,1016.2,22.2,25.4,0.72,4.6,258,7.4,,,,,,
Vector_CWB_FB_46714D,"2011-12-15 07:00:00",3.8,2.5,348,1016.7,22.2,25.4,0.88,4.7,292,7.3,,,,,,
Vector_CWB_FB_46714D,"2011-12-15 08:00:00",2.1,1.1,8,1017.4,22.3,25.4,0.7,4.2,292,7,,,,,,
Vector_CWB_FB_46714D,"2011-12-15 09:00:00",2.1,1.4,76,1017.7,22.6,25.3,0.74,4.5,247,5.5,,,,,,
Vector_CWB_FB_46714D,"2011-12-15 10:00:00",,,,1017.7,23,25.4,0.59,4.6,292,7.5,,,,,,
Vector_CWB_FB_46714D,"2011-12-15 11:00:00",,,,1016.8,23.7,25.5,0.63,4.5,270,8.6,,,,,,
Vector_CWB_FB_46714D,"2011-12-15 12:00:00",2,1.1,248,1015.5,24.4,25.7,0.63,5,270,7.1,,,,,,
Vector_CWB_FB_46714D,"2011-12-15 13:00:00",3.3,2.1,239,1014.6,24,25.7,0.65,4.7,247,7,,,,,,
Vector_CWB_FB_46714D,"2011-12-15 14:00:00",5,4,315,1014.1,23.8,25.6,0.7,4.8,247,7.8,,,,,,
Vector_CWB_FB_46714D,"2011-12-15 15:00:00",4.2,3.2,317,1013.8,23.5,25.4,0.71,5,247,6.4,,,,,,
Vector_CWB_FB_46714D,"2011-12-15 16:00:00",4.9,3.9,304,1013.9,23.6,25.5,0.65,4.6,270,6.7,,,,,,
Vector_CWB_FB_46714D,"2011-12-15 17:00:00",5.1,3.8,307,1014.4,23.6,25.4,0.85,4.6,247,6.9,,,,,,
Vector_CWB_FB_46714D,"2011-12-15 18:00:00",4.3,3.2,317,1015.1,23.4,25.4,0.97,4.5,270,6.8,,,,,,
Vector_CWB_FB_46714D,"2011-12-15 19:00:00",4.3,2.8,309,1015.5,23.6,25.4,1.06,4.6,281,6.6,,,,,,
Vector_CWB_FB_46714D,"2011-12-15 20:00:00",5.3,4.2,322,1016,23.5,25.3,0.96,4.2,292,5.2,,,,,,
Vector_CWB_FB_46714D,"2011-12-15 21:00:00",6.7,5.2,335,1016.4,22.2,24.9,0.95,4,281,5,,,,,,
Vector_CWB_FB_46714D,"2011-12-15 22:00:00",7.9,6.3,339,1016.5,21.7,25.1,0.85,4.1,303,4,,,,,,
Vector_CWB_FB_46714D,"2011-12-15 23:00:00",8.6,6.7,341,1016.9,21,25.1,0.74,4,303,8.8,,,,,,
Vector_CWB_FB_46714D,"2011-12-16 00:00:00",9.2,6.8,349,1016.8,20.5,25.2,0.65,4.2,146,8.8,,,,,,
Vector_CWB_FB_46714D,"2011-12-16 01:00:00",8.3,6.8,340,1016.8,20.5,25.8,0.55,4.6,157,9.1,,,,,,
Vector_CWB_FB_46714D,"2011-12-16 02:00:00",5.1,3,352,1017.2,20.1,25.8,0.68,4.6,270,7.5,,,,,,
Vector_CWB_FB_46714D,"2011-12-16 03:00:00",4.8,2.4,13,1017.4,19.8,25.3,0.7,4.3,281,5.6,,,,,,
Vector_CWB_FB_46714D,"2011-12-16 04:00:00",4.3,3.1,352,1017.4,20,24.8,1.01,4.6,247,7.2,,,,,,
Vector_CWB_FB_46714D,"2011-12-16 05:00:00",3.7,2.7,358,1017.9,20,24.8,0.89,4.8,281,6.6,,,,,,
Vector_CWB_FB_46714D,"2011-12-16 06:00:00",3.9,2.8,355,1018.6,19.9,24.9,0.79,4.7,270,6,,,,,,
Vector_CWB_FB_46714D,"2011-12-16 07:00:00",3.5,2.6,345,1019.3,19.8,25,0.95,5,258,8.8,,,,,,
Vector_CWB_FB_46714D,"2011-12-16 08:00:00",4,2.6,332,1020.1,20.1,25,0.96,4.8,270,8,,,,,,
Vector_CWB_FB_46714D,"2011-12-16 09:00:00",4.8,3.4,334,1020.7,20.1,25.1,0.9,4.5,303,4.8,,,,,,
Vector_CWB_FB_46714D,"2011-12-16 10:00:00",7.1,5.2,331,1020.2,20,25,0.93,4.1,281,8.3,,,,,,
Vector_CWB_FB_46714D,"2011-12-16 11:00:00",6.3,4.8,327,1019.8,19.9,25.2,0.93,4.3,292,7.3,,,,,,
Vector_CWB_FB_46714D,"2011-12-16 12:00:00",5.6,3.9,320,1019,20.3,25.7,0.74,4.9,270,6.5,,,,,,
Vector_CWB_FB_46714D,"2011-12-16 13:00:00",5.5,4.1,319,1018.3,20.4,25.2,0.61,5.3,101,9.1,,,,,,
Vector_CWB_FB_46714D,"2011-12-16 14:00:00",5.8,4.5,326,1018,20.9,25.2,0.62,4.9,247,8.8,,,,,,
Vector_CWB_FB_46714D,"2011-12-16 15:00:00",6.2,4.3,331,1017.9,21,25.1,1.03,4.7,270,7.3,,,,,,
Vector_CWB_FB_46714D,"2011-12-16 16:00:00",5.7,4.2,339,1018.2,21.1,25.1,0.86,4.5,270,6.9,,,,,,
Vector_CWB_FB_46714D,"2011-12-16 17:00:00",5.2,3.9,331,1019,21.1,25,1.14,4.8,270,5.1,,,,,,
Vector_CWB_FB_46714D,"2011-12-16 18:00:00",6.7,5.1,337,1019.2,21.2,25.1,1.01,4.7,270,8.2,,,,,,
Vector_CWB_FB_46714D,"2011-12-16 19:00:00",6.6,5,338,1019.7,20.6,25.4,1.13,5,270,8,,,,,,
Vector_CWB_FB_46714D,"2011-12-16 20:00:00",5.7,4.6,338,1020.2,20.1,25.2,1.15,4.9,270,8.6,,,,,,
Vector_CWB_FB_46714D,"2011-12-16 21:00:00",6.9,5.2,332,1020.6,19.9,25.1,0.71,5,270,6.5,,,,,,
Vector_CWB_FB_46714D,"2011-12-16 22:00:00",5.8,4.5,348,1021.2,19.5,25.6,0.9,4.6,281,4.8,,,,,,
Vector_CWB_FB_46714D,"2011-12-16 23:00:00",5.1,4,341,1021.4,19.2,25.7,0.83,4.5,281,4.3,,,,,,
Vector_CWB_FB_46714D,"2011-12-17 00:00:00",6.3,4.9,338,1021.7,19,25.7,0.99,4.6,292,5.5,,,,,,
Vector_CWB_FB_46714D,"2011-12-17 01:00:00",5.2,3.7,348,1021.8,18.7,25.7,0.87,4.6,247,5.8,,,,,,
Vector_CWB_FB_46714D,"2011-12-17 02:00:00",3.8,2.3,356,1021.5,18.6,25.4,0.86,4.5,281,8.8,,,,,,
Vector_CWB_FB_46714D,"2011-12-17 03:00:00",4.9,3.7,352,1021.2,18.5,25.5,0.89,4.7,247,7.4,,,,,,
Vector_CWB_FB_46714D,"2011-12-17 04:00:00",4.3,2.9,359,1021.6,18.2,25.6,0.98,5.2,258,5.6,,,,,,
Vector_CWB_FB_46714D,"2011-12-17 05:00:00",3.2,2.3,6,1021.5,18.3,25.5,0.98,5.5,258,7,,,,,,
Vector_CWB_FB_46714D,"2011-12-17 06:00:00",3.2,2.2,26,1022.1,18.3,25.6,0.8,4.9,258,6,,,,,,
Vector_CWB_FB_46714D,"2011-12-17 07:00:00",5,3.4,342,1022.8,18.4,25.5,1,5.3,292,7.6,,,,,,
Vector_CWB_FB_46714D,"2011-12-17 08:00:00",5.6,4.3,348,1023,18.2,25.4,1.31,5.4,270,8,,,,,,
Vector_CWB_FB_46714D,"2011-12-17 09:00:00",5.9,4.6,339,1023.5,18.1,25.4,1.29,5.3,292,6.4,,,,,,
Vector_CWB_FB_46714D,"2011-12-17 10:00:00",5,3.5,345,1023.2,18.6,25.4,1.37,5.2,281,7.4,,,,,,
Vector_CWB_FB_46714D,"2011-12-17 11:00:00",5.6,4.1,322,1022.5,18.8,25.4,1.09,5,281,5.7,,,,,,
Vector_CWB_FB_46714D,"2011-12-17 12:00:00",5,3.4,309,1021.6,19.6,25.6,0.79,4.7,123,5.3,,,,,,
Vector_CWB_FB_46714D,"2011-12-17 13:00:00",5.9,4.1,303,1020.2,19.6,25.6,0.82,5.4,135,8.5,,,,,,
Vector_CWB_FB_46714D,"2011-12-17 14:00:00",5.5,4,315,1019.4,20.3,25.7,0.62,5,225,6.9,,,,,,
Vector_CWB_FB_46714D,"2011-12-17 15:00:00",4.2,2.9,274,1019.2,20.7,25.6,0.69,4.7,225,8.5,,,,,,
Vector_CWB_FB_46714D,"2011-12-17 16:00:00",5.2,3.8,291,1019.2,21,25.4,0.89,4.6,247,5.6,,,,,,
Vector_CWB_FB_46714D,"2011-12-17 17:00:00",5.7,4.3,286,1019.9,20.8,25.3,0.7,5.1,258,8.3,,,,,,
Vector_CWB_FB_46714D,"2011-12-17 18:00:00",5.7,4,314,1020.2,21,25.2,0.84,5.4,281,7,,,,,,
Vector_CWB_FB_46714D,"2011-12-17 19:00:00",6.5,4.3,321,1020.8,20.8,25.3,0.93,4.7,281,8.5,,,,,,
Vector_CWB_FB_46714D,"2011-12-17 20:00:00",6.8,5.1,329,1021.1,20.5,25.3,0.94,5,270,7.7,,,,,,
Vector_CWB_FB_46714D,"2011-12-17 21:00:00",7.5,5.4,334,1021.6,20.2,25.1,0.82,5,270,5.9,,,,,,
Vector_CWB_FB_46714D,"2011-12-17 22:00:00",6.7,5.1,337,1021.6,19.5,25.1,0.75,4.7,270,6,,,,,,
Vector_CWB_FB_46714D,"2011-12-17 23:00:00",6.2,4.9,340,1021.7,19.4,25.2,0.73,4.5,270,6.6,,,,,,
Vector_CWB_FB_46714D,"2011-12-18 00:00:00",4.6,3.5,353,1021.4,19.2,25.4,1.04,4.9,292,5.6,,,,,,
Vector_CWB_FB_46714D,"2011-12-18 01:00:00",5,3.6,356,1021.2,19,25.2,0.87,4.7,281,6.3,,,,,,
Vector_CWB_FB_46714D,"2011-12-18 02:00:00",4.9,3.2,360,1020.9,19,25.1,0.76,4.5,213,5.8,,,,,,
Vector_CWB_FB_46714D,"2011-12-18 03:00:00",3.9,2.8,2,1020.9,19.1,25.5,0.62,4.6,270,7.3,,,,,,
Vector_CWB_FB_46714D,"2011-12-18 04:00:00",3.8,2.7,2,1021.1,19,25.4,0.68,4.8,303,6.3,,,,,,
Vector_CWB_FB_46714D,"2011-12-18 05:00:00",4.3,3.2,10,1021.2,19.2,25.3,0.55,4.9,292,6.8,,,,,,
Vector_CWB_FB_46714D,"2011-12-18 06:00:00",4.4,3.1,21,1021.7,19.4,25.4,0.6,5,292,6.7,,,,,,
Vector_CWB_FB_46714D,"2011-12-18 07:00:00",3.4,2.8,22,1022.5,19.3,25.3,0.63,5.6,146,9.3,,,,,,
Vector_CWB_FB_46714D,"2011-12-18 08:00:00",3.1,2.3,43,1023.1,19.6,25.3,0.62,5.1,146,5.2,,,,,,
Vector_CWB_FB_46714D,"2011-12-18 09:00:00",4,3,31,1023.1,19.7,25.1,0.79,4.8,236,7.4,,,,,,
Vector_CWB_FB_46714D,"2011-12-18 10:00:00",3.8,2.4,20,1022.9,19.8,25.2,0.99,4.8,270,6.4,,,,,,
Vector_CWB_FB_46714D,"2011-12-18 11:00:00",2.5,1.4,47,1022,20.6,25.3,0.88,5,270,7.3,,,,,,
Vector_CWB_FB_46714D,"2011-12-18 12:00:00",3.4,1.9,314,1020.7,21.3,25.2,0.79,4.7,258,7.7,,,,,,
Vector_CWB_FB_46714D,"2011-12-18 13:00:00",3.9,2.8,296,1019.4,21,25.1,0.85,4.9,270,9.6,,,,,,
Vector_CWB_FB_46714D,"2011-12-18 14:00:00",5.7,3.9,312,1018.8,21.5,25.2,0.76,4.9,258,6.6,,,,,,
Vector_CWB_FB_46714D,"2011-12-18 15:00:00",5.1,3.6,306,1018.7,21.4,25.4,0.57,5,146,5.6,,,,,,
Vector_CWB_FB_46714D,"2011-12-18 16:00:00",7.1,5.1,312,1018.5,21.6,25.2,0.66,5.1,157,9.6,,,,,,
Vector_CWB_FB_46714D,"2011-12-18 17:00:00",4.8,3.5,319,1018.8,21.5,25.2,0.52,5,146,6.4,,,,,,
Vector_CWB_FB_46714D,"2011-12-18 18:00:00",5.6,4.1,310,1019.1,21.5,25.2,0.54,5.1,270,6.5,,,,,,
Vector_CWB_FB_46714D,"2011-12-18 19:00:00",5.5,4,342,1019.7,21.3,25.2,0.58,4.8,270,7.3,,,,,,
Vector_CWB_FB_46714D,"2011-12-18 20:00:00",5.6,4,345,1020.2,20.9,25.1,0.94,5,292,6.9,,,,,,
Vector_CWB_FB_46714D,"2011-12-18 21:00:00",5.9,3.9,341,1020.6,20.5,25,0.97,4.9,281,6.7,,,,,,
Vector_CWB_FB_46714D,"2011-12-18 22:00:00",5,3.5,360,1020.6,19.9,25,0.72,5.4,236,9.6,,,,,,
Vector_CWB_FB_46714D,"2011-12-18 23:00:00",3.3,2.3,44,1020.4,19.6,24.9,0.74,4.9,281,6.4,,,,,,
Vector_CWB_FB_46714D,"2011-12-19 00:00:00",2.4,1.5,47,1019.7,19.1,25,0.92,5.1,281,5.9,,,,,,
Vector_CWB_FB_46714D,"2011-12-19 01:00:00",2.5,2,19,1019.3,19.2,25.1,0.71,4.5,292,5.1,,,,,,
Vector_CWB_FB_46714D,"2011-12-19 02:00:00",2.8,2.1,10,1018.9,19.2,25.1,0.64,4.3,281,5.6,,,,,,
Vector_CWB_FB_46714D,"2011-12-19 03:00:00",3.5,2.7,360,1018.3,19.2,25.1,0.58,4.5,236,8.6,,,,,,
Vector_CWB_FB_46714D,"2011-12-19 04:00:00",2.7,2,19,1018.4,19.3,25.1,0.52,4.7,315,7.2,,,,,,
Vector_CWB_FB_46714D,"2011-12-19 05:00:00",3.7,2.9,341,1018.5,19.1,25.1,0.51,4.9,191,9.6,,,,,,
Vector_CWB_FB_46714D,"2011-12-19 06:00:00",4.4,3.2,331,1018.7,19.4,25.1,0.55,5,247,6,,,,,,
Vector_CWB_FB_46714D,"2011-12-19 07:00:00",3.6,2.7,339,1019.2,19.2,25.1,0.5,5,135,9.8,,,,,,
Vector_CWB_FB_46714D,"2011-12-19 08:00:00",4.3,2.6,356,1019.4,19.5,25.1,0.55,5,270,8.1,,,,,,
Vector_CWB_FB_46714D,"2011-12-19 09:00:00",4.2,2.3,26,1020,19.9,25,0.93,5.4,292,5.8,,,,,,
Vector_CWB_FB_46714D,"2011-12-19 10:00:00",4.9,3.5,8,1019.5,19.9,25,0.76,4.7,258,8,,,,,,
Vector_CWB_FB_46714D,"2011-12-19 11:00:00",5.8,4.1,349,1019,20.5,25.1,0.76,4.6,281,6.7,,,,,,
Vector_CWB_FB_46714D,"2011-12-19 12:00:00",4.6,3.4,329,1017.6,21.6,25.1,0.77,4.5,292,7.3,,,,,,
Vector_CWB_FB_46714D,"2011-12-19 13:00:00",5.3,3.5,324,1017,21.8,25.1,0.72,4.2,213,5.1,,,,,,
Vector_CWB_FB_46714D,"2011-12-19 14:00:00",3.4,2.4,302,1016.1,22,25.2,0.74,4.2,281,7.4,,,,,,
Vector_CWB_FB_46714D,"2011-12-19 15:00:00",4.4,2.9,281,1016.1,21.6,25.2,0.61,4.5,78,9.3,,,,,,
Vector_CWB_FB_46714D,"2011-12-19 16:00:00",4.9,3.3,278,1016.1,21.8,25.1,0.63,4.8,258,8.3,,,,,,
Vector_CWB_FB_46714D,"2011-12-19 17:00:00",4.8,3.5,268,1016.4,22,25.1,0.66,5,135,10,,,,,,
Vector_CWB_FB_46714D,"2011-12-19 18:00:00",5,3.7,290,1016.8,22,25.1,0.64,5.4,135,7.8,,,,,,
Vector_CWB_FB_46714D,"2011-12-19 19:00:00",5,3.8,313,1017.4,22,25,0.68,5.4,135,9.1,,,,,,
Vector_CWB_FB_46714D,"2011-12-19 20:00:00",4.3,3.4,298,1017.5,21.9,25.1,0.64,5.3,146,8.9,,,,,,
Vector_CWB_FB_46714D,"2011-12-19 21:00:00",4.8,3.7,296,1017.9,22,24.9,0.8,4.9,258,6.8,,,,,,
Vector_CWB_FB_46714D,"2011-12-19 22:00:00",5.3,4.1,294,1017.9,22,25.1,0.96,5,258,5.9,,,,,,
Vector_CWB_FB_46714D,"2011-12-19 23:00:00",5.9,4.6,305,1017.7,21.8,25.1,0.83,4.8,258,7.6,,,,,,
Vector_CWB_FB_46714D,"2011-12-20 00:00:00",5.8,4.4,344,1017.6,21.4,25.1,0.7,4.6,247,8.3,,,,,,
Vector_CWB_FB_46714D,"2011-12-20 01:00:00",6.4,4.5,342,1017.3,20.9,25.1,0.71,4.3,247,6.4,,,,,,
Vector_CWB_FB_46714D,"2011-12-20 02:00:00",6,4.7,345,1016.8,20.6,25.1,0.74,4.6,258,6.8,,,,,,
Vector_CWB_FB_46714D,"2011-12-20 03:00:00",4.9,3.7,353,1016.9,20.1,25.1,0.75,4.3,270,4.7,,,,,,
Vector_CWB_FB_46714D,"2011-12-20 04:00:00",2.4,1.3,346,1017,19.8,25.2,0.65,4.7,135,8.9,,,,,,
Vector_CWB_FB_46714D,"2011-12-20 05:00:00",2.2,1.3,12,1017.3,19.8,25.1,0.59,5,157,8.1,,,,,,
Vector_CWB_FB_46714D,"2011-12-20 06:00:00",1.9,1.1,351,1017.5,19.7,25.1,0.61,5,146,10.4,,,,,,
Vector_CWB_FB_46714D,"2011-12-20 07:00:00",2,1.1,329,1018.2,20.1,25.1,0.64,5.1,236,6.7,,,,,,
Vector_CWB_FB_46714D,"2011-12-20 08:00:00",2.7,1.7,34,1018.6,20.5,25,0.83,5.5,258,7.4,,,,,,
Vector_CWB_FB_46714D,"2011-12-20 09:00:00",5,3.4,48,1019.5,20.8,25,0.82,5.5,202,6.3,,,,,,
Vector_CWB_FB_46714D,"2011-12-20 10:00:00",3.1,2.1,65,1019.3,20.5,25,0.79,5.1,270,5.6,,,,,,
Vector_CWB_FB_46714D,"2011-12-20 11:00:00",2.5,1.4,106,1018.8,20.7,25.1,0.78,5.2,247,6,,,,,,
Vector_CWB_FB_46714D,"2011-12-20 12:00:00",,,,1017.9,20.9,25.1,0.86,4.9,270,7.1,,,,,,
Vector_CWB_FB_46714D,"2011-12-20 13:00:00",2.7,1.6,164,1016.6,21.1,25.1,0.8,4.6,247,6.4,,,,,,
Vector_CWB_FB_46714D,"2011-12-20 14:00:00",3.1,1.7,226,1015.9,21,25.2,0.82,4.6,292,5.6,,,,,,
Vector_CWB_FB_46714D,"2011-12-20 15:00:00",2.9,1.9,318,1015.5,20.9,25.2,0.66,4.2,292,5.6,,,,,,
Vector_CWB_FB_46714D,"2011-12-20 16:00:00",2.6,1.6,336,1015.3,20.8,25.2,0.79,4.6,292,6.1,,,,,,
Vector_CWB_FB_46714D,"2011-12-20 17:00:00",2.6,1.8,4,1015.8,21.1,25.1,0.92,5.2,292,7.3,,,,,,
Vector_CWB_FB_46714D,"2011-12-20 18:00:00",1.7,1.2,28,1016.1,21.2,25.1,0.82,5.2,292,6.2,,,,,,
Vector_CWB_FB_46714D,"2011-12-20 19:00:00",,,,1016.3,21.3,25,0.72,5.4,236,7,,,,,,
Vector_CWB_FB_46714D,"2011-12-20 20:00:00",,,,1016.5,21.5,25,0.68,5.5,270,6.9,,,,,,
Vector_CWB_FB_46714D,"2011-12-20 21:00:00",,,,1016.6,21.5,24.9,0.6,5.2,168,7.2,,,,,,
Vector_CWB_FB_46714D,"2011-12-20 22:00:00",2.9,1.9,85,1016.1,21.8,24.9,0.76,5.2,247,6.5,,,,,,
Vector_CWB_FB_46714D,"2011-12-20 23:00:00",1.9,1.5,358,1016.1,21.4,24.9,0.87,5.2,247,7.1,,,,,,
Vector_CWB_FB_46714D,"2011-12-21 00:00:00",2.9,2.4,11,1015.2,21.5,25,0.75,4.9,247,6,,,,,,
Vector_CWB_FB_46714D,"2011-12-21 01:00:00",4.1,2.8,10,1015.1,20.8,25,0.69,4.8,270,5.5,,,,,,
Vector_CWB_FB_46714D,"2011-12-21 02:00:00",,,,1014.8,20.5,24.9,0.64,4.5,258,5.2,,,,,,
Vector_CWB_FB_46714D,"2011-12-21 03:00:00",3.9,2.1,31,1014.5,20.6,24.9,0.72,4.6,258,7.8,,,,,,
Vector_CWB_FB_46714D,"2011-12-21 04:00:00",3.7,2.8,33,1014.7,20.1,25,0.81,4.7,303,7.1,,,,,,
Vector_CWB_FB_46714D,"2011-12-21 05:00:00",2.8,1.9,20,1015.1,20.5,25,0.69,4.4,247,6,,,,,,
Vector_CWB_FB_46714D,"2011-12-21 06:00:00",3.3,2.2,12,1015.8,20.4,25.1,0.59,4.8,168,7.8,,,,,,
Vector_CWB_FB_46714D,"2011-12-21 07:00:00",4.2,2.6,336,1016.3,20.7,25,0.65,5.3,135,6.7,,,,,,
Vector_CWB_FB_46714D,"2011-12-21 08:00:00",5,2.9,8,1016.8,20.7,25,0.64,5.6,123,10.6,,,,,,
Vector_CWB_FB_46714D,"2011-12-21 09:00:00",4.3,2.7,20,1017.1,20.7,24.9,0.81,5.3,247,6.4,,,,,,
Vector_CWB_FB_46714D,"2011-12-21 10:00:00",3.4,2.2,3,1017.2,21,25,0.79,5.1,258,7,,,,,,
Vector_CWB_FB_46714D,"2011-12-21 11:00:00",4,2.8,339,1016.9,21.5,25,0.7,5,247,5.2,,,,,,
Vector_CWB_FB_46714D,"2011-12-21 12:00:00",3.7,2.4,323,1016.3,21.7,25.1,0.79,5.4,281,7.3,,,,,,
Vector_CWB_FB_46714D,"2011-12-21 13:00:00",2.5,1.2,299,1015.1,22.1,25.1,0.89,5.1,281,7.2,,,,,,
Vector_CWB_FB_46714D,"2011-12-21 14:00:00",,,,1014.2,22.5,25.1,0.81,4.9,292,8,,,,,,
Vector_CWB_FB_46714D,"2011-12-21 15:00:00",,,,1013.9,23.1,25.1,0.78,4.8,281,6.2,,,,,,
Vector_CWB_FB_46714D,"2011-12-21 16:00:00",1.9,1.1,186,1013.9,22.8,25.1,0.86,4.7,281,6.6,,,,,,
Vector_CWB_FB_46714D,"2011-12-21 17:00:00",1.9,1.3,247,1014.5,22.9,25.1,0.92,4.8,292,4.8,,,,,,
Vector_CWB_FB_46714D,"2011-12-21 18:00:00",,,,1014.9,23,25.1,1.08,5.2,292,6.6,,,,,,
Vector_CWB_FB_46714D,"2011-12-21 19:00:00",,,,1015.4,23.2,25.1,0.75,4.8,270,6.9,,,,,,
Vector_CWB_FB_46714D,"2011-12-21 20:00:00",,,,1015.4,23.3,24.9,0.74,4.7,281,6.3,,,,,,
Vector_CWB_FB_46714D,"2011-12-21 21:00:00",2.9,1.5,219,1015.8,23.3,24.8,0.71,4.9,270,6.4,,,,,,
Vector_CWB_FB_46714D,"2011-12-21 22:00:00",3,2.1,326,1015.7,22.8,24.9,0.71,5,146,7.5,,,,,,
Vector_CWB_FB_46714D,"2011-12-21 23:00:00",5.5,4.3,325,1015.7,22.3,24.8,0.62,5.2,123,8.2,,,,,,
Vector_CWB_FB_46714D,"2011-12-22 00:00:00",5.8,4.5,337,1015.4,21.7,24.8,0.87,5,225,7.8,,,,,,
Vector_CWB_FB_46714D,"2011-12-22 01:00:00",5.9,4.3,349,1014.8,21.4,24.9,0.91,4.9,247,7,,,,,,
Vector_CWB_FB_46714D,"2011-12-22 02:00:00",6,4.8,342,1014.5,21.5,24.8,1.02,5.2,258,6.9,,,,,,
Vector_CWB_FB_46714D,"2011-12-22 03:00:00",6.9,5.5,351,1014.6,21.1,24.8,1.13,5,281,6.8,,,,,,
Vector_CWB_FB_46714D,"2011-12-22 04:00:00",4.7,3.5,33,1014.8,20.9,24.8,1.13,4.8,292,5.4,,,,,,
Vector_CWB_FB_46714D,"2011-12-22 05:00:00",4,2.1,346,1014.8,20.8,24.8,1.03,4.7,292,8.1,,,,,,
Vector_CWB_FB_46714D,"2011-12-22 06:00:00",5.1,3.7,332,1015.4,20.8,24.7,0.89,4.8,236,8.3,,,,,,
Vector_CWB_FB_46714D,"2011-12-22 07:00:00",5.1,3.4,340,1016,20.6,24.6,0.73,4.9,292,6.6,,,,,,
Vector_CWB_FB_46714D,"2011-12-22 08:00:00",5.9,4.2,340,1016.8,20.4,24.5,0.68,5.1,135,7.6,,,,,,
Vector_CWB_FB_46714D,"2011-12-22 09:00:00",5.3,3.8,336,1016.9,20.6,24.7,0.67,5.1,258,6.2,,,,,,
Vector_CWB_FB_46714D,"2011-12-22 10:00:00",5.1,3.7,345,1016.5,20.7,24.8,0.81,5.1,258,7.5,,,,,,
Vector_CWB_FB_46714D,"2011-12-22 11:00:00",6.3,4.6,325,1016.5,21.1,24.8,0.94,5.5,258,6.3,,,,,,
Vector_CWB_FB_46714D,"2011-12-22 12:00:00",6.2,4.8,334,1015.6,20.8,24.8,0.85,5,247,8.5,,,,,,
Vector_CWB_FB_46714D,"2011-12-22 13:00:00",4.6,3.6,319,1014.4,21.2,24.7,0.89,5.1,225,6.4,,,,,,
Vector_CWB_FB_46714D,"2011-12-22 14:00:00",4.7,3.6,318,1013.9,20.9,24.7,0.85,5,270,7.4,,,,,,
Vector_CWB_FB_46714D,"2011-12-22 15:00:00",4.1,3,302,1013.9,21.2,24.6,0.75,4.7,247,6.1,,,,,,
Vector_CWB_FB_46714D,"2011-12-22 16:00:00",3.2,2.3,330,1014.1,21.4,24.6,0.88,4.6,270,4.8,,,,,,
Vector_CWB_FB_46714D,"2011-12-22 17:00:00",3.3,2.2,306,1014.3,21.5,24.6,1.12,5.3,258,6.7,,,,,,
Vector_CWB_FB_46714D,"2011-12-22 18:00:00",4.8,3.4,345,1014.9,21.6,24.5,1.23,5.6,292,6.3,,,,,,
Vector_CWB_FB_46714D,"2011-12-22 19:00:00",8.7,6.4,331,1015.3,20.9,24.5,1.02,5,281,8.2,,,,,,
Vector_CWB_FB_46714D,"2011-12-22 20:00:00",7.5,6.3,344,1015.5,19.6,24.7,1.06,5,292,6,,,,,,
Vector_CWB_FB_46714D,"2011-12-22 21:00:00",7.9,5.9,342,1015.8,19.4,24.7,0.95,4.8,292,6.4,,,,,,
Vector_CWB_FB_46714D,"2011-12-22 22:00:00",7.2,5.1,334,1016,19.5,24.6,0.83,4.6,281,6.9,,,,,,
Vector_CWB_FB_46714D,"2011-12-22 23:00:00",7.1,5.6,348,1016.2,18.7,24.6,0.92,5,270,6.8,,,,,,
Vector_CWB_FB_46714D,"2011-12-23 00:00:00",2.4,1.3,14,1016.1,18.7,24.5,0.9,5,281,8.8,,,,,,
Vector_CWB_FB_46714D,"2011-12-23 01:00:00",4.3,2.5,355,1016.3,18.5,24.5,0.89,5.2,270,5.3,,,,,,
Vector_CWB_FB_46714D,"2011-12-23 02:00:00",5.4,4,343,1016.3,18.5,24.6,0.93,5.5,258,10.4,,,,,,
Vector_CWB_FB_46714D,"2011-12-23 03:00:00",3.7,2.3,38,1016.4,18,24.6,0.79,5.5,270,8.3,,,,,,
Vector_CWB_FB_46714D,"2011-12-23 04:00:00",3.7,2.5,26,1016.1,18.2,24.7,0.77,5.2,270,7.2,,,,,,
Vector_CWB_FB_46714D,"2011-12-23 05:00:00",3.7,2.1,12,1016.5,17.8,24.7,0.89,4.9,270,9.8,,,,,,
Vector_CWB_FB_46714D,"2011-12-23 06:00:00",4.7,2.8,337,1017.2,18.1,24.8,0.9,4.9,270,7.5,,,,,,
Vector_CWB_FB_46714D,"2011-12-23 07:00:00",3,2.2,342,1017.6,17.7,24.7,1.27,5.4,270,9.6,,,,,,
Vector_CWB_FB_46714D,"2011-12-23 08:00:00",3.8,2.8,344,1018.3,17.8,24.7,1.21,5.2,281,6,,,,,,
Vector_CWB_FB_46714D,"2011-12-23 09:00:00",5.1,3.1,332,1018.4,18.3,24.7,0.92,5.3,270,9.3,,,,,,
Vector_CWB_FB_46714D,"2011-12-23 10:00:00",5,3.2,322,1018.5,18.6,24.8,0.87,5.7,270,7,,,,,,
Vector_CWB_FB_46714D,"2011-12-23 11:00:00",4.4,2.9,323,1018.4,18.5,24.5,0.71,5.4,270,7.1,,,,,,
Vector_CWB_FB_46714D,"2011-12-23 12:00:00",4.5,2.8,343,1017.7,18.7,24.6,0.92,5.7,247,8.2,,,,,,
Vector_CWB_FB_46714D,"2011-12-23 13:00:00",5.2,3.5,332,1016.2,19,24.7,1.07,5.3,236,7.5,,,,,,
Vector_CWB_FB_46714D,"2011-12-23 14:00:00",6.6,4.8,317,1015.7,19.2,24.7,0.98,5.7,258,7.8,,,,,,
Vector_CWB_FB_46714D,"2011-12-23 15:00:00",7.2,5.3,331,1015.3,19.5,24.7,0.92,5.1,247,6,,,,,,
Vector_CWB_FB_46714D,"2011-12-23 16:00:00",7.6,5.3,334,1015.5,19.9,24.7,0.96,5.2,258,5.8,,,,,,
Vector_CWB_FB_46714D,"2011-12-23 17:00:00",5.2,4.2,350,1015.7,20,24.7,0.82,5.4,270,7.5,,,,,,
Vector_CWB_FB_46714D,"2011-12-23 18:00:00",3.2,2.3,26,1015.8,20.1,24.6,0.95,6,258,6,,,,,,
Vector_CWB_FB_46714D,"2011-12-23 19:00:00",2.9,2.2,359,1016.7,19.9,24.7,1.21,6.6,270,7.7,,,,,,
Vector_CWB_FB_46714D,"2011-12-23 20:00:00",7.8,6,341,1017.1,19.6,24.8,0.96,5.5,270,5.5,,,,,,
Vector_CWB_FB_46714D,"2011-12-23 21:00:00",7.6,6.2,353,1017.5,18.5,24.7,1.12,5.5,270,6.5,,,,,,
Vector_CWB_FB_46714D,"2011-12-23 22:00:00",8.2,6.3,355,1017.9,18.3,24.8,0.94,5.2,281,6.8,,,,,,
Vector_CWB_FB_46714D,"2011-12-23 23:00:00",8.9,6.6,359,1017.8,17.9,24.8,0.96,5.3,270,8,,,,,,
Vector_CWB_FB_46714D,"2011-12-24 00:00:00",7,4.6,9,1018,17.2,24.7,0.95,5.3,270,7.1,,,,,,
Vector_CWB_FB_46714D,"2011-12-24 01:00:00",6.4,3.9,16,1018,17.1,24.6,1.32,6.5,270,8.5,,,,,,
Vector_CWB_FB_46714D,"2011-12-24 02:00:00",7.1,4.5,7,1017.9,16.9,24.7,0.98,6.1,270,8.1,,,,,,
Vector_CWB_FB_46714D,"2011-12-24 03:00:00",6,3.8,21,1017.7,16.8,24.7,1.03,5.8,270,9.1,,,,,,
Vector_CWB_FB_46714D,"2011-12-24 04:00:00",8.2,6,360,1017.2,17.1,24.7,0.97,5.8,270,7.4,,,,,,
Vector_CWB_FB_46714D,"2011-12-24 05:00:00",7.8,5.9,353,1017.4,16.4,24.7,0.77,5.2,270,8.5,,,,,,
Vector_CWB_FB_46714D,"2011-12-24 06:00:00",8.3,5.8,358,1018.1,16.2,24.6,0.73,4.8,258,7.8,,,,,,
Vector_CWB_FB_46714D,"2011-12-24 07:00:00",6.5,4.2,16,1018.8,15.8,24.6,0.79,4.6,292,5,,,,,,
Vector_CWB_FB_46714D,"2011-12-24 08:00:00",8.1,5.7,356,1019.2,15.9,24.6,0.81,4.8,292,6.6,,,,,,
Vector_CWB_FB_46714D,"2011-12-24 09:00:00",6.3,4.6,355,1019.8,16.2,24.5,0.97,4.7,281,8.1,,,,,,
Vector_CWB_FB_46714D,"2011-12-24 10:00:00",6.4,4.8,345,1019.8,16.8,24.5,0.82,4.8,281,8,,,,,,
Vector_CWB_FB_46714D,"2011-12-24 11:00:00",6.6,4.8,343,1019.4,16.9,24.4,0.76,4.9,292,5.9,,,,,,
Vector_CWB_FB_46714D,"2011-12-24 12:00:00",6.2,4.2,336,1018.9,17.5,24.5,0.68,5,270,9.4,,,,,,
Vector_CWB_FB_46714D,"2011-12-24 13:00:00",6.3,4.7,330,1018.1,17.9,24.4,0.66,5.9,270,9.4,,,,,,
Vector_CWB_FB_46714D,"2011-12-24 14:00:00",6.3,4.7,328,1017.4,18.5,24.3,0.7,6,292,8.5,,,,,,
Vector_CWB_FB_46714D,"2011-12-24 15:00:00",6.1,4.4,330,1017.6,18.9,24.4,1.28,6.2,270,9.8,,,,,,
Vector_CWB_FB_46714D,"2011-12-24 16:00:00",4.7,3,345,1017.8,19.3,24.3,0.79,5.2,258,7.4,,,,,,
Vector_CWB_FB_46714D,"2011-12-24 17:00:00",2.6,1.6,35,1018.5,19.3,24.5,0.75,5.3,258,5.1,,,,,,
Vector_CWB_FB_46714D,"2011-12-24 18:00:00",4,2.1,2,1018.6,19.2,24.4,0.74,5.4,270,6.4,,,,,,
Vector_CWB_FB_46714D,"2011-12-24 19:00:00",8.2,5.8,352,1019.2,18.3,24.5,0.74,4.8,270,6,,,,,,
Vector_CWB_FB_46714D,"2011-12-24 20:00:00",7.5,5.8,338,1019.6,18,24.5,0.69,4.9,270,6.7,,,,,,
Vector_CWB_FB_46714D,"2011-12-24 21:00:00",5.4,3.7,349,1020.1,17.6,24.5,0.88,5,258,7.5,,,,,,
Vector_CWB_FB_46714D,"2011-12-24 22:00:00",4.5,3,350,1020.1,17.5,24.3,0.98,4.5,270,5.7,,,,,,
Vector_CWB_FB_46714D,"2011-12-24 23:00:00",5.5,4.3,334,1020.2,17.4,24.3,0.84,4.4,281,4.9,,,,,,
Vector_CWB_FB_46714D,"2011-12-25 00:00:00",4.4,3.3,353,1020.4,16.8,24.3,0.79,4.6,281,5.6,,,,,,
Vector_CWB_FB_46714D,"2011-12-25 01:00:00",3.5,2.5,354,1020.2,16.7,24.3,0.7,4.8,281,8.2,,,,,,
Vector_CWB_FB_46714D,"2011-12-25 02:00:00",3.8,2.6,349,1020.4,16.9,24.3,0.78,4.8,270,9.8,,,,,,
Vector_CWB_FB_46714D,"2011-12-25 03:00:00",2.9,1.7,29,1020.5,16.6,24.3,0.68,4.4,247,4.5,,,,,,
Vector_CWB_FB_46714D,"2011-12-25 04:00:00",4.3,3.3,45,1020.6,16.7,24.4,0.65,5.1,281,7.7,,,,,,
Vector_CWB_FB_46714D,"2011-12-25 05:00:00",4,3,7,1020.5,16.5,24.3,0.68,5.1,258,8.9,,,,,,
Vector_CWB_FB_46714D,"2011-12-25 06:00:00",2,1.3,11,1021.2,16.8,24.3,0.74,5.1,258,6.2,,,,,,
Vector_CWB_FB_46714D,"2011-12-25 07:00:00",,,,1021.6,17.3,24.3,0.94,5,270,5.9,,,,,,
Vector_CWB_FB_46714D,"2011-12-25 08:00:00",2.1,1.2,353,1022.4,18,24.3,1.03,5.4,258,7.6,,,,,,
Vector_CWB_FB_46714D,"2011-12-25 09:00:00",4.4,2.6,327,1022.9,18.1,24.3,1.08,4.8,270,6.9,,,,,,
Vector_CWB_FB_46714D,"2011-12-25 10:00:00",3.9,2.7,309,1023.3,18.2,24.3,1.13,4.7,258,4.9,,,,,,
Vector_CWB_FB_46714D,"2011-12-25 11:00:00",5.1,3.2,331,1022.6,18,24.3,0.86,4.5,247,5.1,,,,,,
Vector_CWB_FB_46714D,"2011-12-25 12:00:00",5,3.3,309,1021.7,18.6,24.4,0.76,4.8,247,7.2,,,,,,
Vector_CWB_FB_46714D,"2011-12-25 13:00:00",4.6,3.3,306,1020.9,18.9,24.3,0.72,4.9,270,6.1,,,,,,
Vector_CWB_FB_46714D,"2011-12-25 14:00:00",4.8,3.1,290,1020.4,19.2,24.3,0.72,4.9,270,6.8,,,,,,
Vector_CWB_FB_46714D,"2011-12-25 15:00:00",4.3,2.6,298,1020.4,19.1,24.1,0.66,4.8,270,6.4,,,,,,
Vector_CWB_FB_46714D,"2011-12-25 16:00:00",3.4,2.4,273,1020.4,19.4,24.2,1,5.3,258,8,,,,,,
Vector_CWB_FB_46714D,"2011-12-25 17:00:00",3.3,1.9,287,1021.3,19.4,24.2,1.11,5.5,258,7.6,,,,,,
Vector_CWB_FB_46714D,"2011-12-25 18:00:00",3.1,1.8,272,1022,19.6,24.2,0.9,5.1,270,7,,,,,,
Vector_CWB_FB_46714D,"2011-12-25 19:00:00",3.5,2.2,308,1022.3,19.6,24.2,1.18,5.7,270,6.6,,,,,,
Vector_CWB_FB_46714D,"2011-12-25 20:00:00",2.8,1.2,330,1022.9,19.7,24.2,1.12,5.6,270,6.2,,,,,,
Vector_CWB_FB_46714D,"2011-12-25 21:00:00",2.2,1.4,348,1022.9,19.6,24.2,1.09,5.4,270,8,,,,,,
Vector_CWB_FB_46714D,"2011-12-25 22:00:00",2,1.1,349,1022.8,19.9,24.2,1.17,5.1,258,6.5,,,,,,
Vector_CWB_FB_46714D,"2011-12-25 23:00:00",,,,1022.3,19.7,24.1,1.25,5.3,258,8.5,,,,,,
Vector_CWB_FB_46714D,"2011-12-26 00:00:00",5,3.5,311,1022.2,19.7,24,1.1,5.1,270,7.4,,,,,,
Vector_CWB_FB_46714D,"2011-12-26 01:00:00",5.7,3.9,325,1022.2,19.4,24,0.83,4.9,270,8.1,,,,,,
Vector_CWB_FB_46714D,"2011-12-26 02:00:00",3.8,2.1,4,1022.2,18.4,24,0.74,4.8,281,8,,,,,,
Vector_CWB_FB_46714D,"2011-12-26 03:00:00",4.9,3.2,27,1022.4,17.6,23.8,0.71,4.9,135,9.3,,,,,,
Vector_CWB_FB_46714D,"2011-12-26 04:00:00",4.7,3.3,46,1022.4,17.5,23.8,0.73,5.4,292,6.6,,,,,,
Vector_CWB_FB_46714D,"2011-12-26 05:00:00",4.1,3,49,1022.3,17.3,23.8,0.96,5.7,281,6.3,,,,,,
Vector_CWB_FB_46714D,"2011-12-26 06:00:00",3.8,3,48,1022.6,17.5,23.8,0.94,5.3,281,5.9,,,,,,
Vector_CWB_FB_46714D,"2011-12-26 07:00:00",3.7,2.6,42,1023.2,17.4,23.7,0.87,5,281,5.8,,,,,,
Vector_CWB_FB_46714D,"2011-12-26 08:00:00",3.4,2.7,46,1023.6,18.1,23.8,0.91,5,281,4.9,,,,,,
Vector_CWB_FB_46714D,"2011-12-26 09:00:00",3.4,2.4,57,1024,19.2,23.9,0.89,4.6,22,3.7,,,,,,
Vector_CWB_FB_46714D,"2011-12-26 10:00:00",3.4,2,340,1024.1,19.4,23.9,0.85,4.6,258,8.8,,,,,,
Vector_CWB_FB_46714D,"2011-12-26 11:00:00",3.5,2.3,295,1023.8,19.8,23.8,0.81,4.5,270,5.1,,,,,,
Vector_CWB_FB_46714D,"2011-12-26 12:00:00",4,2.8,298,1022.9,20.6,23.7,0.72,4.9,292,5.8,,,,,,
Vector_CWB_FB_46714D,"2011-12-26 13:00:00",5.1,3.5,292,1022.2,20.3,23.1,0.83,4.7,135,7.2,,,,,,
Vector_CWB_FB_46714D,"2011-12-26 14:00:00",5.5,4,306,1021.7,20.5,23.4,0.82,5.2,258,7,,,,,,
Vector_CWB_FB_46714D,"2011-12-26 15:00:00",4.1,3.3,301,1021.3,20.5,23.7,0.62,4.8,258,5.6,,,,,,
Vector_CWB_FB_46714D,"2011-12-26 16:00:00",4.1,2.8,297,1021.4,20.5,23.7,0.93,5.4,247,5.6,,,,,,
Vector_CWB_FB_46714D,"2011-12-26 17:00:00",3.2,2,298,1021.8,20.7,23.9,0.78,5.1,270,8.3,,,,,,
Vector_CWB_FB_46714D,"2011-12-26 18:00:00",3.2,1.4,286,1022.3,20.7,23.9,0.98,5.4,281,7.7,,,,,,
Vector_CWB_FB_46714D,"2011-12-26 19:00:00",4.1,2.5,261,1022.5,20.8,24,0.84,4.7,258,7.4,,,,,,
Vector_CWB_FB_46714D,"2011-12-26 20:00:00",4.8,3.3,265,1022.8,20.9,23.9,0.92,4.7,281,7.2,,,,,,
Vector_CWB_FB_46714D,"2011-12-26 21:00:00",5.7,4.3,315,1022.9,20.7,23.8,0.89,4.6,67,5.5,,,,,,
Vector_CWB_FB_46714D,"2011-12-26 22:00:00",5,3.6,335,1023.1,20.1,23.6,1.05,4.6,258,5.1,,,,,,
Vector_CWB_FB_46714D,"2011-12-26 23:00:00",3.5,2.8,333,1023.1,20,23.4,1.06,4.7,281,7.8,,,,,,
Vector_CWB_FB_46714D,"2011-12-27 00:00:00",2.9,2.1,334,1023.1,19.9,23.3,0.85,4.5,270,10.2,,,,,,
Vector_CWB_FB_46714D,"2011-12-27 01:00:00",4.6,3.6,337,1022.9,19.8,23.5,0.67,5.1,225,9.3,,,,,,
Vector_CWB_FB_46714D,"2011-12-27 02:00:00",2.6,2,35,1023.1,19.3,23.4,0.67,5.1,135,7.3,,,,,,
Vector_CWB_FB_46714D,"2011-12-27 03:00:00",3.1,2.5,21,1022.7,19,23.4,0.61,5.1,258,6.4,,,,,,
Vector_CWB_FB_46714D,"2011-12-27 04:00:00",2.3,1.9,26,1022.5,18.9,23.5,0.55,5,270,6.2,,,,,,
Vector_CWB_FB_46714D,"2011-12-27 05:00:00",2.4,1.9,14,1022.5,18.8,23.5,0.6,5.4,247,9.8,,,,,,
Vector_CWB_FB_46714D,"2011-12-27 06:00:00",4.6,3.8,29,1022.8,18.5,23.5,0.69,5.4,168,9.6,,,,,,
Vector_CWB_FB_46714D,"2011-12-27 07:00:00",3.4,2.9,37,1023.5,17.9,23.5,0.84,5.5,247,8.8,,,,,,
Vector_CWB_FB_46714D,"2011-12-27 08:00:00",4.6,3.7,5,1023.9,18.5,23.5,0.99,5,270,6.5,,,,,,
Vector_CWB_FB_46714D,"2011-12-27 09:00:00",3.6,1.8,352,1024.2,19.3,23.5,0.84,4.9,281,5.7,,,,,,
Vector_CWB_FB_46714D,"2011-12-27 10:00:00",6,4.2,354,1023.6,19.6,23.5,0.77,4.7,270,5.4,,,,,,
Vector_CWB_FB_46714D,"2011-12-27 11:00:00",2.7,1.3,132,1023.2,21.4,23.7,0.69,4.9,270,5.8,,,,,,
Vector_CWB_FB_46714D,"2011-12-27 12:00:00",3.4,1.8,294,1021.9,20.9,23.6,0.72,5,281,6.4,,,,,,
Vector_CWB_FB_46714D,"2011-12-27 13:00:00",4.1,3,290,1020.9,21.1,23.7,0.59,4.6,135,8.9,,,,,,
Vector_CWB_FB_46714D,"2011-12-27 14:00:00",4,2.9,302,1020.2,21,23.7,0.66,5.2,247,6.1,,,,,,
Vector_CWB_FB_46714D,"2011-12-27 15:00:00",4.6,3.4,300,1020,21.2,23.5,0.59,5.5,292,6.5,,,,,,
Vector_CWB_FB_46714D,"2011-12-27 16:00:00",2.3,1.1,249,1019.7,20.8,23.3,0.58,5,202,7,,,,,,
Vector_CWB_FB_46714D,"2011-12-27 17:00:00",,,,1020.3,21,23.3,0.8,5.2,270,5.7,,,,,,
Vector_CWB_FB_46714D,"2011-12-27 18:00:00",3.4,2.4,310,1020.8,21.2,23.2,0.86,4.9,292,7.2,,,,,,
Vector_CWB_FB_46714D,"2011-12-27 19:00:00",3.7,2.6,312,1021.2,21.1,23.3,0.82,5,292,6.2,,,,,,
Vector_CWB_FB_46714D,"2011-12-27 20:00:00",4.4,3.3,320,1021.4,21.3,23.2,1.05,5.2,258,7.1,,,,,,
Vector_CWB_FB_46714D,"2011-12-27 21:00:00",3.5,2.4,302,1021.8,21.4,23.1,1.14,5.5,258,6.3,,,,,,
Vector_CWB_FB_46714D,"2011-12-27 22:00:00",4.1,2.6,343,1021.7,20.7,23.6,0.98,4.9,281,6.2,,,,,,
Vector_CWB_FB_46714D,"2011-12-27 23:00:00",5.5,3.8,346,1021.8,20.1,23.5,1.03,4.8,292,5.2,,,,,,
Vector_CWB_FB_46714D,"2011-12-28 00:00:00",4.5,3.4,337,1021.8,19.9,23.7,0.87,4.6,292,5.6,,,,,,
Vector_CWB_FB_46714D,"2011-12-28 01:00:00",4.3,2.9,29,1022.3,19.4,23.8,0.7,4.7,213,8.8,,,,,,
Vector_CWB_FB_46714D,"2011-12-28 02:00:00",4.4,3.2,26,1021.6,19.3,23.8,0.62,4.8,270,5.6,,,,,,
Vector_CWB_FB_46714D,"2011-12-28 03:00:00",4.7,3.4,23,1021,18.9,23.7,0.71,5.8,191,8.5,,,,,,
Vector_CWB_FB_46714D,"2011-12-28 04:00:00",9.2,7.2,32,1020.2,18.8,23.7,0.72,6.2,270,7.5,,,,,,
Vector_CWB_FB_46714D,"2011-12-28 05:00:00",6.8,5.3,14,1020.9,18.7,23.6,0.71,5,247,6.8,,,,,,
Vector_CWB_FB_46714D,"2011-12-28 06:00:00",7.2,5.6,4,1021.1,18.6,23.5,0.75,5.2,258,6.8,,,,,,
Vector_CWB_FB_46714D,"2011-12-28 07:00:00",6.9,5.2,359,1021.8,19,23.6,0.85,6,281,9.8,,,,,,
Vector_CWB_FB_46714D,"2011-12-28 08:00:00",7.3,5.5,353,1022.5,19.1,23.6,1.07,5.6,258,7.1,,,,,,
Vector_CWB_FB_46714D,"2011-12-28 09:00:00",4.9,3.9,342,1022.4,19.6,23.5,1.2,5.3,270,7.2,,,,,,
Vector_CWB_FB_46714D,"2011-12-28 10:00:00",,,,1022.2,20.3,23.6,1.01,5.1,281,5.8,,,,,,
Vector_CWB_FB_46714D,"2011-12-28 11:00:00",3.9,2.5,299,1021.5,20.8,23.8,0.9,5.2,247,7.8,,,,,,
Vector_CWB_FB_46714D,"2011-12-28 12:00:00",5.2,4.1,317,1020.8,21,23.9,0.72,4.8,292,6.4,,,,,,
Vector_CWB_FB_46714D,"2011-12-28 13:00:00",5.1,4,317,1019.6,21.4,24,0.75,5.1,292,6.5,,,,,,
Vector_CWB_FB_46714D,"2011-12-28 14:00:00",6,4.8,315,1019.1,21.8,23.8,0.71,5.1,270,6.6,,,,,,
Vector_CWB_FB_46714D,"2011-12-28 15:00:00",6.6,5.5,326,1018.3,21.4,23.2,0.6,4.6,123,5.8,,,,,,
Vector_CWB_FB_46714D,"2011-12-28 16:00:00",5.9,4.4,325,1018.4,21.7,23.4,0.68,5,225,5.7,,,,,,
Vector_CWB_FB_46714D,"2011-12-28 17:00:00",5.6,4.3,336,1018.8,21.6,23.5,0.81,5.3,135,7.4,,,,,,
Vector_CWB_FB_46714D,"2011-12-28 18:00:00",5.3,3.9,337,1019.3,21.5,23.6,0.91,5,270,6.5,,,,,,
Vector_CWB_FB_46714D,"2011-12-28 19:00:00",3.7,2,337,1019.8,21.5,23.6,0.82,5,270,5.7,,,,,,
Vector_CWB_FB_46714D,"2011-12-28 20:00:00",2.1,1.2,263,1020.1,21.6,23.6,0.96,5.4,258,5.2,,,,,,
Vector_CWB_FB_46714D,"2011-12-28 21:00:00",4.2,2.3,336,1019.6,21.1,23.8,1.21,5.7,281,6.6,,,,,,
Vector_CWB_FB_46714D,"2011-12-28 22:00:00",5,3.7,347,1019.5,20.8,23.7,1.09,5.4,281,6.6,,,,,,
Vector_CWB_FB_46714D,"2011-12-28 23:00:00",3.4,2.3,53,1019.3,20.5,23.7,1.05,5.1,270,5.5,,,,,,
Vector_CWB_FB_46714D,"2011-12-29 00:00:00",2.8,2,28,1018.9,20.1,23.5,1.17,5.4,258,6.4,,,,,,
Vector_CWB_FB_46714D,"2011-12-29 01:00:00",2,1.4,35,1018.8,19.7,23.6,1.01,4.9,281,6.8,,,,,,
Vector_CWB_FB_46714D,"2011-12-29 02:00:00",2.5,1.5,358,1018.3,19.6,23.6,0.99,5.6,168,10.8,,,,,,
Vector_CWB_FB_46714D,"2011-12-29 03:00:00",4.4,3.5,345,1017.9,19.9,23.4,0.71,5.3,157,10,,,,,,
Vector_CWB_FB_46714D,"2011-12-29 04:00:00",5.4,4,347,1018.1,19.5,23.4,0.72,5.7,157,9.6,,,,,,
Vector_CWB_FB_46714D,"2011-12-29 05:00:00",2.9,2.1,35,1018.1,19.2,23.4,0.92,6.8,191,11.1,,,,,,
Vector_CWB_FB_46714D,"2011-12-29 06:00:00",3.1,2.4,32,1018.7,19.5,23.4,0.87,6.5,168,8.1,,,,,,
Vector_CWB_FB_46714D,"2011-12-29 07:00:00",4.9,3.1,343,1019.4,20.1,23.4,0.92,6.7,157,8.8,,,,,,
Vector_CWB_FB_46714D,"2011-12-29 08:00:00",3.7,2.7,25,1020,19.5,23.4,0.92,6.5,258,7.2,,,,,,
Vector_CWB_FB_46714D,"2011-12-29 09:00:00",4,2.5,36,1020.5,20,23.4,0.99,5.7,281,6.1,,,,,,
Vector_CWB_FB_46714D,"2011-12-29 10:00:00",2.2,1.2,79,1019.9,21.1,23.5,1.16,5.2,281,6.4,,,,,,
Vector_CWB_FB_46714D,"2011-12-29 11:00:00",3.7,2.7,346,1019.4,21.6,23.5,1.01,5.2,281,5.8,,,,,,
Vector_CWB_FB_46714D,"2011-12-29 12:00:00",2.6,1.9,282,1018.3,21.4,23.5,0.9,5.1,270,5.7,,,,,,
Vector_CWB_FB_46714D,"2011-12-29 13:00:00",4.1,3.2,288,1017.6,21.5,23.5,0.76,5,157,5.6,,,,,,
Vector_CWB_FB_46714D,"2011-12-29 14:00:00",6.9,5.5,315,1017.1,20.8,23.6,0.81,5.4,135,10,,,,,,
Vector_CWB_FB_46714D,"2011-12-29 15:00:00",7.4,5.3,322,1016.6,21.3,23.6,0.67,4.8,101,7.4,,,,,,
Vector_CWB_FB_46714D,"2011-12-29 16:00:00",5.2,3.9,305,1017,21.6,23.5,0.7,4.7,292,7.2,,,,,,
Vector_CWB_FB_46714D,"2011-12-29 17:00:00",6,4.6,320,1017.5,21.5,23.4,0.82,5.3,247,6.5,,,,,,
Vector_CWB_FB_46714D,"2011-12-29 18:00:00",4.1,2.8,330,1017.9,22,23.3,0.92,5.3,292,6,,,,,,
Vector_CWB_FB_46714D,"2011-12-29 19:00:00",3.2,1.9,332,1018.2,22.3,23.4,1.07,5.6,281,6.9,,,,,,
Vector_CWB_FB_46714D,"2011-12-29 20:00:00",1.9,1.3,339,1018.4,22,23.6,1.14,5.7,270,7,,,,,,
Vector_CWB_FB_46714D,"2011-12-29 21:00:00",3.2,2.2,333,1018.8,22.1,23.5,1.33,6,281,6.6,,,,,,
Vector_CWB_FB_46714D,"2011-12-29 22:00:00",5.6,4.3,329,1018.5,21.8,23.5,1.34,6,270,7.1,,,,,,
Vector_CWB_FB_46714D,"2011-12-29 23:00:00",4.2,3.2,349,1018.4,21.4,23.5,1.13,5.6,270,6,,,,,,
Vector_CWB_FB_46714D,"2011-12-30 00:00:00",4.5,3.3,335,1018.5,21.3,23.5,1.08,5.3,258,7.7,,,,,,
Vector_CWB_FB_46714D,"2011-12-30 01:00:00",4.8,3.5,337,1018.5,20.7,23.5,1.1,5.1,258,6.7,,,,,,
Vector_CWB_FB_46714D,"2011-12-30 02:00:00",5.2,4,331,1018.5,20.4,23.5,1.04,5.5,258,7.2,,,,,,
Vector_CWB_FB_46714D,"2011-12-30 03:00:00",6.1,4.4,349,1018.3,20.2,23.5,1.04,5.4,281,6.8,,,,,,
Vector_CWB_FB_46714D,"2011-12-30 04:00:00",5.1,3.7,354,1018.9,20.1,23.4,0.96,5.4,258,7.4,,,,,,
Vector_CWB_FB_46714D,"2011-12-30 05:00:00",5.9,4.5,2,1019.2,20.1,23.5,0.94,5.7,270,6.6,,,,,,
Vector_CWB_FB_46714D,"2011-12-30 06:00:00",4.5,3.4,10,1019.9,20,23.5,0.93,6,225,7.5,,,,,,
Vector_CWB_FB_46714D,"2011-12-30 07:00:00",6.9,4.9,351,1020.7,19.4,23.4,0.9,5.8,270,8.8,,,,,,
Vector_CWB_FB_46714D,"2011-12-30 08:00:00",6.4,4.4,343,1021.5,19.5,23.4,1.04,6.3,180,8.8,,,,,,
Vector_CWB_FB_46714D,"2011-12-30 09:00:00",4.4,2.9,360,1022.1,19.2,23.5,1.06,6,270,7,,,,,,
Vector_CWB_FB_46714D,"2011-12-30 10:00:00",2.7,2,7,1022,19.5,23.4,1.01,5.7,168,9.3,,,,,,
Vector_CWB_FB_46714D,"2011-12-30 11:00:00",3.8,2.4,304,1021.7,19.6,23.4,1,5.3,225,8.9,,,,,,
Vector_CWB_FB_46714D,"2011-12-30 12:00:00",3.8,2.6,323,1020.9,19.5,23.4,1.06,5.5,270,8.1,,,,,,
Vector_CWB_FB_46714D,"2011-12-30 13:00:00",3.1,2.2,216,1019.3,19.4,23.5,1.12,5.5,281,8,,,,,,
Vector_CWB_FB_46714D,"2011-12-30 14:00:00",4.6,3.6,273,1018.8,19.7,23.5,1.19,5.2,270,8.9,,,,,,
Vector_CWB_FB_46714D,"2011-12-30 15:00:00",4.4,3.1,248,1018.5,20,23.5,1.06,5.7,247,9.3,,,,,,
Vector_CWB_FB_46714D,"2011-12-30 16:00:00",5.6,4.5,269,1018.7,20.3,23.3,0.93,5.3,258,7,,,,,,
Vector_CWB_FB_46714D,"2011-12-30 17:00:00",5.6,4.5,295,1018.9,20.4,23.1,0.93,5.1,258,8.6,,,,,,
Vector_CWB_FB_46714D,"2011-12-30 18:00:00",6.7,5,319,1019.7,20.5,23.2,0.89,5,258,7.2,,,,,,
Vector_CWB_FB_46714D,"2011-12-30 19:00:00",5,4.1,314,1020.1,20.6,23.3,0.94,5,270,7.1,,,,,,
Vector_CWB_FB_46714D,"2011-12-30 20:00:00",5.7,4.5,327,1020.7,20.4,23.3,1.07,5.6,270,8.5,,,,,,
Vector_CWB_FB_46714D,"2011-12-30 21:00:00",6,4.6,313,1020.9,20.5,23.3,0.94,5.5,258,7.2,,,,,,
Vector_CWB_FB_46714D,"2011-12-30 22:00:00",5.1,4,304,1020.8,20.4,23.1,0.96,5.7,258,7.1,,,,,,
Vector_CWB_FB_46714D,"2011-12-30 23:00:00",5.4,4.3,306,1020.4,20.3,23,0.96,5.4,258,5.2,,,,,,
Vector_CWB_FB_46714D,"2011-12-31 00:00:00",5.7,4.5,317,1020.6,20,23,1.07,5.5,270,6.2,,,,,,
Vector_CWB_FB_46714D,"2011-12-31 01:00:00",5.8,4.6,329,1020.5,19.8,23,1.12,5.4,258,7.1,,,,,,
Vector_CWB_FB_46714D,"2011-12-31 02:00:00",5.4,4.3,338,1020.1,19.7,22.8,1.3,5.6,270,7.8,,,,,,
Vector_CWB_FB_46714D,"2011-12-31 03:00:00",6.1,5,346,1019.9,19.3,22.6,1.32,5.5,270,6.4,,,,,,
Vector_CWB_FB_46714D,"2011-12-31 04:00:00",7.5,5.9,336,1020.2,19.2,22.5,1.17,5.5,270,8,,,,,,
Vector_CWB_FB_46714D,"2011-12-31 05:00:00",6.9,5.2,343,1020.6,18.9,,1.07,5.5,270,7.6,,,,,,
Vector_CWB_FB_46714D,"2011-12-31 06:00:00",5,3.2,352,1021.3,18.5,,1.06,5.7,281,7.1,,,,,,
Vector_CWB_FB_46714D,"2011-12-31 07:00:00",2.7,1.8,11,1022,18.9,,0.93,5.5,281,6.2,,,,,,
Vector_CWB_FB_46714D,"2011-12-31 08:00:00",3.5,2.4,344,1022.3,19.2,,0.84,5.7,281,5.9,,,,,,
Vector_CWB_FB_46714D,"2011-12-31 09:00:00",4.3,3.3,346,1022.6,19.6,,0.95,5.5,236,8.5,,,,,,
Vector_CWB_FB_46714D,"2011-12-31 10:00:00",5.1,3.4,3,1022.8,19.4,,1.07,5.8,270,6.4,,,,,,
Vector_CWB_FB_46714D,"2011-12-31 11:00:00",5.9,4.2,12,1021.7,19.7,,0.95,5.6,270,6.8,,,,,,
Vector_CWB_FB_46714D,"2011-12-31 12:00:00",6.3,4.5,15,1020.6,19.7,,1,5.1,258,5.6,,,,,,
Vector_CWB_FB_46714D,"2011-12-31 13:00:00",6,4.4,29,1019.4,20.1,,0.84,5.1,258,5.8,,,,,,
Vector_CWB_FB_46714D,"2011-12-31 14:00:00",5.4,3.7,25,1018.9,20.3,,0.91,5,281,5.4,,,,,,
Vector_CWB_FB_46714D,"2011-12-31 15:00:00",5.7,3,346,1018.7,20.7,,1.14,5.2,281,7.4,,,,,,
Vector_CWB_FB_46714D,"2011-12-31 16:00:00",6.2,4.8,334,1019.2,19.8,,0.91,4.9,281,6.8,,,,,,
Vector_CWB_FB_46714D,"2011-12-31 17:00:00",6.1,4.8,333,1019.4,19.9,,0.86,5.2,281,6.7,,,,,,
Vector_CWB_FB_46714D,"2011-12-31 18:00:00",6.7,5.4,340,1019.5,19.7,,0.83,5.2,213,9.6,,,,,,
Vector_CWB_FB_46714D,"2011-12-31 19:00:00",5.3,4.1,353,1019.8,19.8,,0.76,5,270,5.3,,,,,,
Vector_CWB_FB_46714D,"2011-12-31 20:00:00",6.4,4.1,10,1020.1,19.1,,0.65,5,258,5.8,,,,,,
Vector_CWB_FB_46714D,"2011-12-31 21:00:00",5.6,4.4,351,1020.4,19.3,,0.77,5.4,258,6.4,,,,,,
Vector_CWB_FB_46714D,"2011-12-31 22:00:00",5.7,4.1,334,1020.2,19.5,,0.92,5.4,270,6,,,,,,
Vector_CWB_FB_46714D,"2011-12-31 23:00:00",6.5,5.2,349,1020.1,18.8,,1.09,5.6,270,7.1,,,,,,
